3|20|0.7962962962962963|0.0012986660003662|
3|21|0.7777777777777778|0.0009424686431884|0.0012714862823486
3|22|0.8055555555555556|0.0009665489196777|0.0012838840484619
3|23|0.8148148148148148|0.0009276866912841|0.0013098716735839
3|24|0.8055555555555556|0.0009920597076416|0.0013980865478515
3|25|0.8240740740740741|0.0009772777557373|0.001408576965332
3|26|0.8240740740740741|0.0009810924530029|0.0014510154724121
3|27|0.8055555555555556|0.0009925365447998|0.001575231552124
3|28|0.8148148148148148|0.0009810924530029|0.0015852451324462
3|29|0.7962962962962963|0.0009853839874267|0.0016286373138427
3|30|0.8148148148148148|0.0009820461273193|0.0017147064208984
3|31|0.8518518518518519|0.0009806156158447|0.0016930103302001
3|32|0.8333333333333334|0.0009741783142089|0.0017554759979248
3|33|0.7962962962962963|0.000990867614746|0.001833438873291
3|34|0.7870370370370371|0.0009963512420654|0.001784324645996
3|35|0.7870370370370371|0.0009913444519042|0.0018353462219238
3|36|0.7870370370370371|0.001049518585205|0.0019359588623046
3|37|0.7870370370370371|0.0010099411010742|0.0019676685333251
3|38|0.8055555555555556|0.0010490417480468|0.0020465850830078
3|39|0.8240740740740741|0.0010135173797607|0.0020062923431396
3|40|0.8055555555555556|0.0010395050048828|0.0019717216491699
3|41|0.8148148148148148|0.0010063648223876|0.0020134449005126
3|42|0.7962962962962963|0.0010392665863037|0.0021255016326904
3|43|0.8055555555555556|0.0010352134704589|0.0021734237670898
3|44|0.8148148148148148|0.0010504722595214|0.0022315979003906
3|45|0.8148148148148148|0.001047134399414|0.0021703243255615
3|46|0.7962962962962963|0.0010826587677001|0.002199649810791
3|47|0.7870370370370371|0.0010566711425781|0.0022516250610351
3|48|0.7870370370370371|0.0011055469512939|0.0023262500762939
3|49|0.7962962962962963|0.0010604858398437|0.0023698806762695
3|50|0.7777777777777778|0.0011177062988281|0.0023441314697265
3|51|0.7592592592592593|0.001101016998291|0.0024783611297607
3|52|0.7777777777777778|0.0011112689971923|0.0025403499603271
3|53|0.7592592592592593|0.001108169555664|0.0026009082794189
3|54|0.7685185185185185|0.0011441707611083|0.0026881694793701
3|55|0.7685185185185185|0.0011165142059326|0.0026957988739013
3|56|0.7685185185185185|0.0011525154113769|0.0027711391448974
3|57|0.7870370370370371|0.0011279582977294|0.0027389526367187
3|58|0.7870370370370371|0.0011758804321289|0.0028631687164306
3|59|0.7870370370370371|0.0011847019195556|0.0028357505798339
3|60|0.7962962962962963|0.0012211799621582|0.002821922302246
3|61|0.7962962962962963|0.0011613368988037|0.0029687881469726
3|62|0.7962962962962963|0.0012469291687011|0.0027720928192138
3|63|0.7962962962962963|0.0011956691741943|0.0027906894683837
3|64|0.8148148148148148|0.0012121200561523|0.0030152797698974
3|65|0.8055555555555556|0.0011935234069824|0.0028626918792724
3|66|0.7962962962962963|0.001211404800415|0.0029158592224121
3|67|0.7962962962962963|0.0012290477752685|0.0031850337982177
3|68|0.7962962962962963|0.0012471675872802|0.0030884742736816
3|69|0.7870370370370371|0.001267671585083|0.0032341480255126
3|70|0.7870370370370371|0.0012621879577636|0.0030703544616699
3|71|0.7777777777777778|0.0012962818145751|0.0033276081085205
3|72|0.7777777777777778|0.0012826919555664|0.0031027793884277
3|73|0.7870370370370371|0.0012955665588378|0.0033845901489257
3|74|0.7870370370370371|0.0013096332550048|0.003119945526123
3|75|0.7870370370370371|0.001331090927124|0.0032298564910888
3|76|0.7870370370370371|0.001347541809082|0.0034096240997314
3|77|0.7777777777777778|0.0013585090637207|0.0032718181610107
3|78|0.7777777777777778|0.001354694366455|0.0034155845642089
3|79|0.7777777777777778|0.0013704299926757|0.0032765865325927
3|80|0.7685185185185185|0.0013701915740966|0.0033059120178222
3|81|0.7685185185185185|0.0014104843139648|0.0034856796264648
3|82|0.7685185185185185|0.0014102458953857|0.0034434795379638
3|83|0.7870370370370371|0.0014233589172363|0.0036530494689941
3|84|0.7870370370370371|0.0014419555664062|0.003568410873413
3|85|0.7870370370370371|0.0014693737030029|0.0034770965576171
3|86|0.7870370370370371|0.0014436244964599|0.0034897327423095
3|87|0.7870370370370371|0.0014770030975341|0.0035104751586914
3|88|0.7870370370370371|0.0015070438385009|0.0037844181060791
3|89|0.7870370370370371|0.0014996528625488|0.0038063526153564
3|90|0.7777777777777778|0.0015208721160888|0.0035839080810546
3|91|0.7777777777777778|0.0015339851379394|0.0035946369171142
3|92|0.7777777777777778|0.0015490055084228|0.0036554336547851
3|93|0.7777777777777778|0.0015516281127929|0.003936767578125
3|94|0.7777777777777778|0.0015919208526611|0.0038039684295654
3|95|0.7777777777777778|0.0015854835510253|0.0038790702819824
3|96|0.7777777777777778|0.0016088485717773|0.0038528442382812
3|97|0.7777777777777778|0.0016140937805175|0.0038089752197265
3|98|0.7777777777777778|0.0016407966613769|0.003793716430664
3|99|0.7777777777777778|0.0017013549804687|0.0038392543792724
3|100|0.7777777777777778|0.0016491413116455|0.0038971900939941
3|101|0.7777777777777778|0.0016887187957763|0.0042123794555664
3|102|0.7777777777777778|0.0018568038940429|0.003969669342041
3|103|0.7777777777777778|0.0019638538360595|0.0039596557617187
3|104|0.7777777777777778|0.0019457340240478|0.0039715766906738
3|105|0.7777777777777778|0.0019783973693847|0.0039646625518798
3|106|0.7777777777777778|0.001983642578125|0.0041103363037109
3|107|0.7777777777777778|0.0019922256469726|0.0039949417114257
3|108|0.7777777777777778|0.0020480155944824|0.004035472869873
3|109|0.7777777777777778|0.0020418167114257|0.0040273666381835
3|110|0.7777777777777778|0.0020191669464111|0.0040557384490966
3|111|0.7777777777777778|0.0020384788513183|0.0040340423583984
3|112|0.7777777777777778|0.002032995223999|0.0040791034698486
3|113|0.7777777777777778|0.0020818710327148|0.0040709972381591
3|114|0.7777777777777778|0.0020487308502197|0.0041193962097167
3|115|0.7777777777777778|0.0021090507507324|0.0041429996490478
3|116|0.7777777777777778|0.0020878314971923|0.0041365623474121
3|117|0.7777777777777778|0.0020830631256103|0.004150390625
3|118|0.7777777777777778|0.0020954608917236|0.0041940212249755
3|119|0.7777777777777778|0.0020809173583984|0.0042116641998291
3|120|0.7777777777777778|0.0021276473999023|0.0041823387145996
3|121|0.7777777777777778|0.0020785331726074|0.0042481422424316
3|122|0.7777777777777778|0.0021138191223144|0.004199743270874
3|123|0.7777777777777778|0.0021183490753173|0.0042340755462646
3|124|0.7777777777777778|0.002134084701538|0.0041913986206054
3|125|0.7777777777777778|0.0021722316741943|0.0042474269866943
3|126|0.7777777777777778|0.0021796226501464|0.0043427944183349
3|127|0.7777777777777778|0.0021829605102539|0.0046248435974121
3|128|0.7777777777777778|0.0022165775299072|0.0043730735778808
3|129|0.7777777777777778|0.0022287368774414|0.0045909881591796
3|130|0.7777777777777778|0.0022406578063964|0.0046024322509765
3|131|0.7777777777777778|0.0022337436676025|0.0045299530029296
3|132|0.7777777777777778|0.002249002456665|0.0048093795776367
3|133|0.7777777777777778|0.0022780895233154|0.004629373550415
3|134|0.7777777777777778|0.0022945404052734|0.0044114589691162
3|135|0.7777777777777778|0.0022833347320556|0.0044887065887451
3|136|0.7777777777777778|0.0022809505462646|0.0045328140258789
3|137|0.7777777777777778|0.0023388862609863|0.0043823719024658
3|138|0.7777777777777778|0.0023260116577148|0.0046007633209228
3|139|0.7870370370370371|0.002335786819458|0.0046069622039794
3|140|0.7870370370370371|0.0023531913757324|0.0046217441558837
7|20|0.7129629629629629|0.0012602806091308|
7|21|0.75|0.0009500980377197|0.0013813972473144
7|22|0.7685185185185185|0.0009844303131103|0.0013222694396972
7|23|0.7870370370370371|0.0009629726409912|0.0014214515686035
7|24|0.8055555555555556|0.0009763240814208|0.0014519691467285
7|25|0.8055555555555556|0.0009658336639404|0.0015006065368652
7|26|0.7870370370370371|0.0009698867797851|0.0014829635620117
7|27|0.7870370370370371|0.0009663105010986|0.0015304088592529
7|28|0.7962962962962963|0.0009877681732177|0.0015995502471923
7|29|0.7962962962962963|0.001007080078125|0.001631736755371
7|30|0.7962962962962963|0.0010991096496582|0.001739501953125
7|31|0.7962962962962963|0.0010101795196533|0.0017085075378417
7|32|0.7870370370370371|0.0010530948638916|0.0017058849334716
7|33|0.7962962962962963|0.0009810924530029|0.0018141269683837
7|34|0.7962962962962963|0.0010042190551757|0.0019104480743408
7|35|0.8055555555555556|0.0010111331939697|0.0019075870513916
7|36|0.8148148148148148|0.0010316371917724|0.0019035339355468
7|37|0.8055555555555556|0.001021385192871|0.0019490718841552
7|38|0.8055555555555556|0.001054048538208|0.0019245147705078
7|39|0.8148148148148148|0.0010156631469726|0.0021066665649414
7|40|0.8148148148148148|0.0010666847229003|0.0020687580108642
7|41|0.8148148148148148|0.0010278224945068|0.002230167388916
7|42|0.8240740740740741|0.0010712146759033|0.0022459030151367
7|43|0.8148148148148148|0.0010521411895751|0.0021760463714599
7|44|0.8055555555555556|0.001094102859497|0.0021767616271972
7|45|0.7962962962962963|0.0010905265808105|0.0022141933441162
7|46|0.8055555555555556|0.0011124610900878|0.0022571086883544
7|47|0.8148148148148148|0.0010690689086914|0.0022635459899902
7|48|0.8055555555555556|0.0011284351348876|0.0023527145385742
7|49|0.8148148148148148|0.0010902881622314|0.0023889541625976
7|50|0.8055555555555556|0.0011248588562011|0.0024394989013671
7|51|0.8055555555555556|0.001096487045288|0.0024600028991699
7|52|0.7962962962962963|0.0011360645294189|0.0024909973144531
7|53|0.8148148148148148|0.0011384487152099|0.0025486946105957
7|54|0.8055555555555556|0.0011813640594482|0.0026628971099853
7|55|0.8148148148148148|0.0011463165283203|0.0027239322662353
7|56|0.8055555555555556|0.0012145042419433|0.0027658939361572
7|57|0.8148148148148148|0.0012047290802001|0.0026488304138183
7|58|0.7962962962962963|0.0012149810791015|0.0028917789459228
7|59|0.8055555555555556|0.0011661052703857|0.00274658203125
7|60|0.8055555555555556|0.001220703125|0.0027213096618652
7|61|0.8148148148148148|0.0011835098266601|0.002847671508789
7|62|0.8148148148148148|0.00124192237854|0.0029499530792236
7|63|0.8148148148148148|0.001220703125|0.0028266906738281
7|64|0.8148148148148148|0.001230239868164|0.0030009746551513
7|65|0.8148148148148148|0.0012636184692382|0.0030550956726074
7|66|0.8148148148148148|0.0012557506561279|0.0031285285949707
7|67|0.8240740740740741|0.0012698173522949|0.0032722949981689
7|68|0.8240740740740741|0.0012753009796142|0.0030701160430908
7|69|0.8333333333333334|0.0012798309326171|0.0030150413513183
7|70|0.8333333333333334|0.0012919902801513|0.0032234191894531
7|71|0.8333333333333334|0.001298189163208|0.0032291412353515
7|72|0.8333333333333334|0.0013408660888671|0.0033211708068847
7|73|0.8425925925925926|0.0013346672058105|0.0032553672790527
7|74|0.8425925925925926|0.0013861656188964|0.0031855106353759
7|75|0.8333333333333334|0.0013642311096191|0.0032777786254882
7|76|0.8240740740740741|0.0013554096221923|0.0032606124877929
7|77|0.8240740740740741|0.0013821125030517|0.0033292770385742
7|78|0.8240740740740741|0.0014014244079589|0.0033643245697021
7|79|0.8240740740740741|0.0013911724090576|0.0036308765411376
7|80|0.8333333333333334|0.0014026165008544|0.0034897327423095
7|81|0.8333333333333334|0.0013999938964843|0.0033454895019531
7|82|0.8333333333333334|0.0014469623565673|0.0036773681640625
7|83|0.8333333333333334|0.0014519691467285|0.0036096572875976
7|84|0.8333333333333334|0.0014617443084716|0.0035202503204345
7|85|0.8333333333333334|0.0014712810516357|0.0035653114318847
7|86|0.8333333333333334|0.001481294631958|0.0037002563476562
7|87|0.8333333333333334|0.001500129699707|0.0035066604614257
7|88|0.8333333333333334|0.0015089511871337|0.0036032199859619
7|89|0.8333333333333334|0.0015275478363037|0.0037429332733154
7|90|0.8333333333333334|0.0015351772308349|0.0037024021148681
7|91|0.8333333333333334|0.0015628337860107|0.0039739608764648
7|92|0.8333333333333334|0.0015597343444824|0.0040161609649658
7|93|0.8333333333333334|0.0015699863433837|0.0038089752197265
7|94|0.8333333333333334|0.0016088485717773|0.0036816596984863
7|95|0.8333333333333334|0.0016140937805175|0.0040645599365234
7|96|0.8333333333333334|0.0016367435455322|0.0040860176086425
7|97|0.8333333333333334|0.0016567707061767|0.0038397312164306
7|98|0.8333333333333334|0.0017118453979492|0.0040502548217773
7|99|0.8333333333333334|0.0016748905181884|0.0039353370666503
7|100|0.8333333333333334|0.001655101776123|0.0039308071136474
7|101|0.8333333333333334|0.0016760826110839|0.0038707256317138
7|102|0.8333333333333334|0.0016782283782958|0.0039236545562744
7|103|0.8333333333333334|0.001718521118164|0.0042312145233154
7|104|0.8333333333333334|0.0016820430755615|0.0040059089660644
7|105|0.8333333333333334|0.0017170906066894|0.0041635036468505
7|106|0.8333333333333334|0.001692771911621|0.0040714740753173
7|107|0.8333333333333334|0.0017335414886474|0.004004955291748
7|108|0.8333333333333334|0.0017240047454833|0.004279613494873
7|109|0.8333333333333334|0.0017571449279785|0.0040185451507568
7|110|0.8333333333333334|0.0017328262329101|0.0043320655822753
7|111|0.8333333333333334|0.0017449855804443|0.0042712688446044
7|112|0.8333333333333334|0.0017430782318115|0.0043487548828125
7|113|0.8333333333333334|0.0017948150634765|0.0041303634643554
7|114|0.8333333333333334|0.0018231868743896|0.0042243003845214
7|115|0.8333333333333334|0.001835823059082|0.0043540000915527
7|116|0.8333333333333334|0.0018551349639892|0.0041706562042236
7|117|0.8333333333333334|0.0018787384033203|0.0043628215789794
7|118|0.8333333333333334|0.0018835067749023|0.0044372081756591
7|119|0.8333333333333334|0.0019073486328125|0.0041406154632568
7|120|0.8333333333333334|0.0018870830535888|0.0041732788085937
7|121|0.8333333333333334|0.0018970966339111|0.0041732788085937
7|122|0.8333333333333334|0.0019135475158691|0.0042922496795654
7|123|0.8333333333333334|0.0019259452819824|0.0044794082641601
7|124|0.8333333333333334|0.0019228458404541|0.0043706893920898
7|125|0.8333333333333334|0.0019524097442626|0.0044314861297607
7|126|0.8333333333333334|0.0019638538360595|0.0041859149932861
7|127|0.8333333333333334|0.0019474029541015|0.0043246746063232
7|128|0.8333333333333334|0.0019493103027343|0.0042078495025634
7|129|0.8333333333333334|0.0019536018371582|0.0046606063842773
7|130|0.8333333333333334|0.0019633769989013|0.0041961669921875
7|131|0.8333333333333334|0.0020003318786621|0.0043926239013671
7|132|0.8333333333333334|0.0019831657409667|0.0042171478271484
7|133|0.8333333333333334|0.0020012855529785|0.0043742656707763
7|134|0.8333333333333334|0.0020246505737304|0.0043830871582031
7|135|0.8333333333333334|0.0020225048065185|0.0043673515319824
7|136|0.8333333333333334|0.0020530223846435|0.0042717456817626
7|137|0.8333333333333334|0.0020375251770019|0.0043284893035888
7|138|0.8333333333333334|0.002051830291748|0.0043115615844726
7|139|0.8333333333333334|0.0020418167114257|0.004246711730957
7|140|0.8333333333333334|0.002044677734375|0.0043802261352539
7|141|0.8333333333333334|0.0020415782928466|0.0043809413909912
0|20|0.6944444444444444|0.0012984275817871|
0|21|0.7222222222222222|0.0011000633239746|0.0013751983642578
0|22|0.75|0.0010461807250976|0.0014131069183349
0|23|0.8333333333333334|0.0010132789611816|0.0014326572418212
0|24|0.8240740740740741|0.0010280609130859|0.0014605522155761
0|25|0.8148148148148148|0.0010578632354736|0.0014748573303222
0|26|0.8148148148148148|0.0010292530059814|0.0015356540679931
0|27|0.8148148148148148|0.0010371208190917|0.0015757083892822
0|28|0.7685185185185185|0.0010390281677246|0.0016708374023437
0|29|0.7685185185185185|0.0010631084442138|0.0016629695892333
0|30|0.7962962962962963|0.0010614395141601|0.0016849040985107
0|31|0.8055555555555556|0.0010566711425781|0.0017468929290771
0|32|0.8148148148148148|0.0010488033294677|0.0017945766448974
0|33|0.8425925925925926|0.0010418891906738|0.0019721984863281
0|34|0.8518518518518519|0.0010859966278076|0.0018506050109863
0|35|0.8611111111111112|0.0010902881622314|0.0018339157104492
0|36|0.8703703703703703|0.0010995864868164|0.0020039081573486
0|37|0.8888888888888888|0.0010764598846435|0.0020170211791992
0|38|0.8425925925925926|0.0011100769042968|0.0020027160644531
0|39|0.8148148148148148|0.0010726451873779|0.0020427703857421
0|40|0.8333333333333334|0.0011281967163085|0.0020828247070312
0|41|0.8240740740740741|0.0011026859283447|0.0021092891693115
0|42|0.8333333333333334|0.0011343955993652|0.0021119117736816
0|43|0.8703703703703703|0.0011253356933593|0.0022590160369873
0|44|0.8425925925925926|0.001147985458374|0.0022265911102294
0|45|0.8240740740740741|0.0011153221130371|0.0023121833801269
0|46|0.8518518518518519|0.0011744499206542|0.0022394657135009
0|47|0.8518518518518519|0.0011415481567382|0.0024423599243164
0|48|0.8240740740740741|0.0012009143829345|0.0024209022521972
0|49|0.8240740740740741|0.0011956691741943|0.0023708343505859
0|50|0.8425925925925926|0.0011868476867675|0.0024003982543945
0|51|0.8333333333333334|0.0011756420135498|0.0024433135986328
0|52|0.8333333333333334|0.0012099742889404|0.0025992393493652
0|53|0.8333333333333334|0.0011963844299316|0.0026710033416748
0|54|0.8240740740740741|0.0012261867523193|0.0025770664215087
0|55|0.8240740740740741|0.0012450218200683|0.00264573097229
0|56|0.8333333333333334|0.0012555122375488|0.0027637481689453
0|57|0.8240740740740741|0.0012202262878417|0.0027582645416259
0|58|0.8333333333333334|0.0012826919555664|0.0028004646301269
0|59|0.8518518518518519|0.001251220703125|0.0027687549591064
0|60|0.8425925925925926|0.0012962818145751|0.0027368068695068
0|61|0.8333333333333334|0.001279592514038|0.0029449462890625
0|62|0.8240740740740741|0.0013098716735839|0.0029377937316894
0|63|0.8333333333333334|0.0012965202331542|0.0029454231262207
0|64|0.8240740740740741|0.0013079643249511|0.0029911994934082
0|65|0.7962962962962963|0.0014545917510986|0.0030064582824707
0|66|0.8240740740740741|0.0012869834899902|0.0029397010803222
0|67|0.8055555555555556|0.0013175010681152|0.0030629634857177
0|68|0.7870370370370371|0.0013279914855957|0.0032188892364501
0|69|0.7870370370370371|0.0013163089752197|0.0031800270080566
0|70|0.7777777777777778|0.0013537406921386|0.0031189918518066
0|71|0.8240740740740741|0.0013549327850341|0.0031085014343261
0|72|0.8240740740740741|0.0014140605926513|0.0032839775085449
0|73|0.8240740740740741|0.0014214515686035|0.0033304691314697
0|74|0.8240740740740741|0.0014674663543701|0.0033347606658935
0|75|0.8148148148148148|0.0014364719390869|0.0031864643096923
0|76|0.8148148148148148|0.0014920234680175|0.0033819675445556
0|77|0.7962962962962963|0.0014965534210205|0.0033776760101318
0|78|0.7962962962962963|0.0015056133270263|0.0033028125762939
0|79|0.8148148148148148|0.0014772415161132|0.0033073425292968
0|80|0.8148148148148148|0.0014994144439697|0.0035312175750732
0|81|0.8240740740740741|0.0015501976013183|0.0036170482635498
0|82|0.8240740740740741|0.0015361309051513|0.0037415027618408
0|83|0.8240740740740741|0.0015704631805419|0.0035123825073242
0|84|0.8240740740740741|0.0015699863433837|0.0035555362701416
0|85|0.8240740740740741|0.0015754699707031|0.0035939216613769
0|86|0.8240740740740741|0.0015904903411865|0.0037262439727783
0|87|0.8240740740740741|0.001589298248291|0.0037927627563476
0|88|0.8240740740740741|0.0016150474548339|0.0038135051727294
0|89|0.8240740740740741|0.0016469955444335|0.0037465095520019
0|90|0.8240740740740741|0.0016422271728515|0.0038368701934814
0|91|0.8240740740740741|0.0016674995422363|0.0038323402404785
0|92|0.8240740740740741|0.0016703605651855|0.00368332862854
0|93|0.8240740740740741|0.0016970634460449|0.0039176940917968
0|94|0.8240740740740741|0.001734972000122|0.0039656162261962
0|95|0.8240740740740741|0.0017318725585937|0.0037143230438232
0|96|0.8240740740740741|0.0017526149749755|0.003751516342163
0|97|0.8240740740740741|0.0017704963684082|0.0038530826568603
0|98|0.8240740740740741|0.0017886161804199|0.0040831565856933
0|99|0.8240740740740741|0.0018112659454345|0.0039591789245605
0|100|0.8240740740740741|0.0018208026885986|0.0040912628173828
0|101|0.8240740740740741|0.0018131732940673|0.0039377212524414
0|102|0.8240740740740741|0.0018517971038818|0.0040116310119628
0|103|0.8240740740740741|0.0018255710601806|0.0039305686950683
0|104|0.8240740740740741|0.0018110275268554|0.0038962364196777
0|105|0.8240740740740741|0.0018391609191894|0.0041019916534423
0|106|0.8240740740740741|0.0018329620361328|0.0042126178741455
0|107|0.8240740740740741|0.0019066333770751|0.0042672157287597
0|108|0.8240740740740741|0.0019981861114501|0.0040647983551025
0|109|0.8240740740740741|0.0019207000732421|0.0040431022644042
0|110|0.8240740740740741|0.0019221305847167|0.0041332244873046
0|111|0.8240740740740741|0.0019810199737548|0.0041811466217041
0|112|0.8240740740740741|0.0019962787628173|0.0041625499725341
0|113|0.8240740740740741|0.0020954608917236|0.0041172504425048
0|114|0.8240740740740741|0.0020132064819335|0.0042395591735839
0|115|0.8333333333333334|0.0020415782928466|0.0043792724609375
0|116|0.8333333333333334|0.0020534992218017|0.0044841766357421
0|117|0.8333333333333334|0.0021169185638427|0.0043578147888183
0|118|0.8333333333333334|0.0021662712097167|0.0045325756072998
0|119|0.8333333333333334|0.0021407604217529|0.0045034885406494
0|120|0.8333333333333334|0.0021235942840576|0.0042700767517089
0|121|0.8333333333333334|0.0021536350250244|0.0044989585876464
0|122|0.8333333333333334|0.0021331310272216|0.0045173168182373
0|123|0.8333333333333334|0.0021438598632812|0.0042846202850341
0|124|0.8333333333333334|0.0021440982818603|0.0044167041778564
0|125|0.8333333333333334|0.0021581649780273|0.0043556690216064
0|126|0.8333333333333334|0.0021665096282958|0.004296064376831
0|127|0.8333333333333334|0.0021760463714599|0.0044379234313964
0|128|0.8333333333333334|0.0022530555725097|0.0044231414794921
0|129|0.8333333333333334|0.0022203922271728|0.0044732093811035
0|130|0.8333333333333334|0.0022263526916503|0.0043883323669433
0|131|0.8333333333333334|0.0022745132446289|0.0043880939483642
0|132|0.8333333333333334|0.0022628307342529|0.0044171810150146
0|133|0.8333333333333334|0.0022759437561035|0.0044069290161132
0|134|0.8333333333333334|0.0022845268249511|0.0046534538269042
0|135|0.8333333333333334|0.0023055076599121|0.0044267177581787
0|136|0.8333333333333334|0.0023059844970703|0.0044748783111572
0|137|0.8333333333333334|0.0022950172424316|0.0045266151428222
0|138|0.8333333333333334|0.0023412704467773|0.004465103149414
0|139|0.8333333333333334|0.0023136138916015|0.0044093132019042
0|140|0.8333333333333334|0.0023329257965087|0.0047638416290283
0|141|0.8333333333333334|0.0023422241210937|0.0044465065002441
2|20|0.7962962962962963|0.0013210773468017|
2|21|0.8055555555555556|0.0010652542114257|0.0013923645019531
2|22|0.8148148148148148|0.0011003017425537|0.0014164447784423
2|23|0.8333333333333334|0.0010428428649902|0.0014712810516357
2|24|0.8240740740740741|0.0011055469512939|0.0014708042144775
2|25|0.8240740740740741|0.0010867118835449|0.0015695095062255
2|26|0.8148148148148148|0.0010924339294433|0.001598834991455
2|27|0.8425925925925926|0.0010435581207275|0.001591682434082
2|28|0.8240740740740741|0.0010466575622558|0.0016393661499023
2|29|0.8425925925925926|0.0010592937469482|0.0016553401947021
2|30|0.8055555555555556|0.00105881690979|0.0017406940460205
2|31|0.8055555555555556|0.0010535717010498|0.0018017292022705
2|32|0.8055555555555556|0.0010638236999511|0.001816987991333
2|33|0.7962962962962963|0.001075267791748|0.0018637180328369
2|34|0.8148148148148148|0.001190185546875|0.0019383430480957
2|35|0.8055555555555556|0.0010707378387451|0.0018823146820068
2|36|0.8240740740740741|0.0011086463928222|0.0019710063934326
2|37|0.8055555555555556|0.0010819435119628|0.0019559860229492
2|38|0.8240740740740741|0.0011370182037353|0.0020227432250976
2|39|0.8055555555555556|0.0010943412780761|0.0020191669464111
2|40|0.8055555555555556|0.0011510848999023|0.0021264553070068
2|41|0.8240740740740741|0.0011146068572998|0.0021305084228515
2|42|0.8240740740740741|0.0011746883392333|0.002227783203125
2|43|0.8240740740740741|0.0011622905731201|0.0021629333496093
2|44|0.8333333333333334|0.0011439323425292|0.0022084712982177
2|45|0.8425925925925926|0.0011312961578369|0.0023207664489746
2|46|0.8148148148148148|0.001162052154541|0.0023307800292968
2|47|0.8333333333333334|0.0011348724365234|0.0023109912872314
2|48|0.8425925925925926|0.0011687278747558|0.0023286342620849
2|49|0.8148148148148148|0.0011553764343261|0.0024003982543945
2|50|0.8148148148148148|0.001192569732666|0.0025784969329833
2|51|0.8148148148148148|0.0011711120605468|0.0025293827056884
2|52|0.8425925925925926|0.0012516975402832|0.0024654865264892
2|53|0.8055555555555556|0.0011835098266601|0.0026001930236816
2|54|0.8055555555555556|0.0012373924255371|0.002603530883789
2|55|0.8055555555555556|0.0012390613555908|0.0026073455810546
2|56|0.8333333333333334|0.0012614727020263|0.0027134418487548
2|57|0.8425925925925926|0.0012314319610595|0.002671480178833
2|58|0.8240740740740741|0.0012838840484619|0.0026857852935791
2|59|0.8333333333333334|0.0012702941894531|0.0028259754180908
2|60|0.8425925925925926|0.0013000965118408|0.0028595924377441
2|61|0.8518518518518519|0.00128173828125|0.0027730464935302
2|62|0.8333333333333334|0.0013515949249267|0.0028121471405029
2|63|0.8333333333333334|0.0013256072998046|0.0028245449066162
2|64|0.8333333333333334|0.0013327598571777|0.0028712749481201
2|65|0.8333333333333334|0.0013008117675781|0.0029003620147705
2|66|0.8333333333333334|0.0013222694396972|0.0031261444091796
2|67|0.8333333333333334|0.0013203620910644|0.0031599998474121
2|68|0.8333333333333334|0.0013477802276611|0.0029881000518798
2|69|0.8333333333333334|0.0013315677642822|0.0031087398529052
2|70|0.8333333333333334|0.0013604164123535|0.0030639171600341
2|71|0.8333333333333334|0.0014083385467529|0.0032551288604736
2|72|0.8333333333333334|0.0014233589172363|0.0033497810363769
2|73|0.8333333333333334|0.0014197826385498|0.0033833980560302
2|74|0.8333333333333334|0.0014383792877197|0.003192663192749
2|75|0.8333333333333334|0.0014362335205078|0.0033891201019287
2|76|0.8333333333333334|0.0014722347259521|0.003436803817749
2|77|0.8333333333333334|0.0014758110046386|0.0032782554626464
2|78|0.8333333333333334|0.0014891624450683|0.0033998489379882
2|79|0.8425925925925926|0.0015003681182861|0.0035257339477539
2|80|0.8518518518518519|0.0015008449554443|0.0035080909729003
2|81|0.8425925925925926|0.001518964767456|0.0034115314483642
2|82|0.8425925925925926|0.0015053749084472|0.0035436153411865
2|83|0.8425925925925926|0.0015273094177246|0.0034337043762207
2|84|0.8425925925925926|0.0015816688537597|0.0035080909729003
2|85|0.8518518518518519|0.0015733242034912|0.0037550926208496
2|86|0.8518518518518519|0.0015897750854492|0.003551959991455
2|87|0.8518518518518519|0.0015938282012939|0.0038001537322998
2|88|0.8518518518518519|0.0016303062438964|0.0037815570831298
2|89|0.8518518518518519|0.0016162395477294|0.0036509037017822
2|90|0.8518518518518519|0.0016701221466064|0.0038831233978271
2|91|0.8518518518518519|0.0016548633575439|0.003669261932373
2|92|0.8518518518518519|0.0017018318176269|0.0036561489105224
2|93|0.8518518518518519|0.0016932487487792|0.0037615299224853
2|94|0.8518518518518519|0.0017025470733642|0.0039448738098144
2|95|0.8518518518518519|0.0017192363739013|0.0037484169006347
2|96|0.8518518518518519|0.0017526149749755|0.003843069076538
2|97|0.8518518518518519|0.0017991065979003|0.0037825107574462
2|98|0.8518518518518519|0.0018038749694824|0.0039875507354736
2|99|0.8518518518518519|0.0018286705017089|0.0040974617004394
2|100|0.8518518518518519|0.0018608570098876|0.0041511058807373
2|101|0.8518518518518519|0.0018768310546875|0.0039093494415283
2|102|0.8518518518518519|0.0018658638000488|0.0040333271026611
2|103|0.8518518518518519|0.0019066333770751|0.0042269229888916
2|104|0.8518518518518519|0.0018749237060546|0.0041532516479492
2|105|0.8518518518518519|0.0019431114196777|0.0042862892150878
2|106|0.8518518518518519|0.0019500255584716|0.0041093826293945
2|107|0.8518518518518519|0.0019612312316894|0.0040755271911621
2|108|0.8518518518518519|0.0019700527191162|0.00433349609375
2|109|0.8518518518518519|0.0019769668579101|0.0043745040893554
2|110|0.8518518518518519|0.0019614696502685|0.0042152404785156
2|111|0.8518518518518519|0.0019724369049072|0.0041441917419433
2|112|0.8518518518518519|0.0020124912261962|0.0041062831878662
2|113|0.8518518518518519|0.0019965171813964|0.0041155815124511
2|114|0.8518518518518519|0.0020275115966796|0.0043854713439941
2|115|0.8518518518518519|0.0020074844360351|0.0042235851287841
2|116|0.8518518518518519|0.0020313262939453|0.0043342113494873
2|117|0.8518518518518519|0.002032995223999|0.0043416023254394
2|118|0.8518518518518519|0.0020291805267333|0.0044670104980468
2|119|0.8518518518518519|0.002084732055664|0.0044991970062255
2|120|0.8518518518518519|0.0021004676818847|0.0045990943908691
2|121|0.8518518518518519|0.0021142959594726|0.0043396949768066
2|122|0.8518518518518519|0.002115249633789|0.0044498443603515
2|123|0.8518518518518519|0.0021309852600097|0.0046122074127197
2|124|0.8518518518518519|0.0021405220031738|0.0046069622039794
2|125|0.8518518518518519|0.0021436214447021|0.0046463012695312
2|126|0.8518518518518519|0.0021867752075195|0.0046122074127197
2|127|0.8518518518518519|0.0021672248840332|0.0044469833374023
2|128|0.8518518518518519|0.0021960735321044|0.0045056343078613
2|129|0.8518518518518519|0.0021948814392089|0.0044591426849365
2|130|0.8518518518518519|0.0021886825561523|0.0044219493865966
2|131|0.8518518518518519|0.0022139549255371|0.0045640468597412
2|132|0.8518518518518519|0.0022163391113281|0.0043327808380126
2|133|0.8518518518518519|0.0022187232971191|0.0043859481811523
2|134|0.8518518518518519|0.0022931098937988|0.0045464038848876
2|135|0.8518518518518519|0.00227952003479|0.0044293403625488
2|136|0.8518518518518519|0.0022873878479003|0.0044910907745361
2|137|0.8518518518518519|0.0022957324981689|0.0046052932739257
2|138|0.8518518518518519|0.002326488494873|0.0043811798095703
2|139|0.8518518518518519|0.0023200511932373|0.0043797492980957
2|140|0.8518518518518519|0.0023229122161865|0.0047802925109863
1|20|0.6574074074074074|0.0012893676757812|
1|21|0.5925925925925926|0.00099778175354|0.0012857913970947
1|22|0.6481481481481481|0.0010304450988769|0.0012955665588378
1|23|0.6851851851851852|0.0010106563568115|0.0013418197631835
1|24|0.7222222222222222|0.0010192394256591|0.0014305114746093
1|25|0.7222222222222222|0.0010645389556884|0.0014231204986572
1|26|0.8148148148148148|0.0010709762573242|0.00156831741333
1|27|0.8148148148148148|0.0010769367218017|0.0015554428100585
1|28|0.8148148148148148|0.001086950302124|0.0015952587127685
1|29|0.8333333333333334|0.0010735988616943|0.0016653537750244
1|30|0.8240740740740741|0.0010898113250732|0.0016944408416748
1|31|0.8333333333333334|0.0010542869567871|0.00173020362854
1|32|0.8148148148148148|0.0010516643524169|0.0017905235290527
1|33|0.8148148148148148|0.0010302066802978|0.0017952919006347
1|34|0.7685185185185185|0.001054048538208|0.0018782615661621
1|35|0.8148148148148148|0.0010418891906738|0.0018935203552246
1|36|0.7962962962962963|0.0010936260223388|0.0018413066864013
1|37|0.8148148148148148|0.0010650157928466|0.0019268989562988
1|38|0.8055555555555556|0.0011084079742431|0.0019087791442871
1|39|0.7962962962962963|0.0010731220245361|0.0019881725311279
1|40|0.8333333333333334|0.0011296272277832|0.0021653175354003
1|41|0.7870370370370371|0.001086950302124|0.0021395683288574
1|42|0.7962962962962963|0.0011367797851562|0.0022180080413818
1|43|0.7962962962962963|0.0011131763458251|0.0021467208862304
1|44|0.7962962962962963|0.0011281967163085|0.0022273063659667
1|45|0.7962962962962963|0.0011110305786132|0.0022246837615966
1|46|0.7685185185185185|0.0011606216430664|0.0022985935211181
1|47|0.7777777777777778|0.0011219978332519|0.0023977756500244
1|48|0.7962962962962963|0.0011675357818603|0.0023207664489746
1|49|0.7592592592592593|0.0011327266693115|0.0023672580718994
1|50|0.7407407407407407|0.0011804103851318|0.0024161338806152
1|51|0.7407407407407407|0.0011510848999023|0.002413272857666
1|52|0.7777777777777778|0.0011932849884033|0.0024833679199218
1|53|0.7870370370370371|0.0011873245239257|0.0025386810302734
1|54|0.7962962962962963|0.0012154579162597|0.002648115158081
1|55|0.7870370370370371|0.0012285709381103|0.0027360916137695
1|56|0.7962962962962963|0.0012485980987548|0.0025815963745117
1|57|0.8148148148148148|0.0012276172637939|0.0027105808258056
1|58|0.8055555555555556|0.0013024806976318|0.0026619434356689
1|59|0.8055555555555556|0.0012550354003906|0.0028998851776123
1|60|0.8148148148148148|0.0013322830200195|0.002812385559082
1|61|0.8148148148148148|0.0012624263763427|0.002852439880371
1|62|0.7870370370370371|0.0013329982757568|0.0029921531677246
1|63|0.7870370370370371|0.0013072490692138|0.0028328895568847
1|64|0.7870370370370371|0.0013093948364257|0.0028917789459228
1|65|0.7870370370370371|0.001310110092163|0.0028910636901855
1|66|0.7777777777777778|0.0013246536254882|0.0029242038726806
1|67|0.7962962962962963|0.0013239383697509|0.0029640197753906
1|68|0.7962962962962963|0.0013442039489746|0.0030744075775146
1|69|0.7870370370370371|0.0013530254364013|0.0031945705413818
1|70|0.7870370370370371|0.0013618469238281|0.0033061504364013
1|71|0.7962962962962963|0.0013477802276611|0.0033125877380371
1|72|0.8055555555555556|0.0013556480407714|0.0033214092254638
1|73|0.7962962962962963|0.0013742446899414|0.0031890869140625
1|74|0.8055555555555556|0.0014078617095947|0.0033347606658935
1|75|0.8055555555555556|0.001415729522705|0.0034694671630859
1|76|0.8055555555555556|0.0014483928680419|0.0034365653991699
1|77|0.8148148148148148|0.0014200210571289|0.0032675266265869
1|78|0.7870370370370371|0.0014457702636718|0.0033798217773437
1|79|0.8148148148148148|0.0014469623565673|0.0033910274505615
1|80|0.7962962962962963|0.0014600753784179|0.0034165382385253
1|81|0.7962962962962963|0.0014741420745849|0.0033855438232421
1|82|0.7962962962962963|0.0015065670013427|0.0033977031707763
1|83|0.8055555555555556|0.001518964767456|0.0036075115203857
1|84|0.8240740740740741|0.0015406608581542|0.0036330223083496
1|85|0.8240740740740741|0.0015506744384765|0.0035436153411865
1|86|0.8240740740740741|0.0015573501586914|0.0035347938537597
1|87|0.8240740740740741|0.0016062259674072|0.0035727024078369
1|88|0.8240740740740741|0.0016214847564697|0.003577709197998
1|89|0.8148148148148148|0.0016515254974365|0.0039196014404296
1|90|0.8333333333333334|0.0016646385192871|0.0037851333618164
1|91|0.8240740740740741|0.0016531944274902|0.0037150382995605
1|92|0.8240740740740741|0.0016813278198242|0.0037224292755126
1|93|0.8240740740740741|0.0016467571258544|0.004014253616333
1|94|0.8240740740740741|0.0016963481903076|0.0040843486785888
1|95|0.8240740740740741|0.0017158985137939|0.0040254592895507
1|96|0.8148148148148148|0.0017316341400146|0.0039761066436767
1|97|0.8148148148148148|0.0017268657684326|0.0038166046142578
1|98|0.8148148148148148|0.0017874240875244|0.003941535949707
1|99|0.8240740740740741|0.0017855167388916|0.0042364597320556
1|100|0.8240740740740741|0.0018014907836914|0.0042681694030761
1|101|0.8240740740740741|0.0018134117126464|0.0039405822753906
1|102|0.8240740740740741|0.0018396377563476|0.0041682720184326
1|103|0.8240740740740741|0.0018661022186279|0.0039951801300048
1|104|0.8240740740740741|0.0018541812896728|0.0039985179901123
1|105|0.8240740740740741|0.0018942356109619|0.0040655136108398
1|106|0.8240740740740741|0.0030479431152343|0.0071802139282226
1|107|0.8240740740740741|0.0019772052764892|0.0041122436523437
1|108|0.8240740740740741|0.0020942687988281|0.0041580200195312
1|109|0.8240740740740741|0.0019891262054443|0.0041074752807617
1|110|0.8240740740740741|0.0020105838775634|0.0044400691986083
1|111|0.8240740740740741|0.0020105838775634|0.0042052268981933
1|112|0.8240740740740741|0.002068281173706|0.0044412612915039
1|113|0.8240740740740741|0.002120018005371|0.004218578338623
1|114|0.8240740740740741|0.0020773410797119|0.0042026042938232
1|115|0.8240740740740741|0.0021016597747802|0.0044789314270019
1|116|0.8240740740740741|0.0020878314971923|0.0042600631713867
1|117|0.8240740740740741|0.0020573139190673|0.0044920444488525
1|118|0.8240740740740741|0.0020613670349121|0.0045814514160156
1|119|0.8240740740740741|0.0020558834075927|0.0046348571777343
1|120|0.8240740740740741|0.0021073818206787|0.0042746067047119
1|121|0.8240740740740741|0.0020999908447265|0.0044276714324951
1|122|0.8240740740740741|0.00211763381958|0.0043370723724365
1|123|0.8240740740740741|0.0020856857299804|0.0043530464172363
1|124|0.8240740740740741|0.0021095275878906|0.0046706199645996
1|125|0.8240740740740741|0.0021305084228515|0.0043976306915283
1|126|0.8240740740740741|0.0021493434906005|0.0043554306030273
1|127|0.8240740740740741|0.0022222995758056|0.0043416023254394
1|128|0.8240740740740741|0.0021684169769287|0.0045521259307861
1|129|0.8240740740740741|0.0021886825561523|0.0045394897460937
1|130|0.8240740740740741|0.0021872520446777|0.0043861865997314
1|131|0.8240740740740741|0.0022201538085937|0.0043699741363525
1|132|0.8240740740740741|0.0022041797637939|0.0044026374816894
1|133|0.8240740740740741|0.0022203922271728|0.0045995712280273
1|134|0.8240740740740741|0.0022723674774169|0.0044927597045898
1|135|0.8240740740740741|0.0022602081298828|0.004744529724121
1|136|0.8240740740740741|0.0022625923156738|0.0044400691986083
1|137|0.8240740740740741|0.0022766590118408|0.0045018196105957
1|138|0.8240740740740741|0.0023069381713867|0.0047216415405273
1|139|0.8240740740740741|0.0022895336151123|0.0046119689941406
1|140|0.8240740740740741|0.0023088455200195|0.0046758651733398
5|20|0.8055555555555556|0.0011463165283203|
5|21|0.8240740740740741|0.0009355545043945|0.0013947486877441
5|22|0.8425925925925926|0.0009307861328125|0.0013105869293212
5|23|0.8148148148148148|0.0009646415710449|0.0014224052429199
5|24|0.7870370370370371|0.0009393692016601|0.0014503002166748
5|25|0.7685185185185185|0.0009591579437255|0.0014536380767822
5|26|0.7777777777777778|0.000946044921875|0.0016150474548339
5|27|0.7685185185185185|0.0009529590606689|0.0016217231750488
5|28|0.7685185185185185|0.00095796585083|0.0016040802001953
5|29|0.8055555555555556|0.0009906291961669|0.0016939640045166
5|30|0.8148148148148148|0.0009675025939941|0.0016970634460449
5|31|0.8425925925925926|0.0009787082672119|0.0017230510711669
5|32|0.8518518518518519|0.0009801387786865|0.0017421245574951
5|33|0.8796296296296297|0.0009765625|0.0017988681793212
5|34|0.8518518518518519|0.0009799003601074|0.0018699169158935
5|35|0.8611111111111112|0.0009887218475341|0.0019190311431884
5|36|0.8333333333333334|0.0009956359863281|0.0018751621246337
5|37|0.8333333333333334|0.0009968280792236|0.0020375251770019
5|38|0.8333333333333334|0.0010132789611816|0.0020346641540527
5|39|0.8240740740740741|0.0010130405426025|0.0019614696502685
5|40|0.8333333333333334|0.0010230541229248|0.0020761489868164
5|41|0.8148148148148148|0.0010361671447753|0.0020809173583984
5|42|0.8148148148148148|0.0010240077972412|0.002091646194458
5|43|0.8055555555555556|0.0010371208190917|0.0021519660949707
5|44|0.8240740740740741|0.0010592937469482|0.0022418498992919
5|45|0.8240740740740741|0.0010433197021484|0.0022432804107666
5|46|0.7962962962962963|0.0010476112365722|0.0022377967834472
5|47|0.8148148148148148|0.0010559558868408|0.0022652149200439
5|48|0.7870370370370371|0.0010669231414794|0.0023181438446044
5|49|0.7870370370370371|0.0010945796966552|0.0023832321166992
5|50|0.7777777777777778|0.0010783672332763|0.0023653507232666
5|51|0.7777777777777778|0.0010974407196044|0.0024936199188232
5|52|0.7870370370370371|0.0010976791381835|0.002530813217163
5|53|0.8055555555555556|0.0011074542999267|0.002514362335205
5|54|0.8148148148148148|0.0011327266693115|0.0025575160980224
5|55|0.8240740740740741|0.0011277198791503|0.0026166439056396
5|56|0.7962962962962963|0.0011284351348876|0.0025792121887207
5|57|0.8148148148148148|0.0011231899261474|0.0027251243591308
5|58|0.8055555555555556|0.0011389255523681|0.0027177333831787
5|59|0.8703703703703703|0.0011408329010009|0.0027995109558105
5|60|0.8703703703703703|0.0011522769927978|0.0028257369995117
5|61|0.8611111111111112|0.0011746883392333|0.0027470588684082
5|62|0.8703703703703703|0.0011935234069824|0.0028543472290039
5|63|0.8703703703703703|0.0012092590332031|0.0029313564300537
5|64|0.8703703703703703|0.0011999607086181|0.0029315948486328
5|65|0.8611111111111112|0.0012054443359375|0.0029807090759277
5|66|0.8333333333333334|0.0012314319610595|0.0029234886169433
5|67|0.8518518518518519|0.0012359619140625|0.0029959678649902
5|68|0.8611111111111112|0.001230239868164|0.0031197071075439
5|69|0.8611111111111112|0.0012531280517578|0.0030038356781005
5|70|0.8518518518518519|0.0012943744659423|0.0031051635742187
5|71|0.8333333333333334|0.0012924671173095|0.0031285285949707
5|72|0.8240740740740741|0.0013234615325927|0.0032076835632324
5|73|0.8518518518518519|0.0013046264648437|0.0031909942626953
5|74|0.8425925925925926|0.001317024230957|0.0031735897064208
5|75|0.8518518518518519|0.0013551712036132|0.0031790733337402
5|76|0.8796296296296297|0.0013530254364013|0.003202199935913
5|77|0.8796296296296297|0.0013833045959472|0.0033307075500488
5|78|0.8796296296296297|0.0013797283172607|0.0033025741577148
5|79|0.8888888888888888|0.0013811588287353|0.0033161640167236
5|80|0.8888888888888888|0.0013718605041503|0.0033190250396728
5|81|0.8888888888888888|0.0013883113861083|0.0034148693084716
5|82|0.8888888888888888|0.0014266967773437|0.0033841133117675
5|83|0.8888888888888888|0.0014300346374511|0.0035183429718017
5|84|0.8888888888888888|0.0014314651489257|0.0035316944122314
5|85|0.8888888888888888|0.0014452934265136|0.0034530162811279
5|86|0.8888888888888888|0.0014755725860595|0.0035760402679443
5|87|0.8888888888888888|0.0014963150024414|0.0036594867706298
5|88|0.8888888888888888|0.0014986991882324|0.0035591125488281
5|89|0.8888888888888888|0.0015337467193603|0.0036401748657226
5|90|0.8888888888888888|0.0015389919281005|0.0036361217498779
5|91|0.8888888888888888|0.001619815826416|0.0037345886230468
5|92|0.8888888888888888|0.0016560554504394|0.0037567615509033
5|93|0.8888888888888888|0.0025637149810791|0.0063345432281494
5|94|0.8888888888888888|0.0016653537750244|0.0037720203399658
5|95|0.8888888888888888|0.0016672611236572|0.0037446022033691
5|96|0.8888888888888888|0.0016300678253173|0.0038535594940185
5|97|0.8888888888888888|0.0016558170318603|0.0038127899169921
5|98|0.8888888888888888|0.0016930103302001|0.003915786743164
5|99|0.8888888888888888|0.0017333030700683|0.003965139389038
5|100|0.8888888888888888|0.0017342567443847|0.0040247440338134
5|101|0.8796296296296297|0.0017366409301757|0.0038731098175048
5|102|0.8796296296296297|0.0017430782318115|0.0041265487670898
5|103|0.8703703703703703|0.0018587112426757|0.0040078163146972
5|104|0.8703703703703703|0.0018367767333984|0.0039987564086914
5|105|0.8703703703703703|0.0018072128295898|0.0040638446807861
5|106|0.8703703703703703|0.0018641948699951|0.0041518211364746
5|107|0.8703703703703703|0.0019211769104003|0.0041179656982421
5|108|0.8703703703703703|0.0018942356109619|0.0042531490325927
5|109|0.8703703703703703|0.0018446445465087|0.0040550231933593
5|110|0.8703703703703703|0.0018703937530517|0.0042126178741455
5|111|0.8703703703703703|0.0019047260284423|0.0040967464447021
5|112|0.8703703703703703|0.0018796920776367|0.0042431354522705
5|113|0.8703703703703703|0.0019216537475585|0.0041728019714355
5|114|0.8703703703703703|0.0018925666809082|0.0041248798370361
5|115|0.8703703703703703|0.0019690990447998|0.0041990280151367
5|116|0.8703703703703703|0.0019359588623046|0.0041770935058593
5|117|0.8703703703703703|0.0019404888153076|0.0042557716369628
5|118|0.8703703703703703|0.0019299983978271|0.0043010711669921
5|119|0.8703703703703703|0.0019621849060058|0.0042805671691894
5|120|0.8611111111111112|0.0019502639770507|0.00421142578125
5|121|0.8611111111111112|0.0019950866699218|0.0042536258697509
5|122|0.8611111111111112|0.00199556350708|0.0041921138763427
5|123|0.8611111111111112|0.0020132064819335|0.0043303966522216
5|124|0.8611111111111112|0.0020196437835693|0.0043592453002929
5|125|0.8611111111111112|0.0020167827606201|0.004457950592041
5|126|0.8611111111111112|0.002044677734375|0.004298448562622
5|127|0.8611111111111112|0.0020508766174316|0.0042319297790527
5|128|0.8611111111111112|0.0020551681518554|0.0044336318969726
5|129|0.8611111111111112|0.0020434856414794|0.0042719841003417
5|130|0.8611111111111112|0.002079963684082|0.0044529438018798
5|131|0.8611111111111112|0.0020756721496582|0.0044748783111572
5|132|0.8611111111111112|0.0020802021026611|0.0043110847473144
5|133|0.8611111111111112|0.0020828247070312|0.0043749809265136
5|134|0.8611111111111112|0.0020892620086669|0.0044033527374267
5|135|0.8611111111111112|0.0021178722381591|0.0044741630554199
5|136|0.8611111111111112|0.0021071434020996|0.0043647289276123
5|137|0.8611111111111112|0.0021307468414306|0.0044255256652832
5|138|0.8611111111111112|0.0021173954010009|0.0044918060302734
5|139|0.8611111111111112|0.0021483898162841|0.0043282508850097
5|140|0.8611111111111112|0.0021479129791259|0.0044405460357666
5|141|0.8611111111111112|0.0021655559539794|0.0043723583221435
8|20|0.75|0.0017023086547851|
8|21|0.75|0.0009818077087402|0.001394510269165
8|22|0.7592592592592593|0.0011408329010009|0.0013308525085449
8|23|0.7592592592592593|0.0010550022125244|0.0013585090637207
8|24|0.7777777777777778|0.0011353492736816|0.0014235973358154
8|25|0.7685185185185185|0.0010507106781005|0.0014407634735107
8|26|0.7777777777777778|0.0010466575622558|0.0014700889587402
8|27|0.7685185185185185|0.0010230541229248|0.0014965534210205
8|28|0.7685185185185185|0.0010418891906738|0.0016376972198486
8|29|0.7592592592592593|0.0010116100311279|0.0015995502471923
8|30|0.7685185185185185|0.0010676383972167|0.0016360282897949
8|31|0.7777777777777778|0.0010294914245605|0.0016875267028808
8|32|0.7685185185185185|0.0010561943054199|0.001734972000122
8|33|0.7777777777777778|0.0010838508605957|0.0017766952514648
8|34|0.7870370370370371|0.0010461807250976|0.0017826557159423
8|35|0.7870370370370371|0.0010313987731933|0.0018215179443359
8|36|0.7777777777777778|0.0011675357818603|0.0018799304962158
8|37|0.7685185185185185|0.0010097026824951|0.001929759979248
8|38|0.7777777777777778|0.0012338161468505|0.0019338130950927
8|39|0.7870370370370371|0.0010168552398681|0.0019640922546386
8|40|0.7870370370370371|0.0012562274932861|0.0020008087158203
8|41|0.7870370370370371|0.0010364055633544|0.0020554065704345
8|42|0.7870370370370371|0.001169204711914|0.0020761489868164
8|43|0.7870370370370371|0.0010716915130615|0.0021100044250488
8|44|0.7962962962962963|0.0011665821075439|0.0021760463714599
8|45|0.8240740740740741|0.0011012554168701|0.0021917819976806
8|46|0.8148148148148148|0.0012037754058837|0.0022647380828857
8|47|0.7962962962962963|0.0010859966278076|0.002244234085083
8|48|0.8148148148148148|0.0012392997741699|0.0023064613342285
8|49|0.8055555555555556|0.0011026859283447|0.0023353099822998
8|50|0.8055555555555556|0.0012450218200683|0.0023813247680664
8|51|0.7870370370370371|0.0011036396026611|0.0024101734161376
8|52|0.7962962962962963|0.0012593269348144|0.0024809837341308
8|53|0.7962962962962963|0.0011143684387207|0.0024681091308593
8|54|0.8055555555555556|0.0012321472167968|0.0025358200073242
8|55|0.8055555555555556|0.0011844635009765|0.0025317668914794
8|56|0.7962962962962963|0.0012598037719726|0.0025591850280761
8|57|0.8055555555555556|0.0011544227600097|0.0025920867919921
8|58|0.7962962962962963|0.0012893676757812|0.0026509761810302
8|59|0.7962962962962963|0.0011889934539794|0.0027554035186767
8|60|0.7962962962962963|0.0013134479522705|0.0027799606323242
8|61|0.7870370370370371|0.0011928081512451|0.0027987957000732
8|62|0.7870370370370371|0.0013694763183593|0.0027704238891601
8|63|0.7870370370370371|0.0012195110321044|0.0028581619262695
8|64|0.7870370370370371|0.0012338161468505|0.0028414726257324
8|65|0.7870370370370371|0.0012919902801513|0.0028712749481201
8|66|0.7870370370370371|0.0012409687042236|0.0029060840606689
8|67|0.7870370370370371|0.0012531280517578|0.0029585361480712
8|68|0.7870370370370371|0.0012750625610351|0.0029528141021728
8|69|0.7870370370370371|0.0013036727905273|0.0029609203338623
8|70|0.7870370370370371|0.0013275146484375|0.0029890537261962
8|71|0.7870370370370371|0.001307725906372|0.0030963420867919
8|72|0.7870370370370371|0.0013208389282226|0.0030739307403564
8|73|0.7870370370370371|0.0013294219970703|0.0031521320343017
8|74|0.7870370370370371|0.0013384819030761|0.0031194686889648
8|75|0.7870370370370371|0.0013647079467773|0.0031652450561523
8|76|0.7870370370370371|0.0013618469238281|0.0032026767730712
8|77|0.7870370370370371|0.0013916492462158|0.0032126903533935
8|78|0.7870370370370371|0.0014028549194335|0.0032899379730224
8|79|0.7870370370370371|0.0014185905456542|0.0033113956451416
8|80|0.7870370370370371|0.0014457702636718|0.003324270248413
8|81|0.7870370370370371|0.0014617443084716|0.0033342838287353
8|82|0.7870370370370371|0.001504898071289|0.0033633708953857
8|83|0.7870370370370371|0.001511812210083|0.0034067630767822
8|84|0.7870370370370371|0.0015199184417724|0.0034334659576416
8|85|0.7870370370370371|0.0015270709991455|0.003453254699707
8|86|0.7870370370370371|0.0015714168548583|0.0034785270690917
8|87|0.7870370370370371|0.001577615737915|0.003525972366333
8|88|0.7870370370370371|0.0015740394592285|0.0036170482635498
8|89|0.7870370370370371|0.0016117095947265|0.00356125831604
8|90|0.7870370370370371|0.0027174949645996|0.005080223083496
8|91|0.7870370370370371|0.001680850982666|0.0036687850952148
8|92|0.7870370370370371|0.0016846656799316|0.0036804676055908
8|93|0.7870370370370371|0.001676321029663|0.0036783218383789
8|94|0.7870370370370371|0.0016877651214599|0.0037002563476562
8|95|0.7870370370370371|0.001727819442749|0.0038306713104248
8|96|0.7870370370370371|0.0017461776733398|0.0037562847137451
8|97|0.7870370370370371|0.0017621517181396|0.0038750171661376
8|98|0.7870370370370371|0.0017547607421875|0.0038468837738037
8|99|0.7870370370370371|0.0017671585083007|0.0038168430328369
8|100|0.7870370370370371|0.0017657279968261|0.0038537979125976
8|101|0.7870370370370371|0.0017793178558349|0.0038540363311767
8|102|0.7870370370370371|0.0019218921661376|0.0038557052612304
8|103|0.7870370370370371|0.0018503665924072|0.003976821899414
8|104|0.7870370370370371|0.0018270015716552|0.0039796829223632
8|105|0.7870370370370371|0.001758337020874|0.0039198398590087
8|106|0.7870370370370371|0.0017628669738769|0.0039029121398925
8|107|0.7870370370370371|0.0017728805541992|0.0040283203125
8|108|0.7870370370370371|0.0018007755279541|0.0039277076721191
8|109|0.7870370370370371|0.0019543170928955|0.0039303302764892
8|110|0.7870370370370371|0.0019502639770507|0.004068374633789
8|111|0.7870370370370371|0.0020389556884765|0.0040271282196044
8|112|0.7870370370370371|0.0019574165344238|0.0040616989135742
8|113|0.7870370370370371|0.001976728439331|0.0040469169616699
8|114|0.7870370370370371|0.0019686222076416|0.0040569305419921
8|115|0.7870370370370371|0.0020489692687988|0.0040688514709472
8|116|0.7870370370370371|0.0020101070404052|0.00408935546875
8|117|0.7870370370370371|0.0019311904907226|0.004087209701538
8|118|0.7870370370370371|0.0019149780273437|0.0041329860687255
8|119|0.7870370370370371|0.0019788742065429|0.0041427612304687
8|120|0.7870370370370371|0.001920461654663|0.0041737556457519
8|121|0.7870370370370371|0.0019476413726806|0.0041680335998535
8|122|0.7870370370370371|0.0019361972808837|0.0041060447692871
8|123|0.7870370370370371|0.0019943714141845|0.0041360855102539
8|124|0.7870370370370371|0.0019547939300537|0.0041394233703613
8|125|0.7870370370370371|0.0019588470458984|0.0042536258697509
8|126|0.7870370370370371|0.0019698143005371|0.0041983127593994
8|127|0.7870370370370371|0.0019965171813964|0.0042805671691894
8|128|0.7870370370370371|0.0020911693572998|0.0041534900665283
8|129|0.7870370370370371|0.0020487308502197|0.0042026042938232
8|130|0.7870370370370371|0.0020620822906494|0.0041713714599609
8|131|0.7870370370370371|0.002077579498291|0.0042026042938232
8|132|0.7870370370370371|0.0021150112152099|0.0041775703430175
8|133|0.7870370370370371|0.0020952224731445|0.0042095184326171
8|134|0.7870370370370371|0.0021111965179443|0.0041854381561279
8|135|0.7870370370370371|0.0020999908447265|0.0042304992675781
8|136|0.7870370370370371|0.0021328926086425|0.0043525695800781
8|137|0.7870370370370371|0.0021636486053466|0.0042450428009033
8|138|0.7870370370370371|0.0021479129791259|0.0043344497680664
8|139|0.7870370370370371|0.0021655559539794|0.0043509006500244
8|140|0.7870370370370371|0.0021753311157226|0.0042815208435058
8|141|0.7870370370370371|0.0021791458129882|0.0043575763702392
9|20|0.6944444444444444|0.0012345314025878|
9|21|0.7222222222222222|0.0009639263153076|0.0013637542724609
9|22|0.7407407407407407|0.0009970664978027|0.0013465881347656
9|23|0.7314814814814815|0.0009891986846923|0.0014190673828125
9|24|0.7870370370370371|0.0009777545928955|0.001434326171875
9|25|0.7685185185185185|0.0009703636169433|0.0014803409576416
9|26|0.7685185185185185|0.0009710788726806|0.0015709400177001
9|27|0.7685185185185185|0.0009763240814208|0.0015439987182617
9|28|0.7592592592592593|0.0009803771972656|0.0016326904296875
9|29|0.7592592592592593|0.0009825229644775|0.0016274452209472
9|30|0.7407407407407407|0.0009934902191162|0.0017063617706298
9|31|0.75|0.0009853839874267|0.0018036365509033
9|32|0.7407407407407407|0.0010137557983398|0.0017669200897216
9|33|0.7407407407407407|0.0009970664978027|0.001828908920288
9|34|0.75|0.0010125637054443|0.0018560886383056
9|35|0.7685185185185185|0.0010347366333007|0.0018427371978759
9|36|0.7592592592592593|0.0010366439819335|0.0019376277923583
9|37|0.7592592592592593|0.0010187625885009|0.001965045928955
9|38|0.7685185185185185|0.0010812282562255|0.0019881725311279
9|39|0.7592592592592593|0.0010175704956054|0.002028465270996
9|40|0.7870370370370371|0.0010735988616943|0.0020704269409179
9|41|0.7592592592592593|0.0010623931884765|0.002061128616333
9|42|0.7685185185185185|0.0010862350463867|0.0021159648895263
9|43|0.7407407407407407|0.0010528564453125|0.0022394657135009
9|44|0.7592592592592593|0.0010826587677001|0.0022475719451904
9|45|0.75|0.001105785369873|0.0022685527801513
9|46|0.7870370370370371|0.0011126995086669|0.0022633075714111
9|47|0.7777777777777778|0.0010914802551269|0.0030105113983154
9|48|0.7870370370370371|0.0011131763458251|0.0023534297943115
9|49|0.7777777777777778|0.001086950302124|0.0024278163909912
9|50|0.7592592592592593|0.0011496543884277|0.0024075508117675
9|51|0.75|0.0011074542999267|0.0024254322052001
9|52|0.7592592592592593|0.0011484622955322|0.0025985240936279
9|53|0.7592592592592593|0.0011084079742431|0.0025446414947509
9|54|0.7777777777777778|0.0011653900146484|0.0025570392608642
9|55|0.7962962962962963|0.0011389255523681|0.0025904178619384
9|56|0.7962962962962963|0.0011682510375976|0.002603530883789
9|57|0.7962962962962963|0.0011465549468994|0.002690315246582
9|58|0.8148148148148148|0.0011708736419677|0.0026507377624511
9|59|0.7962962962962963|0.0011556148529052|0.0027518272399902
9|60|0.7962962962962963|0.0011830329895019|0.0027084350585937
9|61|0.7962962962962963|0.0011677742004394|0.0027351379394531
9|62|0.8055555555555556|0.0012214183807373|0.0027747154235839
9|63|0.7962962962962963|0.0011897087097167|0.0028238296508789
9|64|0.7962962962962963|0.0012164115905761|0.0029189586639404
9|65|0.7962962962962963|0.0012376308441162|0.002955675125122
9|66|0.7962962962962963|0.0012295246124267|0.0032191276550292
9|67|0.8240740740740741|0.0012471675872802|0.0030484199523925
9|68|0.8055555555555556|0.0012784004211425|0.003188133239746
9|69|0.7962962962962963|0.0012547969818115|0.0031311511993408
9|70|0.7870370370370371|0.001270055770874|0.0030980110168457
9|71|0.7962962962962963|0.0012879371643066|0.0031118392944335
9|72|0.8055555555555556|0.0012903213500976|0.003082275390625
9|73|0.8055555555555556|0.0013012886047363|0.0031464099884033
9|74|0.7962962962962963|0.0013394355773925|0.0032567977905273
9|75|0.7962962962962963|0.0013589859008789|0.0032391548156738
9|76|0.7870370370370371|0.0013506412506103|0.0033531188964843
9|77|0.7962962962962963|0.0013575553894042|0.0032293796539306
9|78|0.8055555555555556|0.0013713836669921|0.0035433769226074
9|79|0.8055555555555556|0.0013833045959472|0.0032784938812255
9|80|0.8055555555555556|0.0014286041259765|0.0033342838287353
9|81|0.7962962962962963|0.0014293193817138|0.0034637451171875
9|82|0.7962962962962963|0.0014293193817138|0.0035266876220703
9|83|0.8055555555555556|0.001457929611206|0.0035324096679687
9|84|0.7962962962962963|0.0015416145324707|0.0035469532012939
9|85|0.7962962962962963|0.0015089511871337|0.0036671161651611
9|86|0.8055555555555556|0.0015027523040771|0.0035851001739501
9|87|0.8055555555555556|0.0015647411346435|0.0035071372985839
9|88|0.8055555555555556|0.0015609264373779|0.0036334991455078
9|89|0.8055555555555556|0.0015835762023925|0.0036892890930175
9|90|0.8055555555555556|0.001603364944458|0.0036168098449707
9|91|0.8055555555555556|0.0016167163848876|0.003782033920288
9|92|0.8055555555555556|0.0016374588012695|0.0037357807159423
9|93|0.8055555555555556|0.0016431808471679|0.0037455558776855
9|94|0.8055555555555556|0.0016736984252929|0.0038099288940429
9|95|0.8055555555555556|0.0016858577728271|0.003852367401123
9|96|0.8055555555555556|0.0017569065093994|0.0037484169006347
9|97|0.8055555555555556|0.0026280879974365|0.0053682327270507
9|98|0.8055555555555556|0.0017528533935546|0.0038628578186035
9|99|0.8055555555555556|0.0018165111541748|0.0039215087890625
9|100|0.8055555555555556|0.0018272399902343|0.0038466453552246
9|101|0.8055555555555556|0.0017862319946289|0.003920555114746
9|102|0.8055555555555556|0.0017879009246826|0.0038907527923583
9|103|0.8055555555555556|0.0018279552459716|0.0039348602294921
9|104|0.8055555555555556|0.0018115043640136|0.0038988590240478
9|105|0.8055555555555556|0.0018434524536132|0.0039222240447998
9|106|0.8055555555555556|0.0018336772918701|0.003939151763916
9|107|0.8055555555555556|0.001910924911499|0.0040779113769531
9|108|0.8055555555555556|0.0018701553344726|0.0040938854217529
9|109|0.8055555555555556|0.0017900466918945|0.0040793418884277
9|110|0.8055555555555556|0.0017950534820556|0.0039889812469482
9|111|0.7870370370370371|0.0018906593322753|0.0040454864501953
9|112|0.7870370370370371|0.0018255710601806|0.0041835308074951
9|113|0.7870370370370371|0.001857042312622|0.0040161609649658
9|114|0.7870370370370371|0.0018467903137207|0.0042026042938232
9|115|0.7870370370370371|0.0018904209136962|0.0040891170501708
9|116|0.7870370370370371|0.0018658638000488|0.0042247772216796
9|117|0.7870370370370371|0.0018877983093261|0.0045247077941894
9|118|0.7870370370370371|0.0018906593322753|0.0041477680206298
9|119|0.7870370370370371|0.0019121170043945|0.0042526721954345
9|120|0.7870370370370371|0.0018677711486816|0.0040850639343261
9|121|0.7870370370370371|0.0018949508666992|0.0041456222534179
9|122|0.7870370370370371|0.001882791519165|0.0042319297790527
9|123|0.7870370370370371|0.0019338130950927|0.0042834281921386
9|124|0.7870370370370371|0.0019035339355468|0.0041174888610839
9|125|0.7870370370370371|0.0019140243530273|0.004300832748413
9|126|0.7962962962962963|0.0019407272338867|0.0041308403015136
9|127|0.7962962962962963|0.001955509185791|0.0046274662017822
9|128|0.7962962962962963|0.0019538402557373|0.0041346549987792
9|129|0.7962962962962963|0.0019576549530029|0.0042314529418945
9|130|0.7962962962962963|0.0019700527191162|0.0042860507965087
9|131|0.7962962962962963|0.0019857883453369|0.0042834281921386
9|132|0.7962962962962963|0.001965045928955|0.004183292388916
9|133|0.7962962962962963|0.001988410949707|0.0041844844818115
9|134|0.7962962962962963|0.0019960403442382|0.0043046474456787
9|135|0.7962962962962963|0.0019950866699218|0.004667043685913
9|136|0.7962962962962963|0.0019965171813964|0.0042505264282226
9|137|0.7962962962962963|0.0020129680633544|0.0041861534118652
9|138|0.7777777777777778|0.0020537376403808|0.0043880939483642
9|139|0.7777777777777778|0.0020568370819091|0.0043127536773681
9|140|0.7777777777777778|0.0020687580108642|0.0042421817779541
9|141|0.7870370370370371|0.0020935535430908|0.0043294429779052
6|20|0.5370370370370371|0.0014657974243164|
6|21|0.7037037037037037|0.0010349750518798|0.0013811588287353
6|22|0.7685185185185185|0.0010652542114257|0.0013625621795654
6|23|0.8148148148148148|0.0010290145874023|0.0013840198516845
6|24|0.7777777777777778|0.0010437965393066|0.0014412403106689
6|25|0.8611111111111112|0.001021385192871|0.0014746189117431
6|26|0.7685185185185185|0.0011098384857177|0.0015220642089843
6|27|0.8148148148148148|0.0010583400726318|0.0015549659729003
6|28|0.7870370370370371|0.0010974407196044|0.0016226768493652
6|29|0.75|0.0010328292846679|0.001631736755371
6|30|0.7592592592592593|0.001101016998291|0.001739501953125
6|31|0.7962962962962963|0.001044750213623|0.001763105392456
6|32|0.8425925925925926|0.0010602474212646|0.0017621517181396
6|33|0.8055555555555556|0.0010609626770019|0.0018343925476074
6|34|0.8055555555555556|0.0011076927185058|0.0018513202667236
6|35|0.7685185185185185|0.001065969467163|0.0018959045410156
6|36|0.8055555555555556|0.001136302947998|0.0019207000732421
6|37|0.7592592592592593|0.001068115234375|0.001976728439331
6|38|0.7870370370370371|0.0011720657348632|0.0019857883453369
6|39|0.8240740740740741|0.0010914802551269|0.0020136833190917
6|40|0.8703703703703703|0.0011394023895263|0.0020365715026855
6|41|0.8796296296296297|0.0011026859283447|0.0021016597747802
6|42|0.8888888888888888|0.0011482238769531|0.0021448135375976
6|43|0.8611111111111112|0.001145601272583|0.0021569728851318
6|44|0.8518518518518519|0.001183271408081|0.0022151470184326
6|45|0.8425925925925926|0.0011157989501953|0.0022535324096679
6|46|0.8333333333333334|0.0012173652648925|0.0022485256195068
6|47|0.8425925925925926|0.0011332035064697|0.0023145675659179
6|48|0.8518518518518519|0.0012183189392089|0.0023703575134277
6|49|0.8611111111111112|0.0011606216430664|0.0023703575134277
6|50|0.8611111111111112|0.0011928081512451|0.0023896694183349
6|51|0.8703703703703703|0.0011701583862304|0.0024232864379882
6|52|0.8796296296296297|0.0012626647949218|0.0024888515472412
6|53|0.8703703703703703|0.0011970996856689|0.0025210380554199
6|54|0.8796296296296297|0.001249074935913|0.0026297569274902
6|55|0.8611111111111112|0.0012235641479492|0.0025813579559326
6|56|0.8611111111111112|0.0012793540954589|0.0027096271514892
6|57|0.8611111111111112|0.0012440681457519|0.0027217864990234
6|58|0.8518518518518519|0.0012762546539306|0.0027167797088623
6|59|0.8518518518518519|0.0012514591217041|0.0027215480804443
6|60|0.8611111111111112|0.0013051033020019|0.0027844905853271
6|61|0.8611111111111112|0.0012776851654052|0.0028409957885742
6|62|0.8611111111111112|0.0013496875762939|0.0028176307678222
6|63|0.8611111111111112|0.0012991428375244|0.002901554107666
6|64|0.8425925925925926|0.0013103485107421|0.0029175281524658
6|65|0.8148148148148148|0.0012876987457275|0.0029566287994384
6|66|0.8333333333333334|0.0013046264648437|0.0029847621917724
6|67|0.8518518518518519|0.0013144016265869|0.0029609203338623
6|68|0.8148148148148148|0.0013606548309326|0.0030350685119628
6|69|0.7962962962962963|0.0013453960418701|0.0030493736267089
6|70|0.7962962962962963|0.001352310180664|0.0030891895294189
6|71|0.8425925925925926|0.0014033317565917|0.0031747817993164
6|72|0.8425925925925926|0.0014102458953857|0.0032076835632324
6|73|0.8611111111111112|0.0014178752899169|0.0031931400299072
6|74|0.8611111111111112|0.0014326572418212|0.0032682418823242
6|75|0.8518518518518519|0.0014212131500244|0.0033349990844726
6|76|0.8518518518518519|0.0014252662658691|0.003263235092163
6|77|0.8611111111111112|0.0014338493347167|0.0032587051391601
6|78|0.8611111111111112|0.0014503002166748|0.0033361911773681
6|79|0.8703703703703703|0.0014650821685791|0.0033278465270996
6|80|0.8611111111111112|0.0014824867248535|0.0033755302429199
6|81|0.8703703703703703|0.0015037059783935|0.0034501552581787
6|82|0.8703703703703703|0.0015223026275634|0.003462791442871
6|83|0.8703703703703703|0.001558780670166|0.0035057067871093
6|84|0.8703703703703703|0.0015628337860107|0.0034949779510498
6|85|0.8611111111111112|0.0015783309936523|0.0035116672515869
6|86|0.8611111111111112|0.001584768295288|0.0035400390625
6|87|0.8611111111111112|0.0016000270843505|0.0035951137542724
6|88|0.8611111111111112|0.0016233921051025|0.003636360168457
6|89|0.8611111111111112|0.0016524791717529|0.0036683082580566
6|90|0.8611111111111112|0.0016901493072509|0.003641128540039
6|91|0.8611111111111112|0.0016517639160156|0.0037565231323242
6|92|0.8611111111111112|0.0016858577728271|0.0037126541137695
6|93|0.8611111111111112|0.0017178058624267|0.0037465095520019
6|94|0.8611111111111112|0.0017347335815429|0.0037605762481689
6|95|0.8611111111111112|0.001755952835083|0.0037755966186523
6|96|0.8611111111111112|0.0017664432525634|0.0038933753967285
6|97|0.8611111111111112|0.0017681121826171|0.0038235187530517
6|98|0.8611111111111112|0.0018398761749267|0.0038518905639648
6|99|0.8611111111111112|0.0018150806427001|0.0038831233978271
6|100|0.8611111111111112|0.0018608570098876|0.0039124488830566
6|101|0.8611111111111112|0.0018537044525146|0.0040340423583984
6|102|0.8611111111111112|0.0018787384033203|0.0040528774261474
6|103|0.8611111111111112|0.0018987655639648|0.0041029453277587
6|104|0.8611111111111112|0.0018908977508544|0.0040504932403564
6|105|0.8611111111111112|0.0019400119781494|0.0040538311004638
6|106|0.8611111111111112|0.0019178390502929|0.0040876865386962
6|107|0.8611111111111112|0.001971960067749|0.004115343093872
6|108|0.8518518518518519|0.0019812583923339|0.0041069984436035
6|109|0.8518518518518519|0.0019557476043701|0.0041019916534423
6|110|0.8518518518518519|0.0019838809967041|0.0041561126708984
6|111|0.8518518518518519|0.0019729137420654|0.0041663646697998
6|112|0.8518518518518519|0.0019793510437011|0.0041158199310302
6|113|0.8518518518518519|0.0020499229431152|0.0041573047637939
6|114|0.8518518518518519|0.0020689964294433|0.0042142868041992
6|115|0.8518518518518519|0.00203537940979|0.0041821002960205
6|116|0.8518518518518519|0.0020639896392822|0.0041844844818115
6|117|0.8518518518518519|0.0020341873168945|0.0041756629943847
6|118|0.8518518518518519|0.0020680427551269|0.0042226314544677
6|119|0.8518518518518519|0.0020370483398437|0.0042369365692138
6|120|0.8518518518518519|0.0020434856414794|0.0042166709899902
6|121|0.8518518518518519|0.0020463466644287|0.0042400360107421
6|122|0.8518518518518519|0.0020856857299804|0.004244327545166
6|123|0.8518518518518519|0.002112865447998|0.004260778427124
6|124|0.8518518518518519|0.0021014213562011|0.0042426586151123
6|125|0.8611111111111112|0.0021703243255615|0.0042927265167236
6|126|0.8611111111111112|0.0022053718566894|0.0043637752532958
6|127|0.8611111111111112|0.0021910667419433|0.0043239593505859
6|128|0.8611111111111112|0.0022792816162109|0.0043704509735107
6|129|0.8611111111111112|0.0022239685058593|0.0043249130249023
6|130|0.8611111111111112|0.0022158622741699|0.0043644905090332
6|131|0.8611111111111112|0.002230167388916|0.0044093132019042
6|132|0.8611111111111112|0.002225637435913|0.0044882297515869
6|133|0.8611111111111112|0.0022351741790771|0.0043888092041015
6|134|0.8611111111111112|0.0023026466369628|0.004481554031372
6|135|0.8611111111111112|0.0023071765899658|0.0043861865997314
6|136|0.8611111111111112|0.0023159980773925|0.004429817199707
6|137|0.8611111111111112|0.0023450851440429|0.0044255256652832
6|138|0.8611111111111112|0.0023384094238281|0.0044293403625488
6|139|0.8611111111111112|0.0023255348205566|0.0044000148773193
6|140|0.8611111111111112|0.0023365020751953|0.0043797492980957
4|20|0.7777777777777778|0.0012891292572021|
4|21|0.7870370370370371|0.0010278224945068|0.0013806819915771
4|22|0.7870370370370371|0.0010585784912109|0.0013470649719238
4|23|0.7962962962962963|0.0010497570037841|0.0014045238494873
4|24|0.8055555555555556|0.00103759765625|0.0015244483947753
4|25|0.8055555555555556|0.0010323524475097|0.0015804767608642
4|26|0.8055555555555556|0.0010559558868408|0.0015761852264404
4|27|0.7777777777777778|0.0010380744934082|0.0015811920166015
4|28|0.7962962962962963|0.0010414123535156|0.0016250610351562
4|29|0.7777777777777778|0.001049518585205|0.0016613006591796
4|30|0.7685185185185185|0.0010886192321777|0.0017478466033935
4|31|0.7777777777777778|0.0010557174682617|0.0017776489257812
4|32|0.7777777777777778|0.0010619163513183|0.0018236637115478
4|33|0.7962962962962963|0.0010638236999511|0.0018279552459716
4|34|0.7962962962962963|0.0010874271392822|0.0019052028656005
4|35|0.8148148148148148|0.0010936260223388|0.0019330978393554
4|36|0.8148148148148148|0.0011260509490966|0.0018975734710693
4|37|0.8148148148148148|0.0011096000671386|0.00193452835083
4|38|0.8055555555555556|0.001136302947998|0.0020239353179931
4|39|0.8240740740740741|0.0011322498321533|0.0021002292633056
4|40|0.8240740740740741|0.0011320114135742|0.0020902156829833
4|41|0.8240740740740741|0.0011820793151855|0.0022773742675781
4|42|0.8240740740740741|0.001169204711914|0.0021967887878417
4|43|0.8240740740740741|0.0011937618255615|0.002204418182373
4|44|0.8333333333333334|0.0011937618255615|0.002256155014038
4|45|0.8240740740740741|0.0012011528015136|0.0024247169494628
4|46|0.8148148148148148|0.0011763572692871|0.002385139465332
4|47|0.8148148148148148|0.0011811256408691|0.0024445056915283
4|48|0.8148148148148148|0.0011923313140869|0.0023753643035888
4|49|0.8240740740740741|0.0012001991271972|0.0025150775909423
4|50|0.8240740740740741|0.0012128353118896|0.0023941993713378
4|51|0.8240740740740741|0.0012240409851074|0.0026266574859619
4|52|0.8240740740740741|0.0012276172637939|0.002518892288208
4|53|0.8240740740740741|0.0012576580047607|0.0025393962860107
4|54|0.8333333333333334|0.0012977123260498|0.0026967525482177
4|55|0.8055555555555556|0.0012729167938232|0.0027196407318115
4|56|0.8055555555555556|0.0012907981872558|0.0026931762695312
4|57|0.8055555555555556|0.0012850761413574|0.0026655197143554
4|58|0.8425925925925926|0.0012948513031005|0.0026783943176269
4|59|0.8055555555555556|0.0013391971588134|0.0028705596923828
4|60|0.8055555555555556|0.0013377666473388|0.00278902053833
4|61|0.8148148148148148|0.0013508796691894|0.0029466152191162
4|62|0.8148148148148148|0.0013535022735595|0.0028693675994873
4|63|0.8333333333333334|0.0013511180877685|0.0029642581939697
4|64|0.8425925925925926|0.0013575553894042|0.0030381679534912
4|65|0.8148148148148148|0.0013506412506103|0.0029923915863037
4|66|0.8333333333333334|0.0013768672943115|0.0029788017272949
4|67|0.8425925925925926|0.0013961791992187|0.0031359195709228
4|68|0.8425925925925926|0.0014116764068603|0.0031158924102783
4|69|0.8425925925925926|0.001406192779541|0.0031542778015136
4|70|0.8425925925925926|0.001422643661499|0.0031237602233886
4|71|0.8425925925925926|0.0014288425445556|0.0031154155731201
4|72|0.8148148148148148|0.0014750957489013|0.0033705234527587
4|73|0.8425925925925926|0.0014898777008056|0.0031721591949462
4|74|0.8425925925925926|0.0014936923980712|0.0033032894134521
4|75|0.8425925925925926|0.0015127658843994|0.0034098625183105
4|76|0.8425925925925926|0.001521348953247|0.0032794475555419
4|77|0.8425925925925926|0.0015459060668945|0.0033085346221923
4|78|0.8333333333333334|0.001577615737915|0.0034770965576171
4|79|0.8425925925925926|0.0015850067138671|0.0034544467926025
4|80|0.8425925925925926|0.001612901687622|0.0033695697784423
4|81|0.8425925925925926|0.0016460418701171|0.0035910606384277
4|82|0.8333333333333334|0.001622200012207|0.0035538673400878
4|83|0.8333333333333334|0.0016512870788574|0.0038192272186279
4|84|0.8425925925925926|0.0016860961914062|0.0035123825073242
4|85|0.8425925925925926|0.0016908645629882|0.0036334991455078
4|86|0.8425925925925926|0.0016839504241943|0.0035867691040039
4|87|0.8425925925925926|0.0017077922821044|0.0035946369171142
4|88|0.8425925925925926|0.0017192363739013|0.0036406517028808
4|89|0.8333333333333334|0.0017004013061523|0.0040254592895507
4|90|0.8333333333333334|0.0017473697662353|0.0037066936492919
4|91|0.8333333333333334|0.0017666816711425|0.0036990642547607
4|92|0.8333333333333334|0.0017871856689453|0.0039622783660888
4|93|0.8333333333333334|0.0032708644866943|0.0083703994750976
4|94|0.8333333333333334|0.0016405582427978|0.0039279460906982
4|95|0.8333333333333334|0.0017366409301757|0.0038795471191406
4|96|0.8333333333333334|0.0016541481018066|0.003829002380371
4|97|0.8333333333333334|0.0017299652099609|0.0039374828338623
4|98|0.8333333333333334|0.0017368793487548|0.004251480102539
4|99|0.8333333333333334|0.0017628669738769|0.0040578842163085
4|100|0.8333333333333334|0.0017299652099609|0.0041244029998779
4|101|0.8333333333333334|0.0017595291137695|0.004105806350708
4|102|0.8333333333333334|0.0017750263214111|0.0041642189025878
4|103|0.8333333333333334|0.0018253326416015|0.0042643547058105
4|104|0.8333333333333334|0.0017976760864257|0.0042030811309814
4|105|0.8333333333333334|0.0017976760864257|0.0042657852172851
4|106|0.8333333333333334|0.0018606185913085|0.0042335987091064
4|107|0.8333333333333334|0.0018422603607177|0.0042638778686523
4|108|0.8333333333333334|0.0018501281738281|0.0041224956512451
4|109|0.8333333333333334|0.0018274784088134|0.0043845176696777
4|110|0.8333333333333334|0.0018482208251953|0.0043213367462158
4|111|0.8333333333333334|0.0019178390502929|0.0041389465332031
4|112|0.8333333333333334|0.0018677711486816|0.0044395923614501
4|113|0.8333333333333334|0.0018720626831054|0.0045883655548095
4|114|0.8333333333333334|0.0019242763519287|0.0041742324829101
4|115|0.8333333333333334|0.0020081996917724|0.0043835639953613
4|116|0.8333333333333334|0.001922607421875|0.0044291019439697
4|117|0.8333333333333334|0.001971960067749|0.0044746398925781
4|118|0.8333333333333334|0.0019502639770507|0.0045533180236816
4|119|0.8333333333333334|0.001971960067749|0.0046613216400146
4|120|0.8333333333333334|0.0019502639770507|0.0045652389526367
4|121|0.8333333333333334|0.0019488334655761|0.0045018196105957
4|122|0.8333333333333334|0.0019552707672119|0.0046896934509277
4|123|0.8333333333333334|0.0020163059234619|0.0045323371887207
4|124|0.8333333333333334|0.0019915103912353|0.0045499801635742
4|125|0.8333333333333334|0.0019946098327636|0.0042853355407714
4|126|0.8333333333333334|0.0020179748535156|0.0043156147003173
4|127|0.8333333333333334|0.0020291805267333|0.0047414302825927
4|128|0.8333333333333334|0.0020716190338134|0.0045528411865234
4|129|0.8333333333333334|0.0020544528961181|0.0042886734008789
4|130|0.8333333333333334|0.0020453929901123|0.0043578147888183
4|131|0.8333333333333334|0.0020678043365478|0.0046310424804687
4|132|0.8333333333333334|0.0020945072174072|0.0045552253723144
4|133|0.8333333333333334|0.0020780563354492|0.0046544075012207
4|134|0.8333333333333334|0.0021259784698486|0.004786729812622
4|135|0.8333333333333334|0.0021495819091796|0.0047900676727294
4|136|0.8333333333333334|0.0021266937255859|0.0044162273406982
4|137|0.8333333333333334|0.0021452903747558|0.0044593811035156
4|138|0.8333333333333334|0.0021398067474365|0.0047810077667236
4|139|0.8333333333333334|0.0021543502807617|0.0045163631439208
4|140|0.8333333333333334|0.002192735671997|0.0043990612030029
7|142|0.8333333333333334|0.0020551681518554|0.0042681694030761
7|143|0.8333333333333334|0.0020747184753417|0.0045323371887207
7|144|0.8333333333333334|0.0020694732666015|0.004481554031372
7|145|0.8333333333333334|0.0020668506622314|0.0043132305145263
7|146|0.8333333333333334|0.0020914077758789|0.0045676231384277
7|147|0.8333333333333334|0.0021071434020996|0.0046184062957763
7|148|0.8333333333333334|0.0020833015441894|0.004288911819458
7|149|0.8333333333333334|0.0021033287048339|0.0046143531799316
7|150|0.8333333333333334|0.0021133422851562|0.0044121742248535
7|151|0.8333333333333334|0.0021026134490966|0.0042855739593505
7|152|0.8333333333333334|0.0021252632141113|0.0045580863952636
7|153|0.8333333333333334|0.0021343231201171|0.0043935775756835
7|154|0.8333333333333334|0.0021343231201171|0.0043530464172363
7|155|0.8333333333333334|0.0021338462829589|0.004446268081665
7|156|0.8333333333333334|0.0021705627441406|0.0045599937438964
7|157|0.8333333333333334|0.0021727085113525|0.0043156147003173
7|158|0.8333333333333334|0.0025177001953125|0.0045685768127441
7|159|0.8333333333333334|0.0024778842926025|0.0044398307800292
7|160|0.8333333333333334|0.0024764537811279|0.0043599605560302
7|161|0.8333333333333334|0.0024619102478027|0.0047483444213867
7|162|0.8333333333333334|0.0024566650390625|0.0045347213745117
3|141|0.7870370370370371|0.0023231506347656|0.0046527385711669
3|142|0.7870370370370371|0.0023229122161865|0.0044689178466796
3|143|0.7870370370370371|0.002347707748413|0.0046656131744384
3|144|0.7870370370370371|0.0023815631866455|0.0046632289886474
3|145|0.7870370370370371|0.0023725032806396|0.0044949054718017
3|146|0.7870370370370371|0.0023930072784423|0.0046806335449218
3|147|0.7870370370370371|0.0023558139801025|0.0047502517700195
3|148|0.7870370370370371|0.0023732185363769|0.0048134326934814
3|149|0.7870370370370371|0.0023844242095947|0.0047147274017333
3|150|0.7870370370370371|0.0023732185363769|0.0046823024749755
3|151|0.7870370370370371|0.0023818016052246|0.0047600269317626
3|152|0.7870370370370371|0.0024013519287109|0.0047180652618408
3|153|0.7870370370370371|0.0023829936981201|0.004648208618164
3|154|0.7870370370370371|0.0023801326751708|0.0043885707855224
3|155|0.7870370370370371|0.0023980140686035|0.0045552253723144
3|156|0.7870370370370371|0.0024175643920898|0.0044183731079101
3|157|0.7870370370370371|0.0024468898773193|0.0047605037689208
3|158|0.7870370370370371|0.0023653507232666|0.004819631576538
3|159|0.7870370370370371|0.0022361278533935|0.0043487548828125
3|160|0.7870370370370371|0.0022182464599609|0.0046861171722412
3|161|0.7870370370370371|0.0022242069244384|0.0045719146728515
3|162|0.7870370370370371|0.0032932758331298|0.0076470375061035
0|142|0.8333333333333334|0.0023362636566162|0.0044355392456054
0|143|0.8240740740740741|0.0023560523986816|0.0045406818389892
0|144|0.8240740740740741|0.0023705959320068|0.0045318603515625
0|145|0.8240740740740741|0.0024211406707763|0.0047955513000488
0|146|0.8240740740740741|0.0023825168609619|0.0044538974761962
0|147|0.8240740740740741|0.0023813247680664|0.0045270919799804
0|148|0.8240740740740741|0.002425193786621|0.0046296119689941
0|149|0.8240740740740741|0.0024230480194091|0.0044610500335693
0|150|0.8240740740740741|0.0024013519287109|0.0045249462127685
0|151|0.8240740740740741|0.0024189949035644|0.0046558380126953
0|152|0.8240740740740741|0.0024306774139404|0.0044820308685302
0|153|0.8240740740740741|0.0024604797363281|0.004521369934082
0|154|0.8240740740740741|0.0024781227111816|0.0046162605285644
0|155|0.8240740740740741|0.00248384475708|0.0045115947723388
0|156|0.8240740740740741|0.003589391708374|0.0060298442840576
0|157|0.8240740740740741|0.0025136470794677|0.0047698020935058
0|158|0.8240740740740741|0.0025584697723388|0.0044925212860107
0|159|0.8240740740740741|0.0025842189788818|0.0046436786651611
0|160|0.8240740740740741|0.0025827884674072|0.0046627521514892
0|161|0.8240740740740741|0.0025663375854492|0.0044896602630615
0|162|0.8240740740740741|0.0025405883789062|0.004561424255371
2|141|0.8518518518518519|0.0023510456085205|0.0046422481536865
2|142|0.8518518518518519|0.0023519992828369|0.0045475959777832
2|143|0.8518518518518519|0.0023527145385742|0.0046911239624023
2|144|0.8518518518518519|0.0023543834686279|0.0045826435089111
2|145|0.8518518518518519|0.0023856163024902|0.0044655799865722
2|146|0.8518518518518519|0.002357006072998|0.0045375823974609
2|147|0.8518518518518519|0.0023903846740722|0.0045816898345947
2|148|0.8518518518518519|0.0023970603942871|0.004746675491333
2|149|0.8518518518518519|0.0024199485778808|0.0044214725494384
2|150|0.8518518518518519|0.0024049282073974|0.0044338703155517
2|151|0.8518518518518519|0.0024209022521972|0.0045857429504394
2|152|0.8518518518518519|0.0024263858795166|0.0044610500335693
2|153|0.8518518518518519|0.0024857521057128|0.0047345161437988
2|154|0.8518518518518519|0.0027937889099121|0.0050234794616699
2|155|0.8518518518518519|0.0025451183319091|0.0045199394226074
2|156|0.8518518518518519|0.0024905204772949|0.0045390129089355
2|157|0.8518518518518519|0.0025098323822021|0.0045433044433593
2|158|0.8518518518518519|0.002516746520996|0.0044858455657958
2|159|0.8518518518518519|0.002582311630249|0.0045945644378662
2|160|0.8518518518518519|0.0025675296783447|0.0046174526214599
2|161|0.8518518518518519|0.0025017261505126|0.0046801567077636
2|162|0.8518518518518519|0.0024976730346679|0.0048460960388183
9|142|0.7870370370370371|0.0020997524261474|0.0044295787811279
9|143|0.7870370370370371|0.0021047592163085|0.0042827129364013
9|144|0.7870370370370371|0.002124547958374|0.0043203830718994
9|145|0.7870370370370371|0.0021405220031738|0.0043957233428955
9|146|0.7870370370370371|0.0021321773529052|0.0044324398040771
9|147|0.7870370370370371|0.002150535583496|0.0044496059417724
9|148|0.7870370370370371|0.0021584033966064|0.0044324398040771
9|149|0.7870370370370371|0.0021507740020751|0.0043072700500488
9|150|0.7870370370370371|0.0021483898162841|0.0043234825134277
9|151|0.7870370370370371|0.0021674633026123|0.00445556640625
9|152|0.7870370370370371|0.0021679401397705|0.0043449401855468
9|153|0.7870370370370371|0.0021944046020507|0.0044097900390625
9|154|0.7870370370370371|0.0021905899047851|0.0043742656707763
9|155|0.7870370370370371|0.0022075176239013|0.0043318271636962
9|156|0.7870370370370371|0.0022323131561279|0.0047752857208251
9|157|0.7870370370370371|0.0022070407867431|0.0045757293701171
9|158|0.7870370370370371|0.0021338462829589|0.0042362213134765
9|159|0.7870370370370371|0.002838134765625|0.0051467418670654
9|160|0.7870370370370371|0.0025773048400878|0.0053906440734863
9|161|0.7870370370370371|0.0022709369659423|0.0042393207550048
9|162|0.7870370370370371|0.00246262550354|0.004462718963623
8|142|0.7870370370370371|0.0021820068359375|0.0042674541473388
8|143|0.7870370370370371|0.0021920204162597|0.00431489944458
8|144|0.7870370370370371|0.0022270679473876|0.0043807029724121
8|145|0.7870370370370371|0.0022134780883789|0.0042881965637207
8|146|0.7870370370370371|0.0022122859954833|0.004296064376831
8|147|0.7870370370370371|0.0022237300872802|0.0042972564697265
8|148|0.7870370370370371|0.0022482872009277|0.0043098926544189
8|149|0.7870370370370371|0.0022575855255126|0.004300832748413
8|150|0.7870370370370371|0.0022764205932617|0.0042901039123535
8|151|0.7870370370370371|0.002272605895996|0.0043771266937255
8|152|0.7870370370370371|0.0022785663604736|0.0043220520019531
8|153|0.7870370370370371|0.0023062229156494|0.004404067993164
8|154|0.7870370370370371|0.00230073928833|0.0043203830718994
8|155|0.7870370370370371|0.0023064613342285|0.0043103694915771
8|156|0.7870370370370371|0.0022914409637451|0.0043070316314697
8|157|0.7870370370370371|0.0023200511932373|0.0043361186981201
8|158|0.7870370370370371|0.0072810649871826|0.0043518543243408
8|159|0.7870370370370371|0.0026502609252929|0.0046508312225341
8|160|0.7870370370370371|0.0025985240936279|0.0043587684631347
8|161|0.7870370370370371|0.0025432109832763|0.0043540000915527
8|162|0.7870370370370371|0.0026354789733886|0.0043575763702392
1|141|0.8240740740740741|0.0023350715637207|0.0048348903656005
1|142|0.8240740740740741|0.0023601055145263|0.0046367645263671
1|143|0.8240740740740741|0.0023396015167236|0.0046720504760742
1|144|0.8240740740740741|0.0023455619812011|0.0044493675231933
1|145|0.8240740740740741|0.0023491382598876|0.004521369934082
1|146|0.8240740740740741|0.002392292022705|0.0044667720794677
1|147|0.8240740740740741|0.0023784637451171|0.0046427249908447
1|148|0.8240740740740741|0.0024037361145019|0.0046536922454833
1|149|0.8240740740740741|0.0023972988128662|0.0047311782836914
1|150|0.8240740740740741|0.002408742904663|0.0046594142913818
1|151|0.8240740740740741|0.0024406909942626|0.0045080184936523
1|152|0.8240740740740741|0.002415657043457|0.0045580863952636
1|153|0.8240740740740741|0.0029413700103759|0.0051369667053222
1|154|0.8240740740740741|0.0024418830871582|0.0046684741973876
1|155|0.8240740740740741|0.0024623870849609|0.0047378540039062
1|156|0.8240740740740741|0.0024487972259521|0.0046002864837646
1|157|0.8240740740740741|0.0024871826171875|0.0048089027404785
1|158|0.8240740740740741|0.0025069713592529|0.0047845840454101
1|159|0.8240740740740741|0.0025503635406494|0.0045452117919921
1|160|0.8240740740740741|0.0025177001953125|0.0047895908355712
1|161|0.8240740740740741|0.0025088787078857|0.0048868656158447
1|162|0.8240740740740741|0.0025985240936279|0.0046699047088623
5|142|0.8611111111111112|0.0021672248840332|0.0044662952423095
5|143|0.8611111111111112|0.0021910667419433|0.0045497417449951
5|144|0.8611111111111112|0.0021727085113525|0.004728078842163
5|145|0.8611111111111112|0.0022187232971191|0.0043473243713378
5|146|0.8611111111111112|0.0022344589233398|0.0047955513000488
5|147|0.8611111111111112|0.0022389888763427|0.00449800491333
5|148|0.8611111111111112|0.0022339820861816|0.0045223236083984
5|149|0.8611111111111112|0.0022430419921875|0.0044326782226562
5|150|0.8611111111111112|0.002265453338623|0.0044550895690917
5|151|0.8611111111111112|0.0022666454315185|0.0044727325439453
5|152|0.8611111111111112|0.0022730827331542|0.0044550895690917
5|153|0.8611111111111112|0.0023932456970214|0.0045037269592285
5|154|0.8611111111111112|0.0022904872894287|0.0046062469482421
5|155|0.8611111111111112|0.0022950172424316|0.0045170783996582
5|156|0.8611111111111112|0.0023303031921386|0.0045657157897949
5|157|0.8611111111111112|0.0022437572479248|0.0045697689056396
5|158|0.8611111111111112|0.0022835731506347|0.004359483718872
5|159|0.8611111111111112|0.0023417472839355|0.0044219493865966
5|160|0.8611111111111112|0.0024640560150146|0.0043821334838867
5|161|0.8611111111111112|0.0026192665100097|0.0045728683471679
5|162|0.8611111111111112|0.0026247501373291|0.0045883655548095
6|141|0.8611111111111112|0.0023026466369628|0.0044708251953125
6|142|0.8611111111111112|0.0023107528686523|0.0044541358947753
6|143|0.8611111111111112|0.0023422241210937|0.004443883895874
6|144|0.8518518518518519|0.0023269653320312|0.0044410228729248
6|145|0.8425925925925926|0.0023880004882812|0.0044429302215576
6|146|0.8425925925925926|0.0023953914642333|0.0045478343963623
6|147|0.8425925925925926|0.0024454593658447|0.0044581890106201
6|148|0.8425925925925926|0.0024056434631347|0.0044753551483154
6|149|0.8425925925925926|0.0023636817932128|0.0045385360717773
6|150|0.8425925925925926|0.0023863315582275|0.0045611858367919
6|151|0.8425925925925926|0.0023832321166992|0.0044820308685302
6|152|0.8425925925925926|0.002467393875122|0.0045511722564697
6|153|0.8425925925925926|0.0024168491363525|0.0044777393341064
6|154|0.8425925925925926|0.0024192333221435|0.0045056343078613
6|155|0.8425925925925926|0.0024375915527343|0.0044929981231689
6|156|0.8703703703703703|0.0025908946990966|0.0045490264892578
6|157|0.8703703703703703|0.0025434494018554|0.004523754119873
6|158|0.8703703703703703|0.0025324821472167|0.0045282840728759
6|159|0.8703703703703703|0.0025506019592285|0.0045278072357177
6|160|0.8703703703703703|0.0026943683624267|0.0045340061187744
6|161|0.8703703703703703|0.0027885437011718|0.0045585632324218
6|162|0.8703703703703703|0.0029528141021728|0.0047259330749511
4|141|0.8333333333333334|0.0021750926971435|0.0044858455657958
4|142|0.8333333333333334|0.0021984577178955|0.0044467449188232
4|143|0.8333333333333334|0.0022263526916503|0.0046088695526123
4|144|0.8333333333333334|0.0022082328796386|0.0045142173767089
4|145|0.8333333333333334|0.0022284984588623|0.00478196144104
4|146|0.8333333333333334|0.0022342205047607|0.0047731399536132
4|147|0.8333333333333334|0.0022361278533935|0.0047218799591064
4|148|0.8333333333333334|0.0022649765014648|0.0046687126159667
4|149|0.8333333333333334|0.0022799968719482|0.0046443939208984
4|150|0.8333333333333334|0.0022308826446533|0.0047278404235839
4|151|0.8333333333333334|0.0022125244140625|0.004443883895874
4|152|0.8333333333333334|0.0022432804107666|0.0048270225524902
4|153|0.8333333333333334|0.0022563934326171|0.0047571659088134
4|154|0.8333333333333334|0.0021789073944091|0.0043802261352539
4|155|0.8333333333333334|0.0022056102752685|0.0044264793395996
4|156|0.8333333333333334|0.0023179054260253|0.0047178268432617
4|157|0.8333333333333334|0.0024032592773437|0.0043311119079589
4|158|0.8333333333333334|0.0025351047515869|0.0046207904815673
4|159|0.8333333333333334|0.0025386810302734|0.0048162937164306
4|160|0.8333333333333334|0.0025732517242431|0.0045192241668701
4|161|0.8333333333333334|0.0026209354400634|0.0044467449188232
4|162|0.8333333333333334|0.002683401107788|0.0046312808990478
12|20|0.7777777777777778|0.0014865398406982|
12|21|0.7962962962962963|0.0009572505950927|0.0014219284057617
12|22|0.8240740740740741|0.0010616779327392|0.0013916492462158
12|23|0.8240740740740741|0.0010023117065429|0.0013833045959472
12|24|0.8240740740740741|0.0010297298431396|0.001469612121582
12|25|0.8333333333333334|0.0009946823120117|0.001544713973999
12|26|0.8055555555555556|0.0009808540344238|0.0015647411346435
12|27|0.8240740740740741|0.0010092258453369|0.0015652179718017
12|28|0.7962962962962963|0.0010442733764648|0.0015945434570312
12|29|0.7962962962962963|0.0010030269622802|0.0016803741455078
12|30|0.7592592592592593|0.0010387897491455|0.0016984939575195
12|31|0.7870370370370371|0.0010075569152832|0.001713752746582
12|32|0.8333333333333334|0.0010156631469726|0.001744270324707
12|33|0.8333333333333334|0.0009882450103759|0.0018620491027832
12|34|0.8518518518518519|0.0010585784912109|0.0018739700317382
12|35|0.8518518518518519|0.0010585784912109|0.0018696784973144
12|36|0.8425925925925926|0.0010898113250732|0.0019934177398681
12|37|0.8518518518518519|0.0010192394256591|0.0019834041595458
12|38|0.8333333333333334|0.0011439323425292|0.0020856857299804
12|39|0.8240740740740741|0.001035451889038|0.0021119117736816
12|40|0.8333333333333334|0.0011284351348876|0.0021073818206787
12|41|0.8333333333333334|0.0010368824005126|0.002063512802124
12|42|0.8425925925925926|0.0011098384857177|0.0021629333496093
12|43|0.8611111111111112|0.0010602474212646|0.0022368431091308
12|44|0.8611111111111112|0.0011193752288818|0.0021853446960449
12|45|0.8611111111111112|0.0010592937469482|0.00221848487854
12|46|0.8611111111111112|0.0011801719665527|0.0022749900817871
12|47|0.8518518518518519|0.0010809898376464|0.002364158630371
12|48|0.8425925925925926|0.0011584758758544|0.0024027824401855
12|49|0.8518518518518519|0.0010871887207031|0.0023815631866455
12|50|0.8333333333333334|0.0011377334594726|0.002408742904663
12|51|0.8425925925925926|0.0011012554168701|0.0024185180664062
12|52|0.8611111111111112|0.0011813640594482|0.002476692199707
12|53|0.8518518518518519|0.0011065006256103|0.0024833679199218
12|54|0.8611111111111112|0.0012283325195312|0.0025272369384765
12|55|0.8425925925925926|0.0011379718780517|0.0026254653930664
12|56|0.8240740740740741|0.001232624053955|0.0026202201843261
12|57|0.8333333333333334|0.0011518001556396|0.0027916431427001
12|58|0.8240740740740741|0.0012154579162597|0.0027661323547363
12|59|0.8240740740740741|0.0011758804321289|0.002695083618164
12|60|0.8240740740740741|0.0012922286987304|0.0028445720672607
12|61|0.8240740740740741|0.0011906623840332|0.0028648376464843
12|62|0.8240740740740741|0.0013151168823242|0.0027854442596435
12|63|0.8425925925925926|0.0012183189392089|0.0029370784759521
12|64|0.8333333333333334|0.0012438297271728|0.0029335021972656
12|65|0.8240740740740741|0.001220703125|0.0028774738311767
12|66|0.8240740740740741|0.0012300014495849|0.0029292106628417
12|67|0.8240740740740741|0.0012373924255371|0.0031642913818359
12|68|0.8518518518518519|0.0012474060058593|0.0030875205993652
12|69|0.8425925925925926|0.0012640953063964|0.0031454563140869
12|70|0.8611111111111112|0.0012769699096679|0.0032687187194824
12|71|0.8611111111111112|0.0012822151184082|0.0031993389129638
12|72|0.8611111111111112|0.0012946128845214|0.0031936168670654
12|73|0.8611111111111112|0.0013251304626464|0.0033516883850097
12|74|0.8518518518518519|0.001352310180664|0.0033962726593017
12|75|0.8518518518518519|0.0013794898986816|0.0032293796539306
12|76|0.8518518518518519|0.0013587474822998|0.0033745765686035
12|77|0.8611111111111112|0.0013790130615234|0.0033938884735107
12|78|0.8611111111111112|0.0014066696166992|0.003415822982788
12|79|0.8611111111111112|0.0014266967773437|0.0035593509674072
12|80|0.8518518518518519|0.0014281272888183|0.0034291744232177
12|81|0.8611111111111112|0.0014419555664062|0.0035209655761718
12|82|0.8611111111111112|0.0014452934265136|0.0035872459411621
12|83|0.8518518518518519|0.0014874935150146|0.0035221576690673
12|84|0.8518518518518519|0.001455545425415|0.0036923885345458
12|85|0.8518518518518519|0.0014810562133789|0.0035066604614257
12|86|0.8518518518518519|0.0015017986297607|0.0037996768951416
12|87|0.8518518518518519|0.0014936923980712|0.0038480758666992
12|88|0.8518518518518519|0.0015358924865722|0.0036578178405761
12|89|0.8518518518518519|0.0015511512756347|0.0037915706634521
12|90|0.8518518518518519|0.0015652179718017|0.0037734508514404
12|91|0.8425925925925926|0.0018746852874755|0.0037992000579833
12|92|0.8425925925925926|0.001591682434082|0.0037002563476562
12|93|0.8425925925925926|0.0016241073608398|0.0038788318634033
12|94|0.8425925925925926|0.0016357898712158|0.0040218830108642
12|95|0.8425925925925926|0.0016546249389648|0.0039117336273193
12|96|0.8518518518518519|0.0016498565673828|0.0038857460021972
12|97|0.8425925925925926|0.0016546249389648|0.0038437843322753
12|98|0.8425925925925926|0.0016872882843017|0.0039615631103515
12|99|0.8425925925925926|0.0017611980438232|0.0038733482360839
12|100|0.8425925925925926|0.0017201900482177|0.0041112899780273
12|101|0.8425925925925926|0.0017237663269042|0.003995656967163
12|102|0.8518518518518519|0.0017480850219726|0.0040974617004394
12|103|0.8518518518518519|0.0018086433410644|0.0039803981781005
12|104|0.8518518518518519|0.0017707347869873|0.004319429397583
12|105|0.8518518518518519|0.0018136501312255|0.0041034221649169
12|106|0.8518518518518519|0.0017979145050048|0.0040938854217529
12|107|0.8518518518518519|0.001838207244873|0.0042059421539306
12|108|0.8518518518518519|0.0018367767333984|0.004223346710205
12|109|0.8518518518518519|0.0018472671508789|0.0043897628784179
12|110|0.8518518518518519|0.0018432140350341|0.0041170120239257
12|111|0.8518518518518519|0.0018942356109619|0.0042660236358642
12|112|0.8518518518518519|0.0018553733825683|0.0041553974151611
12|113|0.8518518518518519|0.001868724822998|0.0042428970336914
12|114|0.8518518518518519|0.0018608570098876|0.0042705535888671
12|115|0.8518518518518519|0.0019142627716064|0.00419282913208
12|116|0.8518518518518519|0.0018999576568603|0.0043253898620605
12|117|0.8518518518518519|0.001960277557373|0.0043182373046875
12|118|0.8518518518518519|0.0019216537475585|0.004328966140747
12|119|0.8518518518518519|0.0019381046295166|0.0043327808380126
12|120|0.8518518518518519|0.0019006729125976|0.0044155120849609
12|121|0.8518518518518519|0.0019218921661376|0.0043058395385742
12|122|0.8518518518518519|0.0019383430480957|0.0043015480041503
12|123|0.8518518518518519|0.001986026763916|0.0043270587921142
12|124|0.8518518518518519|0.0019538402557373|0.00419282913208
12|125|0.8518518518518519|0.0019700527191162|0.0043511390686035
12|126|0.8518518518518519|0.0020058155059814|0.0044107437133789
12|127|0.8425925925925926|0.0020468235015869|0.0042235851287841
12|128|0.8425925925925926|0.0020782947540283|0.004606008529663
12|129|0.8425925925925926|0.0020382404327392|0.0043742656707763
12|130|0.8425925925925926|0.0020587444305419|0.004465103149414
12|131|0.8333333333333334|0.0021042823791503|0.004305362701416
12|132|0.8333333333333334|0.0020935535430908|0.0044925212860107
12|133|0.8333333333333334|0.0021202564239501|0.00459885597229
12|134|0.8333333333333334|0.0021169185638427|0.0045032501220703
12|135|0.8333333333333334|0.002124547958374|0.0043554306030273
12|136|0.8333333333333334|0.0021426677703857|0.0045621395111083
12|137|0.8333333333333334|0.0021336078643798|0.0045111179351806
12|138|0.8333333333333334|0.0021235942840576|0.0046572685241699
19|20|0.8055555555555556|0.0012423992156982|
19|21|0.7870370370370371|0.0009469985961914|0.0012929439544677
19|22|0.7962962962962963|0.000986099243164|0.0013234615325927
19|23|0.8240740740740741|0.0009591579437255|0.0013873577117919
19|24|0.8055555555555556|0.0009748935699462|0.0013830661773681
19|25|0.8148148148148148|0.0009572505950927|0.0014314651489257
19|26|0.8055555555555556|0.0010411739349365|0.0015161037445068
19|27|0.8240740740740741|0.000978946685791|0.0015180110931396
19|28|0.8240740740740741|0.0009810924530029|0.0015816688537597
19|29|0.8055555555555556|0.000986099243164|0.0016572475433349
19|30|0.8055555555555556|0.0010595321655273|0.0017287731170654
19|31|0.8240740740740741|0.0009870529174804|0.0016934871673583
19|32|0.8240740740740741|0.0009844303131103|0.0017397403717041
19|33|0.8055555555555556|0.0009918212890625|0.0017483234405517
19|34|0.7870370370370371|0.001023530960083|0.0019605159759521
19|35|0.8148148148148148|0.0010342597961425|0.0018444061279296
19|36|0.8148148148148148|0.0010979175567626|0.0018856525421142
19|37|0.8240740740740741|0.0010011196136474|0.001924991607666
19|38|0.8055555555555556|0.0010521411895751|0.0019838809967041
19|39|0.8148148148148148|0.0010144710540771|0.0020554065704345
19|40|0.8055555555555556|0.0010702610015869|0.0020263195037841
19|41|0.8055555555555556|0.0010821819305419|0.0020709037780761
19|42|0.8240740740740741|0.0010774135589599|0.0022590160369873
19|43|0.8148148148148148|0.0010392665863037|0.0021891593933105
19|44|0.8148148148148148|0.0010626316070556|0.0021941661834716
19|45|0.7962962962962963|0.001042366027832|0.002199649810791
19|46|0.7777777777777778|0.0010988712310791|0.0023334026336669
19|47|0.8055555555555556|0.0010633468627929|0.0023543834686279
19|48|0.7870370370370371|0.0011096000671386|0.0023829936981201
19|49|0.7870370370370371|0.0010886192321777|0.0024340152740478
19|50|0.7870370370370371|0.0011544227600097|0.0025634765625
19|51|0.7777777777777778|0.0010902881622314|0.0025739669799804
19|52|0.7777777777777778|0.0011615753173828|0.0026021003723144
19|53|0.7962962962962963|0.0011630058288574|0.0025603771209716
19|54|0.7870370370370371|0.0011837482452392|0.0026359558105468
19|55|0.8148148148148148|0.001164436340332|0.002622365951538
19|56|0.8055555555555556|0.001206636428833|0.0026681423187255
19|57|0.7962962962962963|0.0015349388122558|0.0027186870574951
19|58|0.7962962962962963|0.0011885166168212|0.0028088092803955
19|59|0.7870370370370371|0.0011608600616455|0.0028078556060791
19|60|0.7777777777777778|0.0012297630310058|0.0027287006378173
19|61|0.7870370370370371|0.0012071132659912|0.0028905868530273
19|62|0.7777777777777778|0.0012364387512207|0.0028259754180908
19|63|0.7777777777777778|0.0012037754058837|0.0029253959655761
19|64|0.7962962962962963|0.0012385845184326|0.0029296875
19|65|0.7962962962962963|0.0012295246124267|0.0029261112213134
19|66|0.7962962962962963|0.001216173171997|0.002953290939331
19|67|0.7870370370370371|0.0012156963348388|0.0028910636901855
19|68|0.7870370370370371|0.0012187957763671|0.003091812133789
19|69|0.7870370370370371|0.0012392997741699|0.0030384063720703
19|70|0.7870370370370371|0.0012488365173339|0.0030696392059326
19|71|0.7870370370370371|0.0012698173522949|0.0030345916748046
19|72|0.7870370370370371|0.0013270378112792|0.0031824111938476
19|73|0.7777777777777778|0.0013048648834228|0.0032827854156494
19|74|0.7870370370370371|0.0013158321380615|0.0031604766845703
19|75|0.7870370370370371|0.0013470649719238|0.0032851696014404
19|76|0.7870370370370371|0.0013389587402343|0.0032484531402587
19|77|0.7870370370370371|0.0013518333435058|0.0031859874725341
19|78|0.7777777777777778|0.0013697147369384|0.0032510757446289
19|79|0.7777777777777778|0.0014052391052246|0.0033891201019287
19|80|0.7777777777777778|0.001483678817749|0.0040812492370605
19|81|0.7777777777777778|0.0014970302581787|0.0034651756286621
19|82|0.7777777777777778|0.0014746189117431|0.0035984516143798
19|83|0.7870370370370371|0.0015017986297607|0.0034213066101074
19|84|0.7777777777777778|0.0015137195587158|0.0036141872406005
19|85|0.7870370370370371|0.0015323162078857|0.0034325122833251
19|86|0.7870370370370371|0.0015499591827392|0.0034637451171875
19|87|0.7870370370370371|0.0015468597412109|0.0035550594329833
19|88|0.7870370370370371|0.0015623569488525|0.0036778450012207
19|89|0.7870370370370371|0.0015633106231689|0.0035312175750732
19|90|0.7870370370370371|0.0015876293182373|0.0038168430328369
19|91|0.7870370370370371|0.0016088485717773|0.0037617683410644
19|92|0.7870370370370371|0.0016365051269531|0.0037288665771484
19|93|0.7870370370370371|0.0016455650329589|0.003819465637207
19|94|0.7870370370370371|0.0016524791717529|0.0039122104644775
19|95|0.7870370370370371|0.0016639232635498|0.0038189888000488
19|96|0.7870370370370371|0.002591848373413|0.0052850246429443
19|97|0.7870370370370371|0.001694917678833|0.0038948059082031
19|98|0.7870370370370371|0.0016624927520751|0.0037915706634521
19|99|0.7870370370370371|0.0016853809356689|0.0038979053497314
19|100|0.7870370370370371|0.0016958713531494|0.003913402557373
19|101|0.7870370370370371|0.0016725063323974|0.0039775371551513
19|102|0.7870370370370371|0.0017271041870117|0.0039803981781005
19|103|0.7870370370370371|0.001723289489746|0.0041286945343017
19|104|0.7870370370370371|0.0016951560974121|0.0038785934448242
19|105|0.7870370370370371|0.0017225742340087|0.0040276050567626
19|106|0.7870370370370371|0.0017151832580566|0.0042030811309814
19|107|0.7870370370370371|0.00175142288208|0.0040223598480224
19|108|0.7870370370370371|0.0017330646514892|0.0039858818054199
19|109|0.7870370370370371|0.0017602443695068|0.0039670467376708
19|110|0.7870370370370371|0.001749038696289|0.0042648315429687
19|111|0.7870370370370371|0.0017848014831542|0.0041563510894775
19|112|0.7870370370370371|0.0017530918121337|0.0041766166687011
19|113|0.7870370370370371|0.0017464160919189|0.0041632652282714
19|114|0.7870370370370371|0.0017948150634765|0.004288911819458
19|115|0.7870370370370371|0.0018420219421386|0.0039918422698974
19|116|0.7870370370370371|0.0018000602722167|0.0040230751037597
19|117|0.7870370370370371|0.0018138885498046|0.0040311813354492
19|118|0.7870370370370371|0.0018129348754882|0.0042774677276611
19|119|0.7870370370370371|0.0018420219421386|0.0040891170501708
19|120|0.7870370370370371|0.0018370151519775|0.0042095184326171
19|121|0.7870370370370371|0.0018236637115478|0.0042846202850341
19|122|0.7870370370370371|0.0018720626831054|0.0042154788970947
19|123|0.7870370370370371|0.0018656253814697|0.0042815208435058
19|124|0.7870370370370371|0.0018680095672607|0.0040721893310546
19|125|0.7870370370370371|0.0018882751464843|0.0042595863342285
19|126|0.7870370370370371|0.0019145011901855|0.0040664672851562
19|127|0.7870370370370371|0.0019214153289794|0.0044496059417724
19|128|0.7870370370370371|0.0019643306732177|0.0041005611419677
19|129|0.7870370370370371|0.0020067691802978|0.0042035579681396
19|130|0.7870370370370371|0.0019936561584472|0.0044853687286376
19|131|0.7870370370370371|0.0019984245300292|0.004267930984497
19|132|0.7870370370370371|0.0020227432250976|0.0042309761047363
19|133|0.7870370370370371|0.0020489692687988|0.0046510696411132
19|134|0.7870370370370371|0.00205659866333|0.0043892860412597
19|135|0.7870370370370371|0.0020246505737304|0.0043823719024658
19|136|0.7870370370370371|0.0020813941955566|0.0041835308074951
19|137|0.7870370370370371|0.0020644664764404|0.0045316219329833
19|138|0.7870370370370371|0.0020720958709716|0.0044810771942138
19|139|0.7870370370370371|0.0020616054534912|0.004533052444458
16|20|0.7870370370370371|0.0012500286102294|
16|21|0.75|0.0009419918060302|0.0013065338134765
16|22|0.6666666666666666|0.001030683517456|0.0013289451599121
16|23|0.7407407407407407|0.0009572505950927|0.0013446807861328
16|24|0.7685185185185185|0.0009815692901611|0.0014123916625976
16|25|0.7777777777777778|0.0009627342224121|0.0014421939849853
16|26|0.7314814814814815|0.0009825229644775|0.0014634132385253
16|27|0.7407407407407407|0.0009808540344238|0.00156831741333
16|28|0.7777777777777778|0.0009975433349609|0.0015780925750732
16|29|0.8055555555555556|0.0010123252868652|0.0016491413116455
16|30|0.7777777777777778|0.0010042190551757|0.0016422271728515
16|31|0.7870370370370371|0.0010037422180175|0.0017037391662597
16|32|0.7962962962962963|0.000990867614746|0.0017189979553222
16|33|0.7592592592592593|0.0009965896606445|0.0018110275268554
16|34|0.75|0.0010237693786621|0.0017979145050048
16|35|0.75|0.0010032653808593|0.0018460750579833
16|36|0.7592592592592593|0.0010440349578857|0.001875877380371
16|37|0.7592592592592593|0.0010228157043457|0.0019118785858154
16|38|0.75|0.0010716915130615|0.001943826675415
16|39|0.75|0.0010311603546142|0.002000093460083
16|40|0.7592592592592593|0.0010929107666015|0.0020074844360351
16|41|0.7685185185185185|0.0010333061218261|0.0021278858184814
16|42|0.7870370370370371|0.0010592937469482|0.0021083354949951
16|43|0.8055555555555556|0.0010440349578857|0.0021190643310546
16|44|0.7962962962962963|0.0010857582092285|0.0022306442260742
16|45|0.7962962962962963|0.0010616779327392|0.0022311210632324
16|46|0.7592592592592593|0.0011012554168701|0.0022695064544677
16|47|0.7685185185185185|0.0010871887207031|0.0023131370544433
16|48|0.7870370370370371|0.0011274814605712|0.0023632049560546
16|49|0.7870370370370371|0.0011065006256103|0.0023398399353027
16|50|0.7685185185185185|0.0011432170867919|0.0024542808532714
16|51|0.7685185185185185|0.0011067390441894|0.002455711364746
16|52|0.7777777777777778|0.0011432170867919|0.0024483203887939
16|53|0.7870370370370371|0.0011308193206787|0.0024738311767578
16|54|0.8055555555555556|0.0011641979217529|0.0025351047515869
16|55|0.8148148148148148|0.0011618137359619|0.0025458335876464
16|56|0.7962962962962963|0.0011928081512451|0.0025975704193115
16|57|0.7962962962962963|0.0011725425720214|0.0026285648345947
16|58|0.8055555555555556|0.0012235641479492|0.0026578903198242
16|59|0.7962962962962963|0.0011799335479736|0.0027148723602294
16|60|0.8055555555555556|0.0012171268463134|0.0027244091033935
16|61|0.8148148148148148|0.001213788986206|0.0027527809143066
16|62|0.8055555555555556|0.0012540817260742|0.0028135776519775
16|63|0.7962962962962963|0.0012135505676269|0.0028209686279296
16|64|0.8055555555555556|0.0012421607971191|0.0028481483459472
16|65|0.8055555555555556|0.0012388229370117|0.0028812885284423
16|66|0.7962962962962963|0.0012342929840087|0.0029232501983642
16|67|0.7870370370370371|0.001244306564331|0.0029716491699218
16|68|0.7962962962962963|0.0012600421905517|0.0031132698059082
16|69|0.8055555555555556|0.0012650489807128|0.003016710281372
16|70|0.8148148148148148|0.0012698173522949|0.0030534267425537
16|71|0.8240740740740741|0.0012929439544677|0.0030770301818847
16|72|0.8240740740740741|0.0013139247894287|0.0032577514648437
16|73|0.8240740740740741|0.0013494491577148|0.0031328201293945
16|74|0.8240740740740741|0.001345157623291|0.0031752586364746
16|75|0.8240740740740741|0.0013544559478759|0.0032198429107666
16|76|0.8148148148148148|0.0013651847839355|0.0032436847686767
16|77|0.8148148148148148|0.0013716220855712|0.0032887458801269
16|78|0.8148148148148148|0.0013990402221679|0.0032651424407958
16|79|0.8240740740740741|0.0014069080352783|0.0033099651336669
16|80|0.8333333333333334|0.0014176368713378|0.0033278465270996
16|81|0.8240740740740741|0.0014247894287109|0.0033552646636962
16|82|0.8240740740740741|0.0014424324035644|0.0034246444702148
16|83|0.8240740740740741|0.0014748573303222|0.0034470558166503
16|84|0.8240740740740741|0.0014755725860595|0.0034608840942382
16|85|0.8148148148148148|0.0015120506286621|0.0034770965576171
16|86|0.8148148148148148|0.0015387535095214|0.0035171508789062
16|87|0.8240740740740741|0.0015456676483154|0.0037283897399902
16|88|0.8240740740740741|0.0015473365783691|0.0037415027618408
16|89|0.8425925925925926|0.0015711784362792|0.0037670135498046
16|90|0.8333333333333334|0.0015773773193359|0.0036561489105224
16|91|0.8333333333333334|0.0015995502471923|0.0038173198699951
16|92|0.8333333333333334|0.0016303062438964|0.003685712814331
16|93|0.8333333333333334|0.0016298294067382|0.0038373470306396
16|94|0.8333333333333334|0.0016438961029052|0.0039265155792236
16|95|0.8333333333333334|0.001678466796875|0.0038650035858154
16|96|0.8333333333333334|0.0016741752624511|0.0038115978240966
16|97|0.8333333333333334|0.002032995223999|0.0039362907409667
16|98|0.8333333333333334|0.0017523765563964|0.003847599029541
16|99|0.8333333333333334|0.0018091201782226|0.0040977001190185
16|100|0.8333333333333334|0.0017871856689453|0.0039045810699462
16|101|0.8425925925925926|0.0017731189727783|0.0039615631103515
16|102|0.8425925925925926|0.0017750263214111|0.0041682720184326
16|103|0.8425925925925926|0.0018494129180908|0.0040082931518554
16|104|0.8425925925925926|0.0018272399902343|0.0040462017059326
16|105|0.8425925925925926|0.001810073852539|0.0040934085845947
16|106|0.8425925925925926|0.0018258094787597|0.0042340755462646
16|107|0.8425925925925926|0.0018565654754638|0.0040500164031982
16|108|0.8425925925925926|0.0018541812896728|0.0040817260742187
16|109|0.8425925925925926|0.001896858215332|0.00408935546875
16|110|0.8425925925925926|0.0018534660339355|0.0040810108184814
16|111|0.8425925925925926|0.0019264221191406|0.0040943622589111
16|112|0.8425925925925926|0.0018582344055175|0.0041275024414062
16|113|0.8425925925925926|0.0018854141235351|0.0041494369506835
16|114|0.8425925925925926|0.0018751621246337|0.0041475296020507
16|115|0.8425925925925926|0.0019116401672363|0.0041620731353759
16|116|0.8425925925925926|0.0019023418426513|0.0043516159057617
16|117|0.8425925925925926|0.0019114017486572|0.0041916370391845
16|118|0.8425925925925926|0.0018889904022216|0.0042169094085693
16|119|0.8425925925925926|0.0019392967224121|0.0042309761047363
16|120|0.8425925925925926|0.0019302368164062|0.0041728019714355
16|121|0.8425925925925926|0.001927375793457|0.0043795108795166
16|122|0.8425925925925926|0.00197434425354|0.0043826103210449
16|123|0.8425925925925926|0.0020060539245605|0.0042343139648437
16|124|0.8425925925925926|0.001981496810913|0.0042576789855957
16|125|0.8425925925925926|0.0019965171813964|0.0042169094085693
16|126|0.8425925925925926|0.0019991397857666|0.0043871402740478
16|127|0.8425925925925926|0.0020198822021484|0.0044372081756591
16|128|0.8425925925925926|0.0020308494567871|0.0042610168457031
16|129|0.8425925925925926|0.0020079612731933|0.0042707920074462
16|130|0.8425925925925926|0.002026081085205|0.0042707920074462
16|131|0.8425925925925926|0.0020411014556884|0.0043303966522216
16|132|0.8425925925925926|0.0020642280578613|0.0043151378631591
16|133|0.8425925925925926|0.0020511150360107|0.0043210983276367
16|134|0.8425925925925926|0.0020670890808105|0.0043189525604248
16|135|0.8425925925925926|0.0020749568939208|0.0043404102325439
16|136|0.8425925925925926|0.0020966529846191|0.0043284893035888
16|137|0.8425925925925926|0.0021028518676757|0.0043721199035644
16|138|0.8425925925925926|0.0021238327026367|0.0043733119964599
16|139|0.8425925925925926|0.0021300315856933|0.0043802261352539
14|20|0.5648148148148148|0.0012855529785156|
14|21|0.5648148148148148|0.0009608268737792|0.0013272762298583
14|22|0.6018518518518519|0.001000165939331|0.0013341903686523
14|23|0.6481481481481481|0.0009691715240478|0.0014183521270751
14|24|0.5925925925925926|0.0009822845458984|0.0014882087707519
14|25|0.6018518518518519|0.0009593963623046|0.0015342235565185
14|26|0.6851851851851852|0.0009560585021972|0.0014986991882324
14|27|0.7314814814814815|0.0009782314300537|0.0016031265258789
14|28|0.7685185185185185|0.0009708404541015|0.0016036033630371
14|29|0.7962962962962963|0.0009634494781494|0.0015859603881835
14|30|0.8148148148148148|0.001641035079956|0.0028698444366455
14|31|0.8240740740740741|0.0016336441040039|0.0029656887054443
14|32|0.8240740740740741|0.0016078948974609|0.0031979084014892
14|33|0.8333333333333334|0.0015749931335449|0.003141164779663
14|34|0.8518518518518519|0.0016484260559082|0.0032591819763183
14|35|0.8240740740740741|0.0016572475433349|0.0033080577850341
14|36|0.8240740740740741|0.0016961097717285|0.0033566951751708
14|37|0.8148148148148148|0.0016217231750488|0.0034539699554443
14|38|0.8240740740740741|0.0016572475433349|0.0034995079040527
14|39|0.8425925925925926|0.0016248226165771|0.003458023071289
14|40|0.8518518518518519|0.0010852813720703|0.0035445690155029
14|41|0.8518518518518519|0.0010557174682617|0.0021812915802001
14|42|0.8333333333333334|0.0010654926300048|0.0021164417266845
14|43|0.8425925925925926|0.001056432723999|0.0021924972534179
14|44|0.8425925925925926|0.0010688304901123|0.0022833347320556
14|45|0.8518518518518519|0.0010533332824707|0.0022780895233154
14|46|0.8518518518518519|0.0011096000671386|0.0023584365844726
14|47|0.8703703703703703|0.0010700225830078|0.0023245811462402
14|48|0.8611111111111112|0.0011091232299804|0.0023674964904785
14|49|0.8611111111111112|0.0010783672332763|0.0023891925811767
14|50|0.8518518518518519|0.0011286735534667|0.0024769306182861
14|51|0.8333333333333334|0.0011415481567382|0.0024268627166748
14|52|0.8611111111111112|0.0011701583862304|0.0025434494018554
14|53|0.8611111111111112|0.0011303424835205|0.0026123523712158
14|54|0.8796296296296297|0.0011587142944335|0.0026757717132568
14|55|0.8796296296296297|0.0011491775512695|0.0025637149810791
14|56|0.8611111111111112|0.0011792182922363|0.0027377605438232
14|57|0.8240740740740741|0.0011701583862304|0.0026233196258544
14|58|0.8240740740740741|0.0012168884277343|0.0027146339416503
14|59|0.8518518518518519|0.0011632442474365|0.0028483867645263
14|60|0.8611111111111112|0.0012099742889404|0.0029213428497314
14|61|0.8703703703703703|0.0011806488037109|0.0028362274169921
14|62|0.8611111111111112|0.0011992454528808|0.0029664039611816
14|63|0.8703703703703703|0.0011954307556152|0.0030269622802734
14|64|0.8611111111111112|0.0012147426605224|0.003028392791748
14|65|0.8703703703703703|0.0012018680572509|0.0030481815338134
14|66|0.8703703703703703|0.0012068748474121|0.0031573772430419
14|67|0.8611111111111112|0.0012211799621582|0.0029716491699218
14|68|0.8703703703703703|0.0012407302856445|0.0032529830932617
14|69|0.8518518518518519|0.0012502670288085|0.0031478404998779
14|70|0.8518518518518519|0.0012478828430175|0.0032451152801513
14|71|0.8611111111111112|0.0012633800506591|0.0030798912048339
14|72|0.8703703703703703|0.0012719631195068|0.0033378601074218
14|73|0.8703703703703703|0.0012712478637695|0.0033793449401855
14|74|0.8611111111111112|0.0012810230255126|0.0033583641052246
14|75|0.8611111111111112|0.00130295753479|0.0032103061676025
14|76|0.8518518518518519|0.0013384819030761|0.0034549236297607
14|77|0.8611111111111112|0.0013303756713867|0.0032863616943359
14|78|0.8611111111111112|0.0013558864593505|0.0034613609313964
14|79|0.8611111111111112|0.0013477802276611|0.0034449100494384
14|80|0.8611111111111112|0.0013568401336669|0.0034873485565185
14|81|0.8611111111111112|0.0013997554779052|0.003547191619873
14|82|0.8703703703703703|0.0014021396636962|0.0035297870635986
14|83|0.8796296296296297|0.0014092922210693|0.0035502910614013
14|84|0.8796296296296297|0.0014088153839111|0.0034711360931396
14|85|0.8888888888888888|0.0014247894287109|0.003551959991455
14|86|0.8888888888888888|0.001427412033081|0.0036959648132324
14|87|0.8888888888888888|0.0014357566833496|0.0037574768066406
14|88|0.8888888888888888|0.0014505386352539|0.0037684440612792
14|89|0.8888888888888888|0.001460313796997|0.0037372112274169
14|90|0.8981481481481481|0.0014724731445312|0.0037403106689453
14|91|0.8981481481481481|0.0014786720275878|0.0036075115203857
14|92|0.8981481481481481|0.0037672519683837|0.003817081451416
14|93|0.8981481481481481|0.0015516281127929|0.0039417743682861
14|94|0.8981481481481481|0.0015795230865478|0.0039629936218261
14|95|0.8888888888888888|0.0016252994537353|0.0037860870361328
14|96|0.8796296296296297|0.0015933513641357|0.0038788318634033
14|97|0.8796296296296297|0.001633882522583|0.0040247440338134
14|98|0.8796296296296297|0.0016300678253173|0.004051923751831
14|99|0.8796296296296297|0.001676321029663|0.0041329860687255
14|100|0.8796296296296297|0.0016589164733886|0.0039777755737304
14|101|0.8796296296296297|0.0016729831695556|0.0038740634918212
14|102|0.8796296296296297|0.0017018318176269|0.0040404796600341
14|103|0.8796296296296297|0.0017213821411132|0.003922700881958
14|104|0.8796296296296297|0.0017094612121582|0.0042726993560791
14|105|0.8796296296296297|0.0017371177673339|0.0042243003845214
14|106|0.8796296296296297|0.0017187595367431|0.0041074752807617
14|107|0.8703703703703703|0.0017690658569335|0.0042324066162109
14|108|0.8796296296296297|0.0017991065979003|0.0042541027069091
14|109|0.8703703703703703|0.0018057823181152|0.004335880279541
14|110|0.8888888888888888|0.0018351078033447|0.0044856071472167
14|111|0.8888888888888888|0.0018684864044189|0.0041859149932861
14|112|0.8888888888888888|0.001866340637207|0.0041344165802001
14|113|0.8888888888888888|0.001863956451416|0.0045552253723144
14|114|0.8888888888888888|0.001871109008789|0.0044667720794677
14|115|0.8888888888888888|0.0019230842590332|0.0043792724609375
14|116|0.8888888888888888|0.0019216537475585|0.004606008529663
14|117|0.8888888888888888|0.0019268989562988|0.0043649673461914
14|118|0.8888888888888888|0.0019314289093017|0.0047435760498046
14|119|0.8888888888888888|0.0019869804382324|0.0045320987701416
14|120|0.8888888888888888|0.0019545555114746|0.0046596527099609
14|121|0.8888888888888888|0.001955509185791|0.004770278930664
14|122|0.8888888888888888|0.0019583702087402|0.0044314861297607
14|123|0.8888888888888888|0.0020065307617187|0.0046720504760742
14|124|0.8888888888888888|0.002002477645874|0.0042581558227539
14|125|0.8888888888888888|0.0019946098327636|0.004723310470581
14|126|0.8888888888888888|0.0020167827606201|0.0045607089996337
14|127|0.8888888888888888|0.002063512802124|0.004582405090332
14|128|0.8888888888888888|0.0020630359649658|0.0046255588531494
14|129|0.8888888888888888|0.0021224021911621|0.004758596420288
14|130|0.8888888888888888|0.0021028518676757|0.0048427581787109
14|131|0.8796296296296297|0.0023138523101806|0.0045795440673828
14|132|0.8796296296296297|0.0021088123321533|0.0046780109405517
14|133|0.8796296296296297|0.0021495819091796|0.0047805309295654
14|134|0.8796296296296297|0.0021688938140869|0.0046234130859375
14|135|0.8796296296296297|0.0021305084228515|0.0047285556793212
14|136|0.8796296296296297|0.0021369457244873|0.0047671794891357
14|137|0.8796296296296297|0.002195119857788|0.004753828048706
14|138|0.8796296296296297|0.0021722316741943|0.0045645236968994
17|20|0.7407407407407407|0.0013072490692138|
17|21|0.8148148148148148|0.0010199546813964|0.0013580322265625
17|22|0.8148148148148148|0.0010383129119873|0.0014011859893798
17|23|0.7870370370370371|0.0010643005371093|0.0014436244964599
17|24|0.7685185185185185|0.0010390281677246|0.0014896392822265
17|25|0.7777777777777778|0.0010325908660888|0.0015056133270263
17|26|0.7685185185185185|0.0010313987731933|0.0016202926635742
17|27|0.7685185185185185|0.0010406970977783|0.0015966892242431
17|28|0.7685185185185185|0.0010299682617187|0.0016570091247558
17|29|0.8148148148148148|0.0010628700256347|0.0017046928405761
17|30|0.7777777777777778|0.0010952949523925|0.0017459392547607
17|31|0.8055555555555556|0.0011076927185058|0.001744270324707
17|32|0.7592592592592593|0.0011155605316162|0.001777172088623
17|33|0.7685185185185185|0.0011043548583984|0.0019183158874511
17|34|0.7870370370370371|0.0011141300201416|0.0018813610076904
17|35|0.7962962962962963|0.0011250972747802|0.001887559890747
17|36|0.75|0.001112937927246|0.001936912536621
17|37|0.7777777777777778|0.0011088848114013|0.0020473003387451
17|38|0.7962962962962963|0.0011415481567382|0.0020718574523925
17|39|0.7962962962962963|0.0011110305786132|0.0021498203277587
17|40|0.7870370370370371|0.0011453628540039|0.0020382404327392
17|41|0.7592592592592593|0.0011026859283447|0.0021126270294189
17|42|0.7870370370370371|0.0011558532714843|0.0021750926971435
17|43|0.7685185185185185|0.0011079311370849|0.0022163391113281
17|44|0.7685185185185185|0.0011513233184814|0.0023481845855712
17|45|0.7685185185185185|0.0011348724365234|0.0022463798522949
17|46|0.7777777777777778|0.0011806488037109|0.0023550987243652
17|47|0.7777777777777778|0.0011553764343261|0.0023503303527832
17|48|0.7592592592592593|0.0011847019195556|0.0024092197418212
17|49|0.7222222222222222|0.0011711120605468|0.0025241374969482
17|50|0.7407407407407407|0.0011935234069824|0.0025010108947753
17|51|0.7314814814814815|0.0011858940124511|0.0026178359985351
17|52|0.7407407407407407|0.0012097358703613|0.0025999546051025
17|53|0.75|0.0012004375457763|0.0026698112487792
17|54|0.75|0.0012297630310058|0.002634048461914
17|55|0.75|0.0012519359588623|0.0027210712432861
17|56|0.75|0.0012555122375488|0.0026750564575195
17|57|0.7685185185185185|0.0012345314025878|0.0027685165405273
17|58|0.7685185185185185|0.0012943744659423|0.0028877258300781
17|59|0.7685185185185185|0.0012593269348144|0.0027832984924316
17|60|0.7962962962962963|0.0013051033020019|0.0027894973754882
17|61|0.7962962962962963|0.0012848377227783|0.0029759407043457
17|62|0.8148148148148148|0.0013432502746582|0.002969741821289
17|63|0.8240740740740741|0.0012915134429931|0.0029127597808837
17|64|0.7962962962962963|0.0012829303741455|0.0030317306518554
17|65|0.8240740740740741|0.0013034343719482|0.0031158924102783
17|66|0.8148148148148148|0.0013446807861328|0.0031709671020507
17|67|0.8148148148148148|0.0013296604156494|0.0031807422637939
17|68|0.7962962962962963|0.001359224319458|0.0031564235687255
17|69|0.8148148148148148|0.0013647079467773|0.0031211376190185
17|70|0.8240740740740741|0.0013482570648193|0.0032505989074707
17|71|0.8240740740740741|0.0013716220855712|0.003274917602539
17|72|0.8333333333333334|0.0014028549194335|0.0032856464385986
17|73|0.8425925925925926|0.0013935565948486|0.0032393932342529
17|74|0.8333333333333334|0.001434326171875|0.0033764839172363
17|75|0.8240740740740741|0.0014371871948242|0.0032036304473876
17|76|0.8148148148148148|0.0014510154724121|0.0034170150756835
17|77|0.8240740740740741|0.0014483928680419|0.0034506320953369
17|78|0.8148148148148148|0.0014710426330566|0.0035099983215332
17|79|0.8148148148148148|0.0015158653259277|0.0034749507904052
17|80|0.8240740740740741|0.0015449523925781|0.003441572189331
17|81|0.8240740740740741|0.0015003681182861|0.0034632682800292
17|82|0.8240740740740741|0.0015087127685546|0.0036501884460449
17|83|0.8333333333333334|0.0015430450439453|0.003544807434082
17|84|0.8240740740740741|0.0015389919281005|0.0036184787750244
17|85|0.8240740740740741|0.0015511512756347|0.0036802291870117
17|86|0.8240740740740741|0.001596450805664|0.003612995147705
17|87|0.8240740740740741|0.0015885829925537|0.0037670135498046
17|88|0.8240740740740741|0.001601219177246|0.0035490989685058
17|89|0.8240740740740741|0.0016219615936279|0.0037996768951416
17|90|0.8240740740740741|0.0016717910766601|0.003737449645996
17|91|0.8240740740740741|0.0027689933776855|0.0051984786987304
17|92|0.8240740740740741|0.001723289489746|0.0037002563476562
17|93|0.8240740740740741|0.0016882419586181|0.0038037300109863
17|94|0.8240740740740741|0.00173020362854|0.0039224624633789
17|95|0.8240740740740741|0.0017440319061279|0.003779649734497
17|96|0.8240740740740741|0.0017263889312744|0.0038740634918212
17|97|0.8240740740740741|0.0017776489257812|0.0037784576416015
17|98|0.8240740740740741|0.0018019676208496|0.0041260719299316
17|99|0.8240740740740741|0.001854658126831|0.0038516521453857
17|100|0.8240740740740741|0.0018665790557861|0.0038681030273437
17|101|0.8240740740740741|0.001845359802246|0.0040216445922851
17|102|0.8240740740740741|0.0018603801727294|0.0039386749267578
17|103|0.8240740740740741|0.0019209384918212|0.0041301250457763
17|104|0.8240740740740741|0.0019721984863281|0.0039789676666259
17|105|0.8240740740740741|0.0019044876098632|0.0042757987976074
17|106|0.8240740740740741|0.0019867420196533|0.0043239593505859
17|107|0.8240740740740741|0.001955509185791|0.0041091442108154
17|108|0.8240740740740741|0.0019547939300537|0.0040333271026611
17|109|0.8240740740740741|0.0019338130950927|0.0041568279266357
17|110|0.8240740740740741|0.0019607543945312|0.0042157173156738
17|111|0.8240740740740741|0.0019991397857666|0.0042862892150878
17|112|0.8240740740740741|0.0019614696502685|0.0043601989746093
17|113|0.8240740740740741|0.0019593238830566|0.0042386054992675
17|114|0.8240740740740741|0.0019714832305908|0.00413179397583
17|115|0.8240740740740741|0.0020160675048828|0.004235029220581
17|116|0.8240740740740741|0.0020105838775634|0.0043842792510986
17|117|0.8240740740740741|0.0020272731781005|0.004467487335205
17|118|0.8240740740740741|0.0020463466644287|0.0044751167297363
17|119|0.8240740740740741|0.0020930767059326|0.0042414665222167
17|120|0.8240740740740741|0.0020561218261718|0.0043179988861083
17|121|0.8240740740740741|0.002065896987915|0.0043888092041015
17|122|0.8240740740740741|0.0020503997802734|0.0045220851898193
17|123|0.8240740740740741|0.0020933151245117|0.0042057037353515
17|124|0.8240740740740741|0.0021009445190429|0.0043079853057861
17|125|0.8240740740740741|0.0021045207977294|0.0043931007385253
17|126|0.8240740740740741|0.0020899772644042|0.0045325756072998
17|127|0.8240740740740741|0.0021369457244873|0.0046138763427734
17|128|0.8240740740740741|0.0021424293518066|0.004446268081665
17|129|0.8240740740740741|0.0021383762359619|0.0042622089385986
17|130|0.8240740740740741|0.0021870136260986|0.0045228004455566
17|131|0.8240740740740741|0.0021536350250244|0.0042617321014404
17|132|0.8240740740740741|0.0021736621856689|0.004561424255371
17|133|0.8240740740740741|0.002169132232666|0.0042634010314941
17|134|0.8240740740740741|0.0021731853485107|0.0043103694915771
17|135|0.8240740740740741|0.0022354125976562|0.0044488906860351
17|136|0.8240740740740741|0.0022602081298828|0.0044600963592529
17|137|0.8240740740740741|0.0022556781768798|0.004549503326416
17|138|0.8240740740740741|0.0022623538970947|0.0043253898620605
17|139|0.8240740740740741|0.002265453338623|0.0046043395996093
17|140|0.8240740740740741|0.0022840499877929|0.0046777725219726
11|20|0.75|0.0013439655303955|
11|21|0.7592592592592593|0.0010905265808105|0.0013966560363769
11|22|0.7962962962962963|0.0010304450988769|0.0014255046844482
11|23|0.8240740740740741|0.0010120868682861|0.0013923645019531
11|24|0.8518518518518519|0.0010328292846679|0.0014853477478027
11|25|0.8333333333333334|0.0010180473327636|0.0014505386352539
11|26|0.8518518518518519|0.0010430812835693|0.0016014575958251
11|27|0.8425925925925926|0.0010371208190917|0.0016024112701416
11|28|0.8518518518518519|0.0010402202606201|0.0016603469848632
11|29|0.8055555555555556|0.0010445117950439|0.0016491413116455
11|30|0.8703703703703703|0.0010838508605957|0.0017142295837402
11|31|0.8055555555555556|0.0010895729064941|0.00179123878479
11|32|0.7870370370370371|0.0010673999786376|0.0017991065979003
11|33|0.7407407407407407|0.0010440349578857|0.0017788410186767
11|34|0.7777777777777778|0.0010678768157958|0.0018978118896484
11|35|0.75|0.0010657310485839|0.0019261837005615
11|36|0.7592592592592593|0.0011067390441894|0.0019867420196533
11|37|0.75|0.001091718673706|0.0019659996032714
11|38|0.7407407407407407|0.0011351108551025|0.0021345615386962
11|39|0.75|0.0010931491851806|0.0021030902862548
11|40|0.7592592592592593|0.0011320114135742|0.0021507740020751
11|41|0.7592592592592593|0.0011131763458251|0.0021336078643798
11|42|0.7592592592592593|0.001129150390625|0.0021307468414306
11|43|0.7592592592592593|0.0011248588562011|0.002192735671997
11|44|0.7962962962962963|0.0011515617370605|0.0022964477539062
11|45|0.7777777777777778|0.0011367797851562|0.0022637844085693
11|46|0.7777777777777778|0.0011963844299316|0.0024151802062988
11|47|0.7685185185185185|0.0011980533599853|0.0023937225341796
11|48|0.7777777777777778|0.0012304782867431|0.0026285648345947
11|49|0.7685185185185185|0.0012030601501464|0.0026190280914306
11|50|0.7777777777777778|0.0012321472167968|0.0025315284729003
11|51|0.8055555555555556|0.0012052059173583|0.0026466846466064
11|52|0.7962962962962963|0.0012743473052978|0.0027329921722412
11|53|0.7962962962962963|0.001227855682373|0.0025444030761718
11|54|0.8333333333333334|0.0012497901916503|0.0028965473175048
11|55|0.8148148148148148|0.0012383460998535|0.0027933120727539
11|56|0.8518518518518519|0.001267671585083|0.0027942657470703
11|57|0.8333333333333334|0.0012474060058593|0.0027852058410644
11|58|0.8333333333333334|0.0012924671173095|0.0027613639831542
11|59|0.8425925925925926|0.0012555122375488|0.0029170513153076
11|60|0.8240740740740741|0.0013027191162109|0.0028762817382812
11|61|0.8055555555555556|0.0012805461883544|0.0029718875885009
11|62|0.8240740740740741|0.0013418197631835|0.0031530857086181
11|63|0.8240740740740741|0.0013093948364257|0.0028743743896484
11|64|0.8148148148148148|0.0013225078582763|0.0030815601348876
11|65|0.8055555555555556|0.0013363361358642|0.0029489994049072
11|66|0.8148148148148148|0.0013356208801269|0.0030643939971923
11|67|0.8148148148148148|0.0013272762298583|0.00319504737854
11|68|0.8240740740740741|0.0013263225555419|0.0031476020812988
11|69|0.8240740740740741|0.0013515949249267|0.003361701965332
11|70|0.8425925925925926|0.0013506412506103|0.0031666755676269
11|71|0.8333333333333334|0.0013861656188964|0.0033013820648193
11|72|0.8425925925925926|0.0014324188232421|0.0032236576080322
11|73|0.8240740740740741|0.001457929611206|0.0033595561981201
11|74|0.8333333333333334|0.0014894008636474|0.0032806396484375
11|75|0.8333333333333334|0.0014300346374511|0.0032148361206054
11|76|0.8333333333333334|0.0014593601226806|0.0035114288330078
11|77|0.8425925925925926|0.0015161037445068|0.0034770965576171
11|78|0.8425925925925926|0.0014913082122802|0.003425121307373
11|79|0.8425925925925926|0.0015647411346435|0.0035004615783691
11|80|0.8425925925925926|0.001523733139038|0.0037193298339843
11|81|0.8425925925925926|0.0015170574188232|0.0036342144012451
11|82|0.8518518518518519|0.0015535354614257|0.0037639141082763
11|83|0.8425925925925926|0.0015566349029541|0.0035855770111083
11|84|0.8425925925925926|0.0015943050384521|0.0035467147827148
11|85|0.8425925925925926|0.0015766620635986|0.0035276412963867
11|86|0.8425925925925926|0.001594066619873|0.0035638809204101
11|87|0.8425925925925926|0.001626968383789|0.0037784576416015
11|88|0.8333333333333334|0.00164794921875|0.0035972595214843
11|89|0.8240740740740741|0.0016703605651855|0.0038771629333496
11|90|0.8148148148148148|0.001702070236206|0.0039343833923339
11|91|0.8148148148148148|0.0042784214019775|0.0038890838623046
11|92|0.8055555555555556|0.0017778873443603|0.0040459632873535
11|93|0.8055555555555556|0.001777172088623|0.0041863918304443
11|94|0.7962962962962963|0.001772403717041|0.0040540695190429
11|95|0.7962962962962963|0.0018374919891357|0.0042235851287841
11|96|0.7962962962962963|0.0018589496612548|0.0042414665222167
11|97|0.7962962962962963|0.0018386840820312|0.0041542053222656
11|98|0.7962962962962963|0.0018975734710693|0.0045447349548339
11|99|0.7962962962962963|0.0019299983978271|0.0039856433868408
11|100|0.7962962962962963|0.0019385814666748|0.0042157173156738
11|101|0.7962962962962963|0.0019202232360839|0.0041570663452148
11|102|0.7962962962962963|0.0019659996032714|0.0039858818054199
11|103|0.8055555555555556|0.0019936561584472|0.0045897960662841
11|104|0.8055555555555556|0.0019805431365966|0.0040392875671386
11|105|0.8055555555555556|0.0020053386688232|0.0042052268981933
11|106|0.8055555555555556|0.0020079612731933|0.0044686794281005
11|107|0.8055555555555556|0.0020890235900878|0.0043137073516845
11|108|0.8055555555555556|0.0020756721496582|0.004767894744873
11|109|0.7962962962962963|0.0020093917846679|0.0044803619384765
11|110|0.7962962962962963|0.0020334720611572|0.0047907829284667
11|111|0.7962962962962963|0.0020539760589599|0.0041344165802001
11|112|0.7962962962962963|0.002023696899414|0.0046355724334716
11|113|0.7962962962962963|0.0020520687103271|0.0044207572937011
11|114|0.7962962962962963|0.0020909309387207|0.0042018890380859
11|115|0.7962962962962963|0.0021414756774902|0.0041806697845458
11|116|0.7962962962962963|0.0021045207977294|0.0043978691101074
11|117|0.7962962962962963|0.0021286010742187|0.0046842098236083
11|118|0.8055555555555556|0.0021369457244873|0.004256248474121
11|119|0.8055555555555556|0.0021431446075439|0.0047323703765869
11|120|0.8055555555555556|0.0021350383758544|0.0042769908905029
11|121|0.8055555555555556|0.002138614654541|0.004601240158081
11|122|0.8055555555555556|0.0021414756774902|0.0046651363372802
11|123|0.8055555555555556|0.0021905899047851|0.0047080516815185
11|124|0.8055555555555556|0.0022079944610595|0.0046057701110839
11|125|0.8055555555555556|0.0021946430206298|0.0046772956848144
11|126|0.8055555555555556|0.002220869064331|0.0043323040008544
11|127|0.8055555555555556|0.0021975040435791|0.0043556690216064
11|128|0.8055555555555556|0.0021965503692626|0.004645824432373
11|129|0.8055555555555556|0.0022001266479492|0.0047926902770996
11|130|0.8055555555555556|0.0022461414337158|0.0043375492095947
11|131|0.8055555555555556|0.002234935760498|0.0049684047698974
11|132|0.8055555555555556|0.0022346973419189|0.0047030448913574
11|133|0.8055555555555556|0.0022418498992919|0.0048739910125732
11|134|0.8055555555555556|0.0023243427276611|0.0045650005340576
11|135|0.8055555555555556|0.0023138523101806|0.00486421585083
11|136|0.8055555555555556|0.0023128986358642|0.0047793388366699
11|137|0.8055555555555556|0.0023257732391357|0.0050477981567382
11|138|0.8055555555555556|0.0023324489593505|0.0048885345458984
11|139|0.8055555555555556|0.0023317337036132|0.0048413276672363
11|140|0.8055555555555556|0.0023458003997802|0.0046977996826171
15|20|0.75|0.0013403892517089|
15|21|0.7777777777777778|0.000950813293457|0.0013623237609863
15|22|0.7962962962962963|0.0009810924530029|0.0013375282287597
15|23|0.7685185185185185|0.0009801387786865|0.0014488697052001
15|24|0.7962962962962963|0.0010092258453369|0.0014610290527343
15|25|0.7777777777777778|0.0009596347808837|0.0014758110046386
15|26|0.8148148148148148|0.0009782314300537|0.0015807151794433
15|27|0.8240740740740741|0.0010175704956054|0.0015840530395507
15|28|0.7592592592592593|0.0010197162628173|0.0016546249389648
15|29|0.7685185185185185|0.0009829998016357|0.0016267299652099
15|30|0.7962962962962963|0.0009968280792236|0.0017769336700439
15|31|0.8148148148148148|0.0009956359863281|0.001788854598999
15|32|0.7962962962962963|0.0009896755218505|0.0019595623016357
15|33|0.8055555555555556|0.0009989738464355|0.0018174648284912
15|34|0.8333333333333334|0.0010027885437011|0.0019159317016601
15|35|0.8055555555555556|0.0010051727294921|0.0019285678863525
15|36|0.8055555555555556|0.0010366439819335|0.0019857883453369
15|37|0.8055555555555556|0.0010545253753662|0.0020053386688232
15|38|0.7870370370370371|0.0010766983032226|0.0020670890808105
15|39|0.7962962962962963|0.0010313987731933|0.0020036697387695
15|40|0.7870370370370371|0.0010774135589599|0.0021462440490722
15|41|0.7962962962962963|0.0010409355163574|0.0021560192108154
15|42|0.8240740740740741|0.0010759830474853|0.0022158622741699
15|43|0.8240740740740741|0.0010466575622558|0.0021874904632568
15|44|0.7870370370370371|0.0019829273223876|0.0032825469970703
15|45|0.8055555555555556|0.0019018650054931|0.0040075778961181
15|46|0.7777777777777778|0.0021755695343017|0.0040290355682373
15|47|0.7962962962962963|0.0019035339355468|0.003986120223999
15|48|0.7870370370370371|0.002079963684082|0.0040383338928222
15|49|0.7777777777777778|0.0019030570983886|0.0041518211364746
15|50|0.8148148148148148|0.0020091533660888|0.0042498111724853
15|51|0.7962962962962963|0.0019712448120117|0.0042624473571777
15|52|0.8148148148148148|0.0021655559539794|0.0043165683746337
15|53|0.7777777777777778|0.0019879341125488|0.004446268081665
15|54|0.7962962962962963|0.0021674633026123|0.0046117305755615
15|55|0.7962962962962963|0.0020287036895751|0.0046343803405761
15|56|0.7685185185185185|0.0022478103637695|0.0047097206115722
15|57|0.7962962962962963|0.0020415782928466|0.0047740936279296
15|58|0.7870370370370371|0.0022773742675781|0.0049326419830322
15|59|0.7870370370370371|0.002089500427246|0.0049333572387695
15|60|0.7777777777777778|0.0023369789123535|0.0050227642059326
15|61|0.7870370370370371|0.0021288394927978|0.0051028728485107
15|62|0.7870370370370371|0.00236177444458|0.0050930976867675
15|63|0.7777777777777778|0.0014030933380126|0.0030062198638916
15|64|0.7777777777777778|0.0014183521270751|0.0030338764190673
15|65|0.7685185185185185|0.0013761520385742|0.0029246807098388
15|66|0.7592592592592593|0.0013647079467773|0.0030093193054199
15|67|0.7777777777777778|0.0014278888702392|0.0030059814453125
15|68|0.7777777777777778|0.0013947486877441|0.0030782222747802
15|69|0.7777777777777778|0.0014092922210693|0.0031561851501464
15|70|0.7777777777777778|0.0014333724975585|0.0032293796539306
15|71|0.7777777777777778|0.0014638900756835|0.0032339096069335
15|72|0.7777777777777778|0.0014483928680419|0.003310203552246
15|73|0.7777777777777778|0.0015013217926025|0.0033402442932128
15|74|0.7777777777777778|0.0014851093292236|0.0033178329467773
15|75|0.7777777777777778|0.0015091896057128|0.0032272338867187
15|76|0.7777777777777778|0.0015339851379394|0.0033590793609619
15|77|0.7870370370370371|0.001549482345581|0.0032541751861572
15|78|0.7870370370370371|0.0015695095062255|0.0033545494079589
15|79|0.7962962962962963|0.001579999923706|0.0033557415008544
15|80|0.7870370370370371|0.0015845298767089|0.0033514499664306
15|81|0.8055555555555556|0.0016040802001953|0.0034084320068359
15|82|0.7962962962962963|0.0016634464263916|0.0035595893859863
15|83|0.7962962962962963|0.001657485961914|0.003695011138916
15|84|0.7962962962962963|0.0020060539245605|0.0036799907684326
15|85|0.7962962962962963|0.0014910697937011|0.0036277770996093
15|86|0.8055555555555556|0.0015830993652343|0.0035014152526855
15|87|0.8055555555555556|0.0016732215881347|0.0035750865936279
15|88|0.8055555555555556|0.0016567707061767|0.0035486221313476
15|89|0.8055555555555556|0.0015735626220703|0.0035815238952636
15|90|0.8055555555555556|0.0015854835510253|0.0035884380340576
15|91|0.7962962962962963|0.0016920566558837|0.0037863254547119
15|92|0.7962962962962963|0.0016405582427978|0.0038275718688964
15|93|0.7962962962962963|0.001622200012207|0.0038802623748779
15|94|0.7870370370370371|0.0016624927520751|0.0038630962371826
15|95|0.7870370370370371|0.0017342567443847|0.0039575099945068
15|96|0.7870370370370371|0.00166916847229|0.0040287971496582
15|97|0.7870370370370371|0.0016920566558837|0.0038182735443115
15|98|0.7870370370370371|0.0017595291137695|0.0039653778076171
15|99|0.7870370370370371|0.0018377304077148|0.0039980411529541
15|100|0.7870370370370371|0.0017523765563964|0.0040314197540283
15|101|0.7962962962962963|0.0017604827880859|0.0040047168731689
15|102|0.7962962962962963|0.0017676353454589|0.0040056705474853
15|103|0.7962962962962963|0.0018248558044433|0.0040960311889648
15|104|0.7962962962962963|0.001802921295166|0.0040569305419921
15|105|0.7962962962962963|0.001821756362915|0.0042037963867187
15|106|0.8055555555555556|0.0018532276153564|0.0040478706359863
15|107|0.7870370370370371|0.0019657611846923|0.0041804313659667
15|108|0.7870370370370371|0.0018980503082275|0.0041923522949218
15|109|0.7870370370370371|0.0019233226776123|0.0040943622589111
15|110|0.7870370370370371|0.0019075870513916|0.0040605068206787
15|111|0.7870370370370371|0.0019822120666503|0.0040907859802246
15|112|0.7870370370370371|0.0019483566284179|0.0041542053222656
15|113|0.7870370370370371|0.001957893371582|0.0044028759002685
15|114|0.7870370370370371|0.0019984245300292|0.0041694641113281
15|115|0.7870370370370371|0.0020427703857421|0.0041332244873046
15|116|0.7870370370370371|0.0019285678863525|0.0041844844818115
15|117|0.7870370370370371|0.0019247531890869|0.0042424201965332
15|118|0.7870370370370371|0.0019304752349853|0.0042178630828857
15|119|0.7962962962962963|0.0020279884338378|0.0043950080871582
15|120|0.7962962962962963|0.0019855499267578|0.0044033527374267
15|121|0.7962962962962963|0.0019891262054443|0.0042116641998291
15|122|0.7962962962962963|0.001976728439331|0.0042593479156494
15|123|0.7962962962962963|0.0020577907562255|0.0042452812194824
15|124|0.7962962962962963|0.0020093917846679|0.0044050216674804
15|125|0.7962962962962963|0.0020031929016113|0.0044288635253906
15|126|0.7962962962962963|0.0020065307617187|0.0044317245483398
15|127|0.7962962962962963|0.0020031929016113|0.0042586326599121
15|128|0.7962962962962963|0.0020544528961181|0.0042462348937988
15|129|0.7962962962962963|0.0020318031311035|0.0044798851013183
15|130|0.7962962962962963|0.002042531967163|0.004340648651123
15|131|0.7962962962962963|0.002042531967163|0.0042898654937744
15|132|0.7962962962962963|0.0020587444305419|0.0042941570281982
15|133|0.7962962962962963|0.0020723342895507|0.0043199062347412
15|134|0.7962962962962963|0.0020725727081298|0.0043120384216308
15|135|0.7962962962962963|0.002070665359497|0.0044834613800048
15|136|0.7962962962962963|0.0020837783813476|0.0043256282806396
15|137|0.7962962962962963|0.0021009445190429|0.0043857097625732
15|138|0.7962962962962963|0.0021142959594726|0.0045361518859863
15|139|0.7962962962962963|0.0021119117736816|0.0044906139373779
13|20|0.7870370370370371|0.0013709068298339|
13|21|0.7777777777777778|0.0010514259338378|0.0013368129730224
13|22|0.7870370370370371|0.0010719299316406|0.0013074874877929
13|23|0.7685185185185185|0.0009827613830566|0.0014026165008544
13|24|0.7962962962962963|0.0009996891021728|0.0014214515686035
13|25|0.8055555555555556|0.0009963512420654|0.0014238357543945
13|26|0.8333333333333334|0.0010309219360351|0.0015158653259277
13|27|0.8333333333333334|0.0010435581207275|0.0015153884887695
13|28|0.8148148148148148|0.0010256767272949|0.0015738010406494
13|29|0.8148148148148148|0.0010125637054443|0.0016446113586425
13|30|0.7962962962962963|0.0010294914245605|0.0016634464263916
13|31|0.8148148148148148|0.0010855197906494|0.0016477108001708
13|32|0.8148148148148148|0.0010335445404052|0.0017459392547607
13|33|0.8425925925925926|0.0010268688201904|0.0017869472503662
13|34|0.8333333333333334|0.0010600090026855|0.001810073852539
13|35|0.8425925925925926|0.0010488033294677|0.0019428730010986
13|36|0.8148148148148148|0.0011193752288818|0.0020034313201904
13|37|0.8240740740740741|0.0010678768157958|0.0018985271453857
13|38|0.8425925925925926|0.0011243820190429|0.001988410949707
13|39|0.8425925925925926|0.0010862350463867|0.0020477771759033
13|40|0.8240740740740741|0.0011382102966308|0.0020172595977783
13|41|0.8240740740740741|0.0010826587677001|0.0021109580993652
13|42|0.8148148148148148|0.0017230510711669|0.0024807453155517
13|43|0.8148148148148148|0.0017726421356201|0.0037312507629394
13|44|0.8055555555555556|0.0018236637115478|0.0038447380065917
13|45|0.8240740740740741|0.0017375946044921|0.0038578510284423
13|46|0.8148148148148148|0.0018422603607177|0.0038254261016845
13|47|0.7962962962962963|0.0017590522766113|0.0040054321289062
13|48|0.7777777777777778|0.0018935203552246|0.004148244857788
13|49|0.7962962962962963|0.0018270015716552|0.0042104721069335
13|50|0.8148148148148148|0.0019421577453613|0.0042946338653564
13|51|0.8148148148148148|0.0018904209136962|0.0043866634368896
13|52|0.8148148148148148|0.0019469261169433|0.0044543743133544
13|53|0.8148148148148148|0.0020108222961425|0.0044891834259033
13|54|0.8148148148148148|0.0020179748535156|0.004601240158081
13|55|0.8148148148148148|0.0019221305847167|0.0046541690826416
13|56|0.8240740740740741|0.0020070075988769|0.0047597885131835
13|57|0.8148148148148148|0.0019903182983398|0.00478196144104
13|58|0.8148148148148148|0.0020740032196044|0.0048563480377197
13|59|0.8240740740740741|0.0019824504852294|0.0049145221710205
13|60|0.8240740740740741|0.0020883083343505|0.0048596858978271
13|61|0.8240740740740741|0.002012014389038|0.0048949718475341
13|62|0.8240740740740741|0.0013191699981689|0.0029714107513427
13|63|0.7962962962962963|0.0013175010681152|0.0028209686279296
13|64|0.8148148148148148|0.0013301372528076|0.0029690265655517
13|65|0.8148148148148148|0.0013444423675537|0.0029122829437255
13|66|0.8333333333333334|0.0013432502746582|0.0029878616333007
13|67|0.8240740740740741|0.001345157623291|0.003223180770874
13|68|0.8240740740740741|0.0013418197631835|0.00307297706604
13|69|0.8148148148148148|0.0013356208801269|0.0031666755676269
13|70|0.8148148148148148|0.0013463497161865|0.0030219554901123
13|71|0.7962962962962963|0.001361608505249|0.0033118724822998
13|72|0.7962962962962963|0.0013635158538818|0.0031003952026367
13|73|0.8148148148148148|0.0013947486877441|0.0032045841217041
13|74|0.8055555555555556|0.0013713836669921|0.003119945526123
13|75|0.8055555555555556|0.0013961791992187|0.003242015838623
13|76|0.8148148148148148|0.0013904571533203|0.0033149719238281
13|77|0.8333333333333334|0.001457929611206|0.0031893253326416
13|78|0.8333333333333334|0.0014815330505371|0.0032308101654052
13|79|0.8333333333333334|0.0014617443084716|0.0032668113708496
13|80|0.8148148148148148|0.001476764678955|0.0033047199249267
13|81|0.8148148148148148|0.001497745513916|0.0034079551696777
13|82|0.8148148148148148|0.0018513202667236|0.0036604404449462
13|83|0.8148148148148148|0.0016219615936279|0.0034847259521484
13|84|0.8240740740740741|0.001570701599121|0.0036215782165527
13|85|0.8333333333333334|0.0015993118286132|0.0035912990570068
13|86|0.8333333333333334|0.0016186237335205|0.0035128593444824
13|87|0.8333333333333334|0.0016765594482421|0.0036590099334716
13|88|0.8333333333333334|0.0016090869903564|0.0035111904144287
13|89|0.8333333333333334|0.0016460418701171|0.0037648677825927
13|90|0.8333333333333334|0.0016868114471435|0.0036544799804687
13|91|0.8240740740740741|0.0017368793487548|0.0037078857421875
13|92|0.8240740740740741|0.0017087459564208|0.0038082599639892
13|93|0.8240740740740741|0.0017488002777099|0.0040416717529296
13|94|0.8240740740740741|0.0017304420471191|0.0038204193115234
13|95|0.8240740740740741|0.001868724822998|0.0036866664886474
13|96|0.8240740740740741|0.001824140548706|0.0039105415344238
13|97|0.8240740740740741|0.0018355846405029|0.0039455890655517
13|98|0.8240740740740741|0.0018177032470703|0.0038003921508789
13|99|0.8240740740740741|0.0019288063049316|0.0038061141967773
13|100|0.8240740740740741|0.0018708705902099|0.0039646625518798
13|101|0.8240740740740741|0.0019025802612304|0.0039024353027343
13|102|0.8240740740740741|0.0019452571868896|0.0039887428283691
13|103|0.8240740740740741|0.0019476413726806|0.0040559768676757
13|104|0.8240740740740741|0.0019552707672119|0.0042536258697509
13|105|0.8240740740740741|0.0019454956054687|0.0039114952087402
13|106|0.8240740740740741|0.0019588470458984|0.0039660930633544
13|107|0.8240740740740741|0.0019538402557373|0.0039966106414794
13|108|0.8333333333333334|0.00189208984375|0.0040497779846191
13|109|0.8333333333333334|0.0018966197967529|0.0043377876281738
13|110|0.8333333333333334|0.0020725727081298|0.0041556358337402
13|111|0.8333333333333334|0.0021207332611083|0.0041337013244628
13|112|0.8333333333333334|0.0021309852600097|0.0044357776641845
13|113|0.8333333333333334|0.0021219253540039|0.0040795803070068
13|114|0.8333333333333334|0.0021510124206542|0.0042505264282226
13|115|0.8333333333333334|0.0021808147430419|0.0044467449188232
13|116|0.8333333333333334|0.0020675659179687|0.0042972564697265
13|117|0.8333333333333334|0.00205659866333|0.0042247772216796
13|118|0.8333333333333334|0.0020363330841064|0.0042605400085449
13|119|0.8333333333333334|0.0020582675933837|0.0042891502380371
13|120|0.8333333333333334|0.0020294189453125|0.0041477680206298
13|121|0.8333333333333334|0.0020642280578613|0.0042464733123779
13|122|0.8333333333333334|0.0020594596862792|0.0041563510894775
13|123|0.8240740740740741|0.0021507740020751|0.0044121742248535
13|124|0.8240740740740741|0.002134084701538|0.0042076110839843
13|125|0.8240740740740741|0.0021791458129882|0.0042407512664794
13|126|0.8240740740740741|0.002162218093872|0.0042147636413574
13|127|0.8240740740740741|0.0021917819976806|0.0043630599975585
13|128|0.8240740740740741|0.0021727085113525|0.004347801208496
13|129|0.8240740740740741|0.0021767616271972|0.0045089721679687
13|130|0.8240740740740741|0.0022280216217041|0.0043768882751464
13|131|0.8240740740740741|0.0022099018096923|0.0044629573822021
13|132|0.8240740740740741|0.0021970272064208|0.0043356418609619
13|133|0.8240740740740741|0.0022456645965576|0.0045306682586669
13|134|0.8240740740740741|0.0022101402282714|0.0044729709625244
13|135|0.8240740740740741|0.0022308826446533|0.0043988227844238
13|136|0.8240740740740741|0.0022735595703125|0.0043137073516845
13|137|0.8240740740740741|0.0022718906402587|0.0045216083526611
13|138|0.8240740740740741|0.0022809505462646|0.0044660568237304
13|139|0.8240740740740741|0.0022950172424316|0.0043332576751708
18|20|0.7685185185185185|0.0015172958374023|
18|21|0.7592592592592593|0.0010192394256591|0.0013811588287353
18|22|0.7962962962962963|0.0010747909545898|0.0013492107391357
18|23|0.8240740740740741|0.0010685920715332|0.0014388561248779
18|24|0.8240740740740741|0.0010585784912109|0.0014717578887939
18|25|0.8148148148148148|0.0010151863098144|0.0014734268188476
18|26|0.8240740740740741|0.0010237693786621|0.0015265941619873
18|27|0.8055555555555556|0.0011093616485595|0.0015285015106201
18|28|0.8148148148148148|0.0010676383972167|0.0016007423400878
18|29|0.7962962962962963|0.0010347366333007|0.0016729831695556
18|30|0.8333333333333334|0.001086950302124|0.0016820430755615
18|31|0.8425925925925926|0.0010666847229003|0.001734972000122
18|32|0.8240740740740741|0.0010502338409423|0.001755952835083
18|33|0.8240740740740741|0.0010550022125244|0.0018343925476074
18|34|0.8333333333333334|0.0011301040649414|0.0018763542175292
18|35|0.8333333333333334|0.0010607242584228|0.0018725395202636
18|36|0.8333333333333334|0.0011236667633056|0.0019030570983886
18|37|0.8333333333333334|0.0011329650878906|0.0019164085388183
18|38|0.8240740740740741|0.0011677742004394|0.0019481182098388
18|39|0.8240740740740741|0.0011022090911865|0.0020399093627929
18|40|0.8240740740740741|0.0011563301086425|0.0020487308502197
18|41|0.8240740740740741|0.0010910034179687|0.0020785331726074
18|42|0.8333333333333334|0.0011346340179443|0.0020983219146728
18|43|0.8425925925925926|0.0010957717895507|0.0021374225616455
18|44|0.8518518518518519|0.0011618137359619|0.0021688938140869
18|45|0.8333333333333334|0.0011255741119384|0.0021982192993164
18|46|0.8333333333333334|0.0011966228485107|0.0022857189178466
18|47|0.8518518518518519|0.0011389255523681|0.0022611618041992
18|48|0.8518518518518519|0.0011940002441406|0.0023102760314941
18|49|0.8518518518518519|0.0011448860168457|0.0023541450500488
18|50|0.8611111111111112|0.0011882781982421|0.0024065971374511
18|51|0.8518518518518519|0.0011656284332275|0.0024101734161376
18|52|0.8518518518518519|0.0012357234954833|0.0024647712707519
18|53|0.8333333333333334|0.0011975765228271|0.0025107860565185
18|54|0.8333333333333334|0.0012364387512207|0.0025327205657958
18|55|0.8425925925925926|0.0012030601501464|0.0025672912597656
18|56|0.8518518518518519|0.0012526512145996|0.0026016235351562
18|57|0.8611111111111112|0.0012445449829101|0.0026283264160156
18|58|0.8518518518518519|0.0012891292572021|0.0026679039001464
18|59|0.8518518518518519|0.0012602806091308|0.0027296543121337
18|60|0.8333333333333334|0.001340627670288|0.0027241706848144
18|61|0.8425925925925926|0.0012712478637695|0.0027980804443359
18|62|0.8240740740740741|0.0013589859008789|0.0027816295623779
18|63|0.8333333333333334|0.0013461112976074|0.0028548240661621
18|64|0.8148148148148148|0.0013632774353027|0.0028924942016601
18|65|0.8240740740740741|0.0013566017150878|0.0028862953186035
18|66|0.8240740740740741|0.0013284683227539|0.002979040145874
18|67|0.8333333333333334|0.0013542175292968|0.0029916763305664
18|68|0.8055555555555556|0.0013403892517089|0.0030040740966796
18|69|0.7962962962962963|0.0013916492462158|0.0030763149261474
18|70|0.7962962962962963|0.0013926029205322|0.0030627250671386
18|71|0.8055555555555556|0.001392126083374|0.0031392574310302
18|72|0.8055555555555556|0.0014724731445312|0.0031356811523437
18|73|0.8148148148148148|0.00146484375|0.0031800270080566
18|74|0.8148148148148148|0.0014765262603759|0.00321626663208
18|75|0.8148148148148148|0.0014505386352539|0.003303050994873
18|76|0.8333333333333334|0.0014729499816894|0.0032954216003417
18|77|0.8240740740740741|0.0014979839324951|0.0032708644866943
18|78|0.8148148148148148|0.0014686584472656|0.0033097267150878
18|79|0.8148148148148148|0.0015013217926025|0.003319501876831
18|80|0.8240740740740741|0.0015120506286621|0.0033819675445556
18|81|0.8055555555555556|0.0015418529510498|0.0033814907073974
18|82|0.8055555555555556|0.0015828609466552|0.0034329891204833
18|83|0.8055555555555556|0.0015695095062255|0.0034451484680175
18|84|0.8055555555555556|0.001579999923706|0.0034644603729248
18|85|0.8055555555555556|0.0016138553619384|0.0036234855651855
18|86|0.8055555555555556|0.0016086101531982|0.0035459995269775
18|87|0.8148148148148148|0.0019199848175048|0.0037000179290771
18|88|0.7962962962962963|0.0016868114471435|0.0035924911499023
18|89|0.7962962962962963|0.0017032623291015|0.00362229347229
18|90|0.7962962962962963|0.0017371177673339|0.003648042678833
18|91|0.7962962962962963|0.0017719268798828|0.0037083625793457
18|92|0.7962962962962963|0.0017542839050292|0.0036978721618652
18|93|0.7962962962962963|0.0017924308776855|0.0038955211639404
18|94|0.7870370370370371|0.0017693042755126|0.0037858486175537
18|95|0.7962962962962963|0.001866340637207|0.0038034915924072
18|96|0.7962962962962963|0.0018253326416015|0.0038313865661621
18|97|0.8055555555555556|0.0018017292022705|0.0038273334503173
18|98|0.8148148148148148|0.0018353462219238|0.0038855075836181
18|99|0.8148148148148148|0.0018877983093261|0.003941535949707
18|100|0.8148148148148148|0.0018894672393798|0.0039412975311279
18|101|0.8148148148148148|0.0018665790557861|0.0039467811584472
18|102|0.8148148148148148|0.0019080638885498|0.0040149688720703
18|103|0.8148148148148148|0.0019593238830566|0.0041577816009521
18|104|0.8148148148148148|0.0019783973693847|0.0040297508239746
18|105|0.8148148148148148|0.001962661743164|0.004033088684082
18|106|0.8148148148148148|0.0019702911376953|0.0040678977966308
18|107|0.8148148148148148|0.0019698143005371|0.0040655136108398
18|108|0.8148148148148148|0.0020012855529785|0.0041360855102539
18|109|0.8148148148148148|0.0020039081573486|0.0040791034698486
18|110|0.8148148148148148|0.0019817352294921|0.0041127204895019
18|111|0.8148148148148148|0.0020716190338134|0.0040953159332275
18|112|0.8148148148148148|0.0020160675048828|0.0041239261627197
18|113|0.8148148148148148|0.0020253658294677|0.0041172504425048
18|114|0.8148148148148148|0.0020124912261962|0.0041677951812744
18|115|0.8148148148148148|0.0020864009857177|0.0041840076446533
18|116|0.8148148148148148|0.0020501613616943|0.00417160987854
18|117|0.8148148148148148|0.0020568370819091|0.0041730403900146
18|118|0.8148148148148148|0.002044677734375|0.0041966438293457
18|119|0.8148148148148148|0.0020861625671386|0.0042896270751953
18|120|0.8148148148148148|0.0020780563354492|0.0041601657867431
18|121|0.8148148148148148|0.0021109580993652|0.004239797592163
18|122|0.8148148148148148|0.0021312236785888|0.004312515258789
18|123|0.8148148148148148|0.0032770633697509|0.0057578086853027
18|124|0.8148148148148148|0.0031445026397705|0.0076336860656738
18|125|0.8148148148148148|0.0021803379058837|0.0042729377746582
18|126|0.8148148148148148|0.0021512508392333|0.0042667388916015
18|127|0.8148148148148148|0.0021669864654541|0.0043816566467285
18|128|0.8148148148148148|0.0024249553680419|0.0042934417724609
18|129|0.8148148148148148|0.0021636486053466|0.0043010711669921
18|130|0.8148148148148148|0.0022008419036865|0.0044145584106445
18|131|0.8148148148148148|0.0023975372314453|0.004296064376831
18|132|0.8148148148148148|0.0022141933441162|0.0043017864227294
18|133|0.8148148148148148|0.0022406578063964|0.004368782043457
18|134|0.8148148148148148|0.0022556781768798|0.0043027400970458
18|135|0.8148148148148148|0.0022475719451904|0.004594087600708
18|136|0.8148148148148148|0.0022523403167724|0.0043637752532958
18|137|0.8148148148148148|0.0022923946380615|0.004317283630371
18|138|0.8148148148148148|0.0022444725036621|0.0043957233428955
10|20|0.7129629629629629|0.0025033950805664|
10|21|0.6944444444444444|0.0014669895172119|0.002429723739624
10|22|0.6666666666666666|0.0018186569213867|0.0023508071899414
10|23|0.7037037037037037|0.0010557174682617|0.0019490718841552
10|24|0.7222222222222222|0.0010850429534912|0.0014381408691406
10|25|0.7407407407407407|0.0009939670562744|0.001476764678955
10|26|0.7777777777777778|0.0010204315185546|0.0015039443969726
10|27|0.8333333333333334|0.0010631084442138|0.0015890598297119
10|28|0.7129629629629629|0.0010232925415039|0.0015878677368164
10|29|0.8148148148148148|0.0010268688201904|0.001652717590332
10|30|0.8055555555555556|0.001061201095581|0.0016829967498779
10|31|0.8148148148148148|0.0010750293731689|0.0017392635345458
10|32|0.8240740740740741|0.0010590553283691|0.0017333030700683
10|33|0.8333333333333334|0.000993013381958|0.0017974376678466
10|34|0.7962962962962963|0.0010428428649902|0.0018286705017089
10|35|0.8055555555555556|0.001021385192871|0.0018503665924072
10|36|0.7962962962962963|0.0011601448059082|0.0018794536590576
10|37|0.7870370370370371|0.0010406970977783|0.0019600391387939
10|38|0.7870370370370371|0.0012183189392089|0.0019855499267578
10|39|0.7870370370370371|0.0010404586791992|0.001990795135498
10|40|0.7685185185185185|0.001171588897705|0.0020570755004882
10|41|0.7592592592592593|0.001023530960083|0.0020527839660644
10|42|0.7407407407407407|0.0018112659454345|0.0021288394927978
10|43|0.7685185185185185|0.0010647773742675|0.0021727085113525
10|44|0.7777777777777778|0.0011653900146484|0.0025391578674316
10|45|0.7685185185185185|0.0010499954223632|0.0022475719451904
10|46|0.7777777777777778|0.0012412071228027|0.0022621154785156
10|47|0.7777777777777778|0.0010764598846435|0.0022902488708496
10|48|0.7870370370370371|0.0012543201446533|0.0023717880249023
10|49|0.7870370370370371|0.0011022090911865|0.0024075508117675
10|50|0.7962962962962963|0.0011768341064453|0.0024135112762451
10|51|0.7777777777777778|0.0011115074157714|0.0024547576904296
10|52|0.7870370370370371|0.0013151168823242|0.0024492740631103
10|53|0.7870370370370371|0.0011215209960937|0.0024716854095458
10|54|0.7962962962962963|0.0012581348419189|0.0025830268859863
10|55|0.8055555555555556|0.0011284351348876|0.0025877952575683
10|56|0.7962962962962963|0.001270055770874|0.0025813579559326
10|57|0.8055555555555556|0.0011448860168457|0.0026564598083496
10|58|0.8148148148148148|0.0013043880462646|0.0027210712432861
10|59|0.8055555555555556|0.0011982917785644|0.0026886463165283
10|60|0.7777777777777778|0.0013267993927001|0.0027515888214111
10|61|0.7870370370370371|0.0011892318725585|0.002798318862915
10|62|0.7962962962962963|0.0013298988342285|0.002781867980957
10|63|0.8055555555555556|0.0012342929840087|0.0028550624847412
10|64|0.8148148148148148|0.0012359619140625|0.0029048919677734
10|65|0.8148148148148148|0.001239538192749|0.0029294490814208
10|66|0.8148148148148148|0.001251220703125|0.0030076503753662
10|67|0.8148148148148148|0.0012602806091308|0.0029544830322265
10|68|0.8148148148148148|0.0012779235839843|0.0029811859130859
10|69|0.8240740740740741|0.0012819766998291|0.0031330585479736
10|70|0.8240740740740741|0.0012874603271484|0.0031077861785888
10|71|0.8148148148148148|0.0012769699096679|0.0031313896179199
10|72|0.8148148148148148|0.0012753009796142|0.0031466484069824
10|73|0.7962962962962963|0.0013098716735839|0.0032048225402832
10|74|0.7962962962962963|0.0013160705566406|0.0032403469085693
10|75|0.7962962962962963|0.0013349056243896|0.003244400024414
10|76|0.7870370370370371|0.0013494491577148|0.0032815933227539
10|77|0.8148148148148148|0.0013430118560791|0.0032963752746582
10|78|0.8148148148148148|0.001394510269165|0.0032892227172851
10|79|0.8055555555555556|0.0013904571533203|0.0033771991729736
10|80|0.8148148148148148|0.0013849735260009|0.0033981800079345
10|81|0.8055555555555556|0.001408576965332|0.0034165382385253
10|82|0.8055555555555556|0.0044167041778564|0.0033774375915527
10|83|0.8148148148148148|0.0017468929290771|0.0037698745727539
10|84|0.7962962962962963|0.0016291141510009|0.0034680366516113
10|85|0.8055555555555556|0.0016541481018066|0.0034792423248291
10|86|0.8055555555555556|0.001626968383789|0.0036072731018066
10|87|0.8148148148148148|0.0018789768218994|0.0036211013793945
10|88|0.7962962962962963|0.0017285346984863|0.0036370754241943
10|89|0.7962962962962963|0.0017468929290771|0.0036273002624511
10|90|0.8055555555555556|0.0017004013061523|0.0037477016448974
10|91|0.8148148148148148|0.0018072128295898|0.0037174224853515
10|92|0.8055555555555556|0.0017426013946533|0.0036895275115966
10|93|0.8055555555555556|0.0016934871673583|0.0037899017333984
10|94|0.8055555555555556|0.0017404556274414|0.0037806034088134
10|95|0.8148148148148148|0.001866340637207|0.0038387775421142
10|96|0.8148148148148148|0.0017788410186767|0.0037493705749511
10|97|0.8148148148148148|0.0017976760864257|0.003890037536621
10|98|0.8148148148148148|0.0018351078033447|0.0038971900939941
10|99|0.8148148148148148|0.0020451545715332|0.0038728713989257
10|100|0.8055555555555556|0.0017971992492675|0.0039763450622558
10|101|0.8055555555555556|0.0018770694732666|0.0039224624633789
10|102|0.8055555555555556|0.0018873214721679|0.0039958953857421
10|103|0.8148148148148148|0.0020186901092529|0.0040118694305419
10|104|0.8055555555555556|0.002004861831665|0.0039830207824707
10|105|0.8148148148148148|0.0020298957824707|0.0040016174316406
10|106|0.8148148148148148|0.0020723342895507|0.0041139125823974
10|107|0.8055555555555556|0.0021703243255615|0.004150390625
10|108|0.8055555555555556|0.0019872188568115|0.0041484832763671
10|109|0.8055555555555556|0.0019659996032714|0.0040943622589111
10|110|0.8055555555555556|0.0020337104797363|0.004091739654541
10|111|0.8055555555555556|0.0021562576293945|0.0042090415954589
10|112|0.8055555555555556|0.0020227432250976|0.0042142868041992
10|113|0.8055555555555556|0.0020234584808349|0.0041918754577636
10|114|0.8055555555555556|0.0020430088043212|0.0042486190795898
10|115|0.8055555555555556|0.0022220611572265|0.0042412281036376
10|116|0.8055555555555556|0.0020549297332763|0.0041728019714355
10|117|0.8055555555555556|0.0020587444305419|0.0042691230773925
10|118|0.8055555555555556|0.0020475387573242|0.0042197704315185
10|119|0.8055555555555556|0.0021440982818603|0.0042500495910644
10|120|0.8055555555555556|0.0020852088928222|0.004176378250122
10|121|0.8055555555555556|0.0020809173583984|0.004312515258789
10|122|0.8055555555555556|0.0020768642425537|0.0042102336883544
10|123|0.8055555555555556|0.0021500587463378|0.0042030811309814
10|124|0.8055555555555556|0.0021204948425292|0.0043540000915527
10|125|0.8055555555555556|0.0021820068359375|0.0042502880096435
10|126|0.8055555555555556|0.0021460056304931|0.0042364597320556
10|127|0.8148148148148148|0.0021896362304687|0.0044326782226562
10|128|0.8148148148148148|0.0022635459899902|0.0043976306915283
10|129|0.8148148148148148|0.0022428035736083|0.0043892860412597
10|130|0.8148148148148148|0.0022759437561035|0.0043210983276367
10|131|0.8148148148148148|0.0023243427276611|0.0043652057647705
10|132|0.8148148148148148|0.0022296905517578|0.0043110847473144
10|133|0.8148148148148148|0.0022451877593994|0.0043988227844238
10|134|0.8148148148148148|0.002328872680664|0.0044417381286621
10|135|0.8148148148148148|0.0022990703582763|0.0044376850128173
10|136|0.8148148148148148|0.0022735595703125|0.004490852355957
10|137|0.8148148148148148|0.0023565292358398|0.0044410228729248
10|138|0.8148148148148148|0.0022828578948974|0.0044467449188232
10|139|0.8148148148148148|0.002342939376831|0.0044751167297363
19|140|0.7870370370370371|0.0020811557769775|0.0045506954193115
19|141|0.7870370370370371|0.0020978450775146|0.0045197010040283
19|142|0.7870370370370371|0.0021114349365234|0.0043168067932128
19|143|0.7870370370370371|0.0021138191223144|0.0043916702270507
19|144|0.7870370370370371|0.0021052360534667|0.0042226314544677
19|145|0.7870370370370371|0.0021150112152099|0.0044760704040527
19|146|0.7870370370370371|0.0021314620971679|0.0044207572937011
19|147|0.7870370370370371|0.0021185874938964|0.0044119358062744
19|148|0.7870370370370371|0.0021624565124511|0.0042929649353027
19|149|0.7870370370370371|0.0021398067474365|0.0042526721954345
19|150|0.7870370370370371|0.0021493434906005|0.004565954208374
19|151|0.7870370370370371|0.0022249221801757|0.0044319629669189
19|152|0.7870370370370371|0.0021502971649169|0.0044252872467041
19|153|0.7870370370370371|0.0021774768829345|0.0043830871582031
19|154|0.7870370370370371|0.0021860599517822|0.0042853355407714
19|155|0.7870370370370371|0.0021867752075195|0.0044565200805664
19|156|0.7870370370370371|0.0022273063659667|0.0044231414794921
19|157|0.7870370370370371|0.0022072792053222|0.0045473575592041
19|158|0.7870370370370371|0.0021865367889404|0.0042812824249267
19|159|0.7870370370370371|0.0022120475769042|0.0044596195220947
19|160|0.7870370370370371|0.0021986961364746|0.0044226646423339
19|161|0.7870370370370371|0.0021979808807373|0.0042915344238281
19|162|0.7870370370370371|0.0022051334381103|0.0044214725494384
12|139|0.8333333333333334|0.0021567344665527|0.0043656826019287
12|140|0.8333333333333334|0.0021612644195556|0.0045611858367919
12|141|0.8333333333333334|0.0021724700927734|0.004530906677246
12|142|0.8333333333333334|0.0021798610687255|0.0047535896301269
12|143|0.8333333333333334|0.0021660327911376|0.0043842792510986
12|144|0.8333333333333334|0.0021772384643554|0.0045719146728515
12|145|0.8333333333333334|0.0022008419036865|0.0047419071197509
12|146|0.8333333333333334|0.0021989345550537|0.0043833255767822
12|147|0.8333333333333334|0.0022199153900146|0.0047199726104736
12|148|0.8333333333333334|0.0022296905517578|0.0045740604400634
12|149|0.8333333333333334|0.0022261142730712|0.0045456886291503
12|150|0.8425925925925926|0.0022673606872558|0.0043861865997314
12|151|0.8425925925925926|0.0022745132446289|0.0046398639678955
12|152|0.8425925925925926|0.002286672592163|0.0045771598815917
12|153|0.8425925925925926|0.0022876262664794|0.00459885597229
12|154|0.8425925925925926|0.0022852420806884|0.0045971870422363
12|155|0.8425925925925926|0.0023069381713867|0.0045874118804931
12|156|0.8425925925925926|0.0023248195648193|0.0048131942749023
12|157|0.8425925925925926|0.0023188591003417|0.0044727325439453
12|158|0.8425925925925926|0.0023286342620849|0.0045757293701171
12|159|0.8425925925925926|0.002347707748413|0.0048205852508544
12|160|0.8425925925925926|0.0023536682128906|0.0046594142913818
12|161|0.8425925925925926|0.0023431777954101|0.0045998096466064
12|162|0.8425925925925926|0.0023658275604248|0.004622459411621
16|140|0.8425925925925926|0.0021495819091796|0.0043768882751464
16|141|0.8425925925925926|0.0021648406982421|0.0043902397155761
16|142|0.8425925925925926|0.0021767616271972|0.0044593811035156
16|143|0.8425925925925926|0.0021712779998779|0.0043628215789794
16|144|0.8425925925925926|0.0021708011627197|0.0044188499450683
16|145|0.8425925925925926|0.0021846294403076|0.0043959617614746
16|146|0.8425925925925926|0.0021901130676269|0.0043988227844238
16|147|0.8425925925925926|0.002225637435913|0.0043926239013671
16|148|0.8425925925925926|0.0022139549255371|0.0044012069702148
16|149|0.8425925925925926|0.0022199153900146|0.0043909549713134
16|150|0.8425925925925926|0.0022604465484619|0.0043826103210449
16|151|0.8425925925925926|0.0022394657135009|0.0044233798980712
16|152|0.8425925925925926|0.0022425651550292|0.0044202804565429
16|153|0.8425925925925926|0.0022721290588378|0.0043864250183105
16|154|0.8425925925925926|0.0022552013397216|0.0044152736663818
16|155|0.8425925925925926|0.0022609233856201|0.0044233798980712
16|156|0.8425925925925926|0.0022933483123779|0.0044176578521728
16|157|0.8425925925925926|0.0022902488708496|0.0044219493865966
16|158|0.8425925925925926|0.0022907257080078|0.0044636726379394
16|159|0.8425925925925926|0.0022969245910644|0.0044231414794921
16|160|0.8425925925925926|0.0023126602172851|0.0044023990631103
16|161|0.8425925925925926|0.0022790431976318|0.0044176578521728
16|162|0.8425925925925926|0.0023682117462158|0.0044436454772949
17|141|0.8240740740740741|0.0023145675659179|0.0043978691101074
17|142|0.8240740740740741|0.0023055076599121|0.0043392181396484
17|143|0.8240740740740741|0.0023159980773925|0.0044755935668945
17|144|0.8240740740740741|0.0023334026336669|0.0043470859527587
17|145|0.8240740740740741|0.0023119449615478|0.004352331161499
17|146|0.8240740740740741|0.0023398399353027|0.004765510559082
17|147|0.8240740740740741|0.0023860931396484|0.0043692588806152
17|148|0.8240740740740741|0.0023519992828369|0.0043656826019287
17|149|0.8240740740740741|0.0023543834686279|0.0043821334838867
17|150|0.8240740740740741|0.0023636817932128|0.0043530464172363
17|151|0.8240740740740741|0.0023574829101562|0.0047047138214111
17|152|0.8240740740740741|0.0023550987243652|0.0043799877166748
17|153|0.8240740740740741|0.0023496150970458|0.0043590068817138
17|154|0.8240740740740741|0.0023691654205322|0.0045115947723388
17|155|0.8240740740740741|0.0023519992828369|0.0043814182281494
17|156|0.8240740740740741|0.0023822784423828|0.0045688152313232
17|157|0.8240740740740741|0.0023765563964843|0.0045719146728515
17|158|0.8240740740740741|0.0023691654205322|0.0043859481811523
17|159|0.8240740740740741|0.0024125576019287|0.0046107769012451
17|160|0.8240740740740741|0.0023951530456542|0.0043723583221435
17|161|0.8240740740740741|0.0023930072784423|0.0043973922729492
17|162|0.8240740740740741|0.0024366378784179|0.0043728351593017
14|139|0.8796296296296297|0.002166748046875|0.0047278404235839
14|140|0.8796296296296297|0.0021815299987792|0.0047132968902587
14|141|0.8796296296296297|0.0022299289703369|0.0047898292541503
14|142|0.8796296296296297|0.0022132396697998|0.0047588348388671
14|143|0.8796296296296297|0.0022082328796386|0.0049691200256347
14|144|0.8796296296296297|0.0022077560424804|0.0046989917755126
14|145|0.8796296296296297|0.0022273063659667|0.0048277378082275
14|146|0.8796296296296297|0.0023040771484375|0.0047268867492675
14|147|0.8796296296296297|0.0022387504577636|0.0047357082366943
14|148|0.8796296296296297|0.0022540092468261|0.0046334266662597
14|149|0.8796296296296297|0.0022668838500976|0.0048072338104248
14|150|0.8796296296296297|0.0022947788238525|0.0048122406005859
14|151|0.8796296296296297|0.0022985935211181|0.0047435760498046
14|152|0.8796296296296297|0.0022718906402587|0.0049257278442382
14|153|0.8796296296296297|0.0023314952850341|0.0047163963317871
14|154|0.8888888888888888|0.0022616386413574|0.0048277378082275
14|155|0.8888888888888888|0.002314805984497|0.0047767162322998
14|156|0.8888888888888888|0.0023200511932373|0.0053448677062988
14|157|0.8888888888888888|0.0022757053375244|0.0047335624694824
14|158|0.8888888888888888|0.0023005008697509|0.0048019886016845
14|159|0.8888888888888888|0.0024211406707763|0.0059084892272949
14|160|0.8888888888888888|0.0026054382324218|0.0063157081604003
14|161|0.8888888888888888|0.0026435852050781|0.0047276020050048
14|162|0.8888888888888888|0.0025968551635742|0.004683494567871
11|141|0.8055555555555556|0.0023496150970458|0.0048725605010986
11|142|0.8055555555555556|0.0023832321166992|0.0045366287231445
11|143|0.8055555555555556|0.002371072769165|0.0047683715820312
11|144|0.8055555555555556|0.0023765563964843|0.004857063293457
11|145|0.8055555555555556|0.0023887157440185|0.0048203468322753
11|146|0.8055555555555556|0.0023927688598632|0.0047671794891357
11|147|0.8055555555555556|0.0024271011352539|0.0047180652618408
11|148|0.8055555555555556|0.0024225711822509|0.0049624443054199
11|149|0.8055555555555556|0.0024092197418212|0.0045814514160156
11|150|0.8055555555555556|0.0024158954620361|0.0047740936279296
11|151|0.8055555555555556|0.0024564266204833|0.0046989917755126
11|152|0.8055555555555556|0.0024635791778564|0.0049579143524169
11|153|0.8055555555555556|0.0024895668029785|0.00514817237854
11|154|0.8055555555555556|0.0024435520172119|0.0045018196105957
11|155|0.8055555555555556|0.0024671554565429|0.0049054622650146
11|156|0.8055555555555556|0.0024752616882324|0.0048534870147705
11|157|0.8055555555555556|0.0024950504302978|0.0050771236419677
11|158|0.8055555555555556|0.0025115013122558|0.0051939487457275
11|159|0.8055555555555556|0.0025122165679931|0.0051639080047607
11|160|0.8055555555555556|0.0024986267089843|0.0045807361602783
11|161|0.8055555555555556|0.0025773048400878|0.0048062801361083
11|162|0.8055555555555556|0.0025959014892578|0.0046913623809814
15|140|0.7962962962962963|0.0021238327026367|0.004331350326538
15|141|0.7962962962962963|0.0022177696228027|0.0044476985931396
15|142|0.7962962962962963|0.0022103786468505|0.0043890476226806
15|143|0.7962962962962963|0.0022132396697998|0.0044288635253906
15|144|0.7962962962962963|0.0022127628326416|0.0047082901000976
15|145|0.7962962962962963|0.0022175312042236|0.0044450759887695
15|146|0.7962962962962963|0.0022323131561279|0.0046710968017578
15|147|0.7962962962962963|0.0022616386413574|0.0046477317810058
15|148|0.7962962962962963|0.0022339820861816|0.0044350624084472
15|149|0.7962962962962963|0.0022306442260742|0.0044245719909667
15|150|0.7962962962962963|0.0022535324096679|0.004418134689331
15|151|0.7962962962962963|0.0022535324096679|0.0045125484466552
15|152|0.7962962962962963|0.0022644996643066|0.0046343803405761
15|153|0.7962962962962963|0.0022878646850585|0.0045034885406494
15|154|0.7962962962962963|0.002288818359375|0.0046138763427734
15|155|0.7962962962962963|0.0024726390838623|0.0044503211975097
15|156|0.7962962962962963|0.0026137828826904|0.0045418739318847
15|157|0.7962962962962963|0.0026450157165527|0.0045862197875976
15|158|0.7962962962962963|0.0026042461395263|0.0043394565582275
15|159|0.7962962962962963|0.0025367736816406|0.0045549869537353
15|160|0.7962962962962963|0.0023927688598632|0.0044372081756591
15|161|0.7962962962962963|0.0024654865264892|0.0042541027069091
15|162|0.7962962962962963|0.0026977062225341|0.0042307376861572
13|140|0.8240740740740741|0.0022814273834228|0.0043535232543945
13|141|0.8240740740740741|0.0023362636566162|0.0043561458587646
13|142|0.8240740740740741|0.0022938251495361|0.0043957233428955
13|143|0.8240740740740741|0.0023293495178222|0.0046207904815673
13|144|0.8240740740740741|0.0023231506347656|0.0043833255767822
13|145|0.8240740740740741|0.0023615360260009|0.0043942928314208
13|146|0.8240740740740741|0.002338171005249|0.0044083595275878
13|147|0.8240740740740741|0.0023469924926757|0.0044126510620117
13|148|0.8240740740740741|0.0023603439331054|0.0043730735778808
13|149|0.8240740740740741|0.0023872852325439|0.0043871402740478
13|150|0.8240740740740741|0.0023765563964843|0.0044224262237548
13|151|0.8240740740740741|0.0023996829986572|0.0043768882751464
13|152|0.8240740740740741|0.0023927688598632|0.0044066905975341
13|153|0.8240740740740741|0.0024235248565673|0.0044026374816894
13|154|0.8240740740740741|0.0024445056915283|0.0044131278991699
13|155|0.8240740740740741|0.0024347305297851|0.004385232925415
13|156|0.8240740740740741|0.0024394989013671|0.0045616626739501
13|157|0.8240740740740741|0.0024466514587402|0.0046374797821044
13|158|0.8240740740740741|0.002455711364746|0.0044755935668945
13|159|0.8240740740740741|0.0025064945220947|0.0044608116149902
13|160|0.8240740740740741|0.0025703907012939|0.0044867992401123
13|161|0.8240740740740741|0.0026247501373291|0.004594087600708
13|162|0.8240740740740741|0.0025830268859863|0.0047731399536132
10|140|0.8148148148148148|0.0029542446136474|0.0044822692871093
10|141|0.8148148148148148|0.0023493766784667|0.0044264793395996
10|142|0.8148148148148148|0.0023310184478759|0.0044758319854736
10|143|0.8148148148148148|0.0023787021636962|0.0045037269592285
10|144|0.8148148148148148|0.0023496150970458|0.0044479370117187
10|145|0.8148148148148148|0.0023682117462158|0.0045554637908935
10|146|0.8148148148148148|0.002368688583374|0.0044269561767578
10|147|0.8148148148148148|0.0024101734161376|0.0047962665557861
10|148|0.8148148148148148|0.002410888671875|0.0045268535614013
10|149|0.8148148148148148|0.002429723739624|0.0046262741088867
10|150|0.8148148148148148|0.0023903846740722|0.0045006275177001
10|151|0.8148148148148148|0.002418041229248|0.0045802593231201
10|152|0.8148148148148148|0.0024182796478271|0.0046725273132324
10|153|0.8148148148148148|0.0025522708892822|0.0046207904815673
10|154|0.8148148148148148|0.0024662017822265|0.0045735836029052
10|155|0.8148148148148148|0.0025331974029541|0.004857063293457
10|156|0.8148148148148148|0.0026144981384277|0.0045373439788818
10|157|0.8148148148148148|0.0026221275329589|0.0047988891601562
10|158|0.8148148148148148|0.0027291774749755|0.004457950592041
10|159|0.8148148148148148|0.002652883529663|0.00465989112854
10|160|0.8148148148148148|0.0026769638061523|0.0045113563537597
10|161|0.8148148148148148|0.0027277469635009|0.0046198368072509
10|162|0.8148148148148148|0.0027008056640625|0.0046207904815673
18|139|0.8148148148148148|0.00227952003479|0.0044305324554443
18|140|0.8148148148148148|0.0022981166839599|0.0044474601745605
18|141|0.8055555555555556|0.0023350715637207|0.0044186115264892
18|142|0.8055555555555556|0.0023601055145263|0.004429817199707
18|143|0.8055555555555556|0.0023458003997802|0.004439353942871
18|144|0.8055555555555556|0.0023779869079589|0.004420518875122
18|145|0.8055555555555556|0.0023581981658935|0.0045464038848876
18|146|0.8055555555555556|0.0023846626281738|0.0044341087341308
18|147|0.8055555555555556|0.0023977756500244|0.0044248104095458
18|148|0.8055555555555556|0.0023982524871826|0.0047235488891601
18|149|0.8055555555555556|0.0023636817932128|0.0044403076171875
18|150|0.8055555555555556|0.0023825168609619|0.0044639110565185
18|151|0.8055555555555556|0.0024077892303466|0.0044310092926025
18|152|0.8055555555555556|0.0023903846740722|0.0044558048248291
18|153|0.8055555555555556|0.0024447441101074|0.0045146942138671
18|154|0.8055555555555556|0.0024547576904296|0.0045387744903564
18|155|0.8055555555555556|0.0025563240051269|0.0044474601745605
18|156|0.8055555555555556|0.0025610923767089|0.0044772624969482
18|157|0.8055555555555556|0.0026156902313232|0.0044779777526855
18|158|0.8055555555555556|0.0026254653930664|0.0045340061187744
18|159|0.8148148148148148|0.0026552677154541|0.0045018196105957
18|160|0.8148148148148148|0.0027182102203369|0.0046062469482421
18|161|0.8148148148148148|0.0028104782104492|0.0047142505645751
18|162|0.8148148148148148|0.0025966167449951|0.0045490264892578
21|20|0.75|0.0012695789337158|
21|21|0.7685185185185185|0.0009486675262451|0.0013544559478759
21|22|0.7777777777777778|0.0009725093841552|0.0013413429260253
21|23|0.7870370370370371|0.0009651184082031|0.001457929611206
21|24|0.7962962962962963|0.0009973049163818|0.0014064311981201
21|25|0.7777777777777778|0.0009639263153076|0.0014653205871582
21|26|0.7685185185185185|0.0009958744049072|0.0014710426330566
21|27|0.7870370370370371|0.0009989738464355|0.0015637874603271
21|28|0.7777777777777778|0.0009675025939941|0.001582384109497
21|29|0.7777777777777778|0.0009737014770507|0.0016150474548339
21|30|0.7592592592592593|0.0009958744049072|0.0016789436340332
21|31|0.7592592592592593|0.0010113716125488|0.0017271041870117
21|32|0.7870370370370371|0.0009891986846923|0.0018079280853271
21|33|0.7777777777777778|0.0009818077087402|0.001885175704956
21|34|0.7777777777777778|0.0012140274047851|0.0018699169158935
21|35|0.7685185185185185|0.0010249614715576|0.0019292831420898
21|36|0.7685185185185185|0.0010325908660888|0.0020217895507812
21|37|0.7777777777777778|0.0010168552398681|0.0020208358764648
21|38|0.7777777777777778|0.0010538101196289|0.0019865036010742
21|39|0.7685185185185185|0.0010309219360351|0.0021302700042724
21|40|0.7685185185185185|0.0010657310485839|0.0021760463714599
21|41|0.7685185185185185|0.0010678768157958|0.0021545886993408
21|42|0.7685185185185185|0.0010838508605957|0.0021803379058837
21|43|0.7685185185185185|0.0010559558868408|0.0022156238555908
21|44|0.7777777777777778|0.0010855197906494|0.0021889209747314
21|45|0.7962962962962963|0.0010344982147216|0.0023114681243896
21|46|0.7870370370370371|0.0010936260223388|0.0022311210632324
21|47|0.7870370370370371|0.0010657310485839|0.0023276805877685
21|48|0.7870370370370371|0.0010955333709716|0.0023925304412841
21|49|0.8240740740740741|0.0010693073272705|0.0023987293243408
21|50|0.8333333333333334|0.0011205673217773|0.0023863315582275
21|51|0.8333333333333334|0.0010926723480224|0.0024635791778564
21|52|0.8240740740740741|0.0011777877807617|0.0024216175079345
21|53|0.8148148148148148|0.0011274814605712|0.0025148391723632
21|54|0.8148148148148148|0.0011601448059082|0.0026824474334716
21|55|0.8148148148148148|0.0011343955993652|0.0026183128356933
21|56|0.8055555555555556|0.0011653900146484|0.0026025772094726
21|57|0.8148148148148148|0.0011506080627441|0.0026321411132812
21|58|0.8148148148148148|0.0011839866638183|0.0027105808258056
21|59|0.8240740740740741|0.0011723041534423|0.0026960372924804
21|60|0.8240740740740741|0.0012145042419433|0.0027194023132324
21|61|0.8148148148148148|0.0011942386627197|0.0029060840606689
21|62|0.8148148148148148|0.0012650489807128|0.0029060840606689
21|63|0.8148148148148148|0.0012297630310058|0.0027964115142822
21|64|0.8333333333333334|0.0012247562408447|0.0028443336486816
21|65|0.8240740740740741|0.0012192726135253|0.0028810501098632
21|66|0.8240740740740741|0.0012409687042236|0.0031487941741943
21|67|0.8240740740740741|0.0012447834014892|0.0030012130737304
21|68|0.8240740740740741|0.0012614727020263|0.0030055046081542
21|69|0.8240740740740741|0.0012848377227783|0.0031943321228027
21|70|0.8240740740740741|0.001288890838623|0.0030882358551025
21|71|0.8240740740740741|0.0012969970703125|0.0032684803009033
21|72|0.8148148148148148|0.0013062953948974|0.0033838748931884
21|73|0.8148148148148148|0.0013349056243896|0.0032882690429687
21|74|0.8148148148148148|0.0013349056243896|0.0032246112823486
21|75|0.8148148148148148|0.0013618469238281|0.0033040046691894
21|76|0.8148148148148148|0.0013558864593505|0.0032405853271484
21|77|0.8148148148148148|0.0013723373413085|0.0033674240112304
21|78|0.8148148148148148|0.0014019012451171|0.0032675266265869
21|79|0.8148148148148148|0.0014200210571289|0.0034663677215576
21|80|0.8148148148148148|0.0014245510101318|0.0033714771270751
21|81|0.8148148148148148|0.001432180404663|0.003575325012207
21|82|0.8148148148148148|0.0014314651489257|0.003662109375
21|83|0.8148148148148148|0.0014634132385253|0.0036864280700683
21|84|0.8148148148148148|0.0014848709106445|0.0034625530242919
21|85|0.8148148148148148|0.0014760494232177|0.003664493560791
21|86|0.8148148148148148|0.0015122890472412|0.0037801265716552
21|87|0.8148148148148148|0.001533031463623|0.0036802291870117
21|88|0.8148148148148148|0.0015280246734619|0.0036661624908447
21|89|0.8055555555555556|0.0015316009521484|0.0036709308624267
21|90|0.8148148148148148|0.0015559196472167|0.0038132667541503
21|91|0.8148148148148148|0.0015909671783447|0.0039460659027099
21|92|0.8148148148148148|0.0016002655029296|0.0036678314208984
21|93|0.8148148148148148|0.0016350746154785|0.0037853717803955
21|94|0.8148148148148148|0.001579999923706|0.003807783126831
21|95|0.8055555555555556|0.0016767978668212|0.0037896633148193
21|96|0.8055555555555556|0.0016446113586425|0.003932237625122
21|97|0.8055555555555556|0.0016651153564453|0.0040390491485595
21|98|0.8055555555555556|0.0016884803771972|0.0039522647857666
21|99|0.8055555555555556|0.0016703605651855|0.0038568973541259
21|100|0.8055555555555556|0.0016772747039794|0.0038015842437744
21|101|0.8055555555555556|0.0030324459075927|0.0071120262145996
21|102|0.8055555555555556|0.0017149448394775|0.0039575099945068
21|103|0.8055555555555556|0.0017340183258056|0.0040700435638427
21|104|0.8055555555555556|0.001716136932373|0.0038738250732421
21|105|0.8055555555555556|0.0017709732055664|0.0042383670806884
21|106|0.7962962962962963|0.0018067359924316|0.0040435791015625
21|107|0.7962962962962963|0.0018484592437744|0.0041553974151611
21|108|0.7962962962962963|0.0018260478973388|0.0040316581726074
21|109|0.7962962962962963|0.0018434524536132|0.0041699409484863
21|110|0.7962962962962963|0.0018339157104492|0.0041072368621826
21|111|0.7962962962962963|0.0018606185913085|0.0041682720184326
21|112|0.7962962962962963|0.0018339157104492|0.0040895938873291
21|113|0.7962962962962963|0.0018527507781982|0.0041797161102294
21|114|0.7962962962962963|0.0018575191497802|0.0041968822479248
21|115|0.7962962962962963|0.0018551349639892|0.0042181015014648
21|116|0.7962962962962963|0.0018751621246337|0.004096508026123
21|117|0.7962962962962963|0.0018718242645263|0.0042312145233154
21|118|0.7962962962962963|0.0018835067749023|0.0045814514160156
21|119|0.7962962962962963|0.0018966197967529|0.0043046474456787
21|120|0.7962962962962963|0.0018885135650634|0.0041842460632324
21|121|0.7962962962962963|0.0019421577453613|0.0042407512664794
21|122|0.7962962962962963|0.0019123554229736|0.0041139125823974
21|123|0.7962962962962963|0.0019612312316894|0.0041735172271728
21|124|0.7962962962962963|0.0019161701202392|0.0040810108184814
21|125|0.7962962962962963|0.0019862651824951|0.0042567253112792
21|126|0.7962962962962963|0.0019557476043701|0.0042502880096435
21|127|0.7962962962962963|0.0019700527191162|0.0041954517364501
21|128|0.7962962962962963|0.0019586086273193|0.0042078495025634
21|129|0.7962962962962963|0.0019762516021728|0.0043566226959228
21|130|0.7962962962962963|0.0020089149475097|0.0044398307800292
21|131|0.7962962962962963|0.0020110607147216|0.0043199062347412
21|132|0.7962962962962963|0.0020017623901367|0.0046093463897705
21|133|0.7962962962962963|0.0020136833190917|0.0045313835144042
21|134|0.7962962962962963|0.0020117759704589|0.0043420791625976
21|135|0.7962962962962963|0.0020403861999511|0.0043866634368896
21|136|0.7962962962962963|0.002032995223999|0.0042903423309326
21|137|0.7962962962962963|0.0020480155944824|0.0043585300445556
21|138|0.7962962962962963|0.002061128616333|0.0042848587036132
21|139|0.7962962962962963|0.0020506381988525|0.0044448375701904
20|20|0.7870370370370371|0.0018963813781738|
20|21|0.8333333333333334|0.0010883808135986|0.0014178752899169
20|22|0.8796296296296297|0.0012571811676025|0.0013723373413085
20|23|0.8333333333333334|0.0011477470397949|0.0014476776123046
20|24|0.7870370370370371|0.0013003349304199|0.0015084743499755
20|25|0.7962962962962963|0.0011274814605712|0.0015015602111816
20|26|0.7962962962962963|0.0011737346649169|0.0015826225280761
20|27|0.8425925925925926|0.0012307167053222|0.0015804767608642
20|28|0.8240740740740741|0.0012099742889404|0.0016813278198242
20|29|0.8148148148148148|0.001197338104248|0.001662254333496
20|30|0.7870370370370371|0.0012454986572265|0.0017127990722656
20|31|0.8055555555555556|0.001188039779663|0.0017681121826171
20|32|0.8148148148148148|0.0012104511260986|0.0017862319946289
20|33|0.8518518518518519|0.0011651515960693|0.0018432140350341
20|34|0.8611111111111112|0.0012226104736328|0.001868724822998
20|35|0.8240740740740741|0.0012202262878417|0.0019316673278808
20|36|0.8518518518518519|0.0013425350189208|0.0019586086273193
20|37|0.8333333333333334|0.0012407302856445|0.0020110607147216
20|38|0.8333333333333334|0.0013165473937988|0.0019953250885009
20|39|0.7870370370370371|0.0011372566223144|0.0020809173583984
20|40|0.8333333333333334|0.0013248920440673|0.0021114349365234
20|41|0.8518518518518519|0.0011379718780517|0.0021226406097412
20|42|0.8425925925925926|0.0012407302856445|0.0022840499877929
20|43|0.8425925925925926|0.0011560916900634|0.0022070407867431
20|44|0.8425925925925926|0.0013177394866943|0.0022621154785156
20|45|0.8611111111111112|0.0011878013610839|0.0022542476654052
20|46|0.8796296296296297|0.0013582706451416|0.0022804737091064
20|47|0.9074074074074074|0.0012078285217285|0.0023343563079833
20|48|0.8888888888888888|0.0013563632965087|0.0023736953735351
20|49|0.8888888888888888|0.0012037754058837|0.0025200843811035
20|50|0.8611111111111112|0.0013201236724853|0.0024220943450927
20|51|0.8796296296296297|0.001213788986206|0.0025744438171386
20|52|0.8796296296296297|0.0013320446014404|0.0025036334991455
20|53|0.8796296296296297|0.0012903213500976|0.002507209777832
20|54|0.8703703703703703|0.0013768672943115|0.0025966167449951
20|55|0.8611111111111112|0.0012555122375488|0.002652883529663
20|56|0.8611111111111112|0.0014345645904541|0.0026173591613769
20|57|0.8611111111111112|0.0012547969818115|0.0026767253875732
20|58|0.8888888888888888|0.0014712810516357|0.0026812553405761
20|59|0.8888888888888888|0.0013103485107421|0.0027296543121337
20|60|0.8703703703703703|0.0014081001281738|0.0027787685394287
20|61|0.9074074074074074|0.0013120174407958|0.002885103225708
20|62|0.9074074074074074|0.0014674663543701|0.0028469562530517
20|63|0.8981481481481481|0.0013196468353271|0.0028462409973144
20|64|0.8888888888888888|0.0013844966888427|0.0028696060180664
20|65|0.8611111111111112|0.0013644695281982|0.0029628276824951
20|66|0.8703703703703703|0.0013532638549804|0.0029604434967041
20|67|0.8796296296296297|0.0013422966003417|0.0030784606933593
20|68|0.8703703703703703|0.0013656616210937|0.0030684471130371
20|69|0.8703703703703703|0.0013637542724609|0.0030586719512939
20|70|0.8796296296296297|0.0013821125030517|0.0030910968780517
20|71|0.8796296296296297|0.0013816356658935|0.0032346248626708
20|72|0.8796296296296297|0.0014023780822753|0.0031347274780273
20|73|0.8703703703703703|0.0014097690582275|0.003258466720581
20|74|0.8796296296296297|0.0014741420745849|0.0031845569610595
20|75|0.8888888888888888|0.0014493465423583|0.0032403469085693
20|76|0.8703703703703703|0.0014593601226806|0.0032956600189208
20|77|0.8888888888888888|0.0014557838439941|0.0032830238342285
20|78|0.8981481481481481|0.0014832019805908|0.003425121307373
20|79|0.9074074074074074|0.0015106201171875|0.0034606456756591
20|80|0.8888888888888888|0.001476764678955|0.0034003257751464
20|81|0.8796296296296297|0.0014963150024414|0.0034091472625732
20|82|0.8888888888888888|0.0015320777893066|0.0034151077270507
20|83|0.8888888888888888|0.0015766620635986|0.0034444332122802
20|84|0.8796296296296297|0.0015757083892822|0.0034701824188232
20|85|0.8703703703703703|0.0015480518341064|0.0035319328308105
20|86|0.8796296296296297|0.0015654563903808|0.0035130977630615
20|87|0.8888888888888888|0.0016131401062011|0.0035796165466308
20|88|0.8981481481481481|0.0016052722930908|0.0035607814788818
20|89|0.9074074074074074|0.0016167163848876|0.0035922527313232
20|90|0.9074074074074074|0.0016496181488037|0.0036585330963134
20|91|0.8981481481481481|0.0016524791717529|0.003652811050415
20|92|0.9074074074074074|0.0016901493072509|0.0038363933563232
20|93|0.8981481481481481|0.0016822814941406|0.0037157535552978
20|94|0.8981481481481481|0.0017223358154296|0.0037763118743896
20|95|0.8981481481481481|0.0017340183258056|0.0037653446197509
20|96|0.9074074074074074|0.0017468929290771|0.0038495063781738
20|97|0.9074074074074074|0.0017707347869873|0.0038287639617919
20|98|0.8981481481481481|0.001838207244873|0.0038542747497558
20|99|0.8981481481481481|0.0018336772918701|0.0038778781890869
20|100|0.8796296296296297|0.0018413066864013|0.0039091110229492
20|101|0.8888888888888888|0.0018897056579589|0.003936767578125
20|102|0.8888888888888888|0.0018930435180664|0.0039739608764648
20|103|0.8888888888888888|0.0018739700317382|0.0039939880371093
20|104|0.8888888888888888|0.0019285678863525|0.0039987564086914
20|105|0.8888888888888888|0.0019159317016601|0.0040466785430908
20|106|0.8888888888888888|0.0019376277923583|0.0040445327758789
20|107|0.8888888888888888|0.0019402503967285|0.0040957927703857
20|108|0.8888888888888888|0.0020172595977783|0.0040864944458007
20|109|0.8888888888888888|0.0019965171813964|0.0041320323944091
20|110|0.8888888888888888|0.0020215511322021|0.0041480064392089
20|111|0.8888888888888888|0.0020298957824707|0.0041635036468505
20|112|0.8888888888888888|0.0020427703857421|0.0042364597320556
20|113|0.8888888888888888|0.0020408630371093|0.0042223930358886
20|114|0.8888888888888888|0.0020577907562255|0.0042324066162109
20|115|0.8796296296296297|0.0020797252655029|0.0042042732238769
20|116|0.8796296296296297|0.0020718574523925|0.0042691230773925
20|117|0.8796296296296297|0.0020837783813476|0.0042753219604492
20|118|0.8796296296296297|0.002087116241455|0.0042941570281982
20|119|0.8796296296296297|0.0020999908447265|0.0043122768402099
20|120|0.8796296296296297|0.0021324157714843|0.0042660236358642
20|121|0.8703703703703703|0.0021438598632812|0.0043010711669921
20|122|0.8703703703703703|0.0021815299987792|0.0043010711669921
20|123|0.8703703703703703|0.0021486282348632|0.0042862892150878
20|124|0.8703703703703703|0.0021851062774658|0.0044522285461425
20|125|0.8703703703703703|0.0022470951080322|0.0043175220489501
20|126|0.8703703703703703|0.0022196769714355|0.0043232440948486
20|127|0.8703703703703703|0.0021963119506835|0.0043606758117675
20|128|0.8703703703703703|0.0022518634796142|0.0044195652008056
20|129|0.8703703703703703|0.0022099018096923|0.0043497085571289
20|130|0.8703703703703703|0.0022492408752441|0.0047190189361572
20|131|0.8703703703703703|0.0022683143615722|0.0045452117919921
20|132|0.8703703703703703|0.0022525787353515|0.0043616294860839
20|133|0.8703703703703703|0.0022673606872558|0.0043821334838867
20|134|0.8703703703703703|0.0023033618927001|0.0043964385986328
20|135|0.8703703703703703|0.0022752285003662|0.0043754577636718
20|136|0.8703703703703703|0.0022916793823242|0.0044207572937011
20|137|0.8703703703703703|0.0023298263549804|0.0044023990631103
20|138|0.8703703703703703|0.0023238658905029|0.0044033527374267
23|20|0.7592592592592593|0.0012006759643554|
23|21|0.7222222222222222|0.00093674659729|0.0013091564178466
23|22|0.7314814814814815|0.000946044921875|0.0013153553009033
23|23|0.75|0.000934362411499|0.0013747215270996
23|24|0.7407407407407407|0.0009558200836181|0.0013625621795654
23|25|0.7222222222222222|0.0009450912475585|0.0014052391052246
23|26|0.7592592592592593|0.0009570121765136|0.00146484375
23|27|0.7777777777777778|0.0010099411010742|0.0015003681182861
23|28|0.7685185185185185|0.0009686946868896|0.0015425682067871
23|29|0.7777777777777778|0.0009655952453613|0.0016098022460937
23|30|0.8148148148148148|0.0009663105010986|0.0016417503356933
23|31|0.8148148148148148|0.0009915828704833|0.0016596317291259
23|32|0.8240740740740741|0.0009810924530029|0.001678466796875
23|33|0.8148148148148148|0.0009980201721191|0.0017714500427246
23|34|0.8240740740740741|0.0009965896606445|0.0017728805541992
23|35|0.8055555555555556|0.0010030269622802|0.0018692016601562
23|36|0.7685185185185185|0.0010335445404052|0.0018661022186279
23|37|0.8055555555555556|0.0010175704956054|0.0018746852874755
23|38|0.7685185185185185|0.0010445117950439|0.0019235610961914
23|39|0.7962962962962963|0.0010261535644531|0.0019724369049072
23|40|0.8240740740740741|0.0010302066802978|0.0020885467529296
23|41|0.8055555555555556|0.0010263919830322|0.0020942687988281
23|42|0.8055555555555556|0.0010726451873779|0.0020809173583984
23|43|0.8240740740740741|0.0010435581207275|0.002103567123413
23|44|0.8333333333333334|0.001056432723999|0.0021188259124755
23|45|0.8240740740740741|0.0010590553283691|0.0021824836730957
23|46|0.8333333333333334|0.001082420349121|0.0022296905517578
23|47|0.8333333333333334|0.0010783672332763|0.002232551574707
23|48|0.8240740740740741|0.0010988712310791|0.0022754669189453
23|49|0.8333333333333334|0.0010879039764404|0.0023286342620849
23|50|0.8333333333333334|0.0011072158813476|0.0023982524871826
23|51|0.8333333333333334|0.001127004623413|0.0024363994598388
23|52|0.8333333333333334|0.0011429786682128|0.0024530887603759
23|53|0.8333333333333334|0.0011394023895263|0.0025269985198974
23|54|0.8333333333333334|0.001230239868164|0.0025186538696289
23|55|0.8425925925925926|0.001171588897705|0.0025498867034912
23|56|0.8333333333333334|0.0011775493621826|0.002570629119873
23|57|0.8333333333333334|0.0011680126190185|0.0025956630706787
23|58|0.8240740740740741|0.0011749267578125|0.0026369094848632
23|59|0.8148148148148148|0.0011646747589111|0.0027894973754882
23|60|0.8333333333333334|0.0011956691741943|0.0026719570159912
23|61|0.8333333333333334|0.0011777877807617|0.0027170181274414
23|62|0.8055555555555556|0.0012156963348388|0.0027375221252441
23|63|0.8240740740740741|0.0012059211730957|0.0027852058410644
23|64|0.8333333333333334|0.0019559860229492|0.0042359828948974
23|65|0.8240740740740741|0.001943826675415|0.0051784515380859
23|66|0.8425925925925926|0.0019652843475341|0.0050835609436035
23|67|0.8333333333333334|0.001230239868164|0.0028893947601318
23|68|0.8333333333333334|0.0012483596801757|0.0029184818267822
23|69|0.8425925925925926|0.0012569427490234|0.0029783248901367
23|70|0.8425925925925926|0.0012834072113037|0.0030758380889892
23|71|0.8425925925925926|0.0012755393981933|0.0030534267425537
23|72|0.8425925925925926|0.0013267993927001|0.0030624866485595
23|73|0.8518518518518519|0.0013172626495361|0.0031116008758544
23|74|0.8518518518518519|0.0013082027435302|0.0031650066375732
23|75|0.8425925925925926|0.0013751983642578|0.0031745433807373
23|76|0.8425925925925926|0.0013642311096191|0.0032136440277099
23|77|0.8333333333333334|0.0013396739959716|0.0032408237457275
23|78|0.8425925925925926|0.0013644695281982|0.0032565593719482
23|79|0.8425925925925926|0.0013830661773681|0.0032908916473388
23|80|0.8518518518518519|0.0013878345489501|0.0035641193389892
23|81|0.8611111111111112|0.0014066696166992|0.0033299922943115
23|82|0.8518518518518519|0.0014073848724365|0.0034027099609375
23|83|0.8611111111111112|0.0014238357543945|0.0034010410308837
23|84|0.8611111111111112|0.0014448165893554|0.0034303665161132
23|85|0.8611111111111112|0.0014548301696777|0.0034451484680175
23|86|0.8703703703703703|0.0014598369598388|0.0034608840942382
23|87|0.8611111111111112|0.0014882087707519|0.0035359859466552
23|88|0.8611111111111112|0.0014872550964355|0.0035343170166015
23|89|0.8611111111111112|0.0015044212341308|0.0035426616668701
23|90|0.8611111111111112|0.0015487670898437|0.003563642501831
23|91|0.8611111111111112|0.0015454292297363|0.0036089420318603
23|92|0.8611111111111112|0.0015459060668945|0.0036208629608154
23|93|0.8611111111111112|0.0051026344299316|0.0036640167236328
23|94|0.8611111111111112|0.0016026496887207|0.0037686824798583
23|95|0.8611111111111112|0.0016331672668457|0.0037524700164794
23|96|0.8611111111111112|0.0016238689422607|0.0037744045257568
23|97|0.8611111111111112|0.0016384124755859|0.0037622451782226
23|98|0.8611111111111112|0.0016801357269287|0.003817081451416
23|99|0.8611111111111112|0.0016796588897705|0.0038118362426757
23|100|0.8518518518518519|0.001680850982666|0.0038561820983886
23|101|0.8611111111111112|0.0016977787017822|0.003882884979248
23|102|0.8611111111111112|0.0017719268798828|0.0038836002349853
23|103|0.8611111111111112|0.0017499923706054|0.003920555114746
23|104|0.8611111111111112|0.0017521381378173|0.0039207935333251
23|105|0.8611111111111112|0.0017304420471191|0.0039470195770263
23|106|0.8611111111111112|0.0017316341400146|0.0039474964141845
23|107|0.8611111111111112|0.0017642974853515|0.00396728515625
23|108|0.8611111111111112|0.0017535686492919|0.0039553642272949
23|109|0.8611111111111112|0.0017633438110351|0.0039746761322021
23|110|0.8611111111111112|0.0017659664154052|0.003981590270996
23|111|0.8611111111111112|0.0018086433410644|0.0039892196655273
23|112|0.8611111111111112|0.0018224716186523|0.0040044784545898
23|113|0.8611111111111112|0.0018591880798339|0.0040125846862792
23|114|0.8611111111111112|0.0018129348754882|0.004042625427246
23|115|0.8611111111111112|0.0018701553344726|0.0040419101715087
23|116|0.8611111111111112|0.0018343925476074|0.0040438175201416
23|117|0.8611111111111112|0.0018563270568847|0.0040540695190429
23|118|0.8611111111111112|0.0018327236175537|0.004150390625
23|119|0.8611111111111112|0.001906394958496|0.0041308403015136
23|120|0.8611111111111112|0.0018627643585205|0.0040979385375976
23|121|0.8611111111111112|0.0019061565399169|0.0041620731353759
23|122|0.8611111111111112|0.0018541812896728|0.0041255950927734
23|123|0.8611111111111112|0.0019011497497558|0.0042028427124023
23|124|0.8611111111111112|0.0018863677978515|0.0042324066162109
23|125|0.8611111111111112|0.0018942356109619|0.0042009353637695
23|126|0.8611111111111112|0.0019087791442871|0.0041444301605224
23|127|0.8611111111111112|0.0019054412841796|0.0043122768402099
23|128|0.8611111111111112|0.0018978118896484|0.0041611194610595
23|129|0.8611111111111112|0.0018947124481201|0.0042417049407958
23|130|0.8611111111111112|0.0019116401672363|0.0043303966522216
23|131|0.8611111111111112|0.0019228458404541|0.0042119026184082
23|132|0.8611111111111112|0.0019333362579345|0.0041968822479248
23|133|0.8611111111111112|0.0019328594207763|0.0042166709899902
23|134|0.8611111111111112|0.0019631385803222|0.0042726993560791
23|135|0.8703703703703703|0.0020258426666259|0.0042572021484375
23|136|0.8703703703703703|0.00203537940979|0.0042405128479003
23|137|0.8703703703703703|0.0020496845245361|0.0042431354522705
23|138|0.8703703703703703|0.0020499229431152|0.0042765140533447
23|139|0.8703703703703703|0.0020196437835693|0.0042533874511718
24|20|0.8055555555555556|0.0012886524200439|
24|21|0.8055555555555556|0.000934362411499|0.0013320446014404
24|22|0.7777777777777778|0.0009806156158447|0.0013082027435302
24|23|0.7592592592592593|0.0009500980377197|0.001368761062622
24|24|0.7777777777777778|0.0009660720825195|0.0014359951019287
24|25|0.8148148148148148|0.0009570121765136|0.0014564990997314
24|26|0.8148148148148148|0.0009715557098388|0.0014994144439697
24|27|0.7962962962962963|0.0009629726409912|0.0015509128570556
24|28|0.7685185185185185|0.0009870529174804|0.0015738010406494
24|29|0.7592592592592593|0.0009725093841552|0.0016355514526367
24|30|0.7962962962962963|0.0009934902191162|0.0017042160034179
24|31|0.7870370370370371|0.0009803771972656|0.0017206668853759
24|32|0.7962962962962963|0.0010290145874023|0.0017459392547607
24|33|0.7777777777777778|0.0009782314300537|0.0017833709716796
24|34|0.8055555555555556|0.0009970664978027|0.0018374919891357
24|35|0.7685185185185185|0.0010175704956054|0.0018928050994873
24|36|0.7777777777777778|0.0010414123535156|0.0019464492797851
24|37|0.7685185185185185|0.0010201930999755|0.001962661743164
24|38|0.7407407407407407|0.0010657310485839|0.0019505023956298
24|39|0.7685185185185185|0.0010421276092529|0.0020365715026855
24|40|0.7777777777777778|0.0010881423950195|0.0020670890808105
24|41|0.7592592592592593|0.0010333061218261|0.002098798751831
24|42|0.7870370370370371|0.0010526180267333|0.0021319389343261
24|43|0.8148148148148148|0.0010473728179931|0.002176284790039
24|44|0.8148148148148148|0.0010712146759033|0.0021591186523437
24|45|0.8148148148148148|0.0010523796081542|0.0022523403167724
24|46|0.8148148148148148|0.001115083694458|0.0022189617156982
24|47|0.7962962962962963|0.0010643005371093|0.0023176670074462
24|48|0.7962962962962963|0.0011372566223144|0.0024144649505615
24|49|0.8055555555555556|0.0010817050933837|0.0024187564849853
24|50|0.7962962962962963|0.0011289119720458|0.0023732185363769
24|51|0.8148148148148148|0.0011200904846191|0.0024874210357666
24|52|0.8333333333333334|0.0011687278747558|0.0026025772094726
24|53|0.8055555555555556|0.0011341571807861|0.0026731491088867
24|54|0.8148148148148148|0.0011892318725585|0.0028009414672851
24|55|0.8240740740740741|0.0011398792266845|0.0027635097503662
24|56|0.7870370370370371|0.0011708736419677|0.0028040409088134
24|57|0.7870370370370371|0.0011649131774902|0.0027027130126953
24|58|0.7962962962962963|0.0012116432189941|0.0028908252716064
24|59|0.7870370370370371|0.0011703968048095|0.0029239654541015
24|60|0.8055555555555556|0.0012226104736328|0.0027854442596435
24|61|0.8055555555555556|0.0011672973632812|0.002852439880371
24|62|0.7777777777777778|0.0012257099151611|0.0030372142791748
24|63|0.7777777777777778|0.0011978149414062|0.0029845237731933
24|64|0.7777777777777778|0.0012147426605224|0.00299072265625
24|65|0.7962962962962963|0.0012006759643554|0.0031595230102539
24|66|0.7870370370370371|0.0012011528015136|0.00301194190979
24|67|0.7777777777777778|0.0012171268463134|0.0030009746551513
24|68|0.7777777777777778|0.001227855682373|0.0031685829162597
24|69|0.7777777777777778|0.0012402534484863|0.0031802654266357
24|70|0.7777777777777778|0.001258373260498|0.0031697750091552
24|71|0.7870370370370371|0.0013151168823242|0.0032267570495605
24|72|0.7870370370370371|0.0013084411621093|0.0032496452331542
24|73|0.7870370370370371|0.0012931823730468|0.0035369396209716
24|74|0.7777777777777778|0.0013153553009033|0.003450870513916
24|75|0.7685185185185185|0.0013420581817626|0.00325608253479
24|76|0.7685185185185185|0.0013420581817626|0.00352144241333
24|77|0.7685185185185185|0.0013716220855712|0.0034620761871337
24|78|0.7685185185185185|0.0013618469238281|0.0034327507019042
24|79|0.7777777777777778|0.0013818740844726|0.0034577846527099
24|80|0.7777777777777778|0.0013995170593261|0.0037369728088378
24|81|0.7777777777777778|0.0013794898986816|0.0035686492919921
24|82|0.7777777777777778|0.0014104843139648|0.0036625862121582
24|83|0.7870370370370371|0.0014233589172363|0.0034785270690917
24|84|0.7777777777777778|0.0014333724975585|0.0037593841552734
24|85|0.7870370370370371|0.0014731884002685|0.003474473953247
24|86|0.7870370370370371|0.0014872550964355|0.0034830570220947
24|87|0.7870370370370371|0.0014820098876953|0.0035550594329833
24|88|0.7870370370370371|0.0014917850494384|0.0035600662231445
24|89|0.7870370370370371|0.0015108585357666|0.003659963607788
24|90|0.7870370370370371|0.0015060901641845|0.003594160079956
24|91|0.7685185185185185|0.0015232563018798|0.0037007331848144
24|92|0.7685185185185185|0.0015609264373779|0.003641128540039
24|93|0.7685185185185185|0.0015599727630615|0.0036962032318115
24|94|0.7685185185185185|0.0015735626220703|0.0040223598480224
24|95|0.7685185185185185|0.0016090869903564|0.0037257671356201
24|96|0.7685185185185185|0.0016176700592041|0.0037305355072021
24|97|0.7685185185185185|0.0016169548034667|0.0038275718688964
24|98|0.7685185185185185|0.0016560554504394|0.003817081451416
24|99|0.7685185185185185|0.0016713142395019|0.0041797161102294
24|100|0.7685185185185185|0.0016772747039794|0.0038480758666992
24|101|0.7685185185185185|0.0017106533050537|0.0038390159606933
24|102|0.7685185185185185|0.0016770362854003|0.0038905143737792
24|103|0.7685185185185185|0.0017070770263671|0.004094123840332
24|104|0.7685185185185185|0.0017099380493164|0.0040421485900878
24|105|0.7685185185185185|0.0017085075378417|0.0039632320404052
24|106|0.7685185185185185|0.0017335414886474|0.0039770603179931
24|107|0.7685185185185185|0.001727819442749|0.0040056705474853
24|108|0.7685185185185185|0.0017812252044677|0.0040814876556396
24|109|0.7685185185185185|0.0017507076263427|0.0041854381561279
24|110|0.7685185185185185|0.0017430782318115|0.0040063858032226
24|111|0.7685185185185185|0.0017666816711425|0.0039670467376708
24|112|0.7685185185185185|0.0017619132995605|0.0039434432983398
24|113|0.75|0.0018095970153808|0.0039944648742675
24|114|0.75|0.0018281936645507|0.0041027069091796
24|115|0.75|0.0018897056579589|0.0040764808654785
24|116|0.75|0.0018439292907714|0.0040781497955322
24|117|0.75|0.0020906925201416|0.0041260719299316
24|118|0.75|0.001882791519165|0.0041561126708984
24|119|0.75|0.001868724822998|0.0041401386260986
24|120|0.75|0.0018837451934814|0.0042264461517333
24|121|0.7592592592592593|0.0019266605377197|0.0041713714599609
24|122|0.7592592592592593|0.0019195079803466|0.0044057369232177
24|123|0.75|0.0019798278808593|0.004235029220581
24|124|0.75|0.0019471645355224|0.0042214393615722
24|125|0.75|0.0019783973693847|0.0043270587921142
24|126|0.75|0.0019915103912353|0.0044286251068115
24|127|0.75|0.0019822120666503|0.0042629241943359
24|128|0.75|0.0020191669464111|0.0042774677276611
24|129|0.75|0.0020062923431396|0.0043354034423828
24|130|0.75|0.0020101070404052|0.004298448562622
24|131|0.75|0.0020205974578857|0.0043351650238037
24|132|0.75|0.0020718574523925|0.0044548511505126
24|133|0.75|0.0020687580108642|0.0043139457702636
24|134|0.75|0.0020427703857421|0.0042674541473388
24|135|0.75|0.002051830291748|0.0044569969177246
24|136|0.75|0.0020613670349121|0.0043888092041015
24|137|0.75|0.0020768642425537|0.0043210983276367
24|138|0.75|0.0020806789398193|0.0044219493865966
24|139|0.75|0.0020766258239746|0.0044171810150146
24|140|0.75|0.0020830631256103|0.0043671131134033
24|141|0.75|0.0021119117736816|0.004836082458496
24|142|0.75|0.0021054744720458|0.0044050216674804
24|143|0.75|0.0021131038665771|0.0046629905700683
24|144|0.75|0.0021274089813232|0.0044729709625244
24|145|0.75|0.00213623046875|0.0043344497680664
27|20|0.8148148148148148|0.0012421607971191|
27|21|0.8055555555555556|0.0009264945983886|0.0013964176177978
27|22|0.8611111111111112|0.0009577274322509|0.0013477802276611
27|23|0.8425925925925926|0.0009396076202392|0.0014364719390869
27|24|0.8333333333333334|0.0009663105010986|0.0014777183532714
27|25|0.8055555555555556|0.0009510517120361|0.0014910697937011
27|26|0.8055555555555556|0.0009453296661376|0.0015332698822021
27|27|0.7592592592592593|0.0009591579437255|0.0016095638275146
27|28|0.7962962962962963|0.000988483428955|0.0016632080078125
27|29|0.7777777777777778|0.0009870529174804|0.0017139911651611
27|30|0.75|0.0009727478027343|0.001713752746582
27|31|0.7407407407407407|0.000993013381958|0.0017886161804199
27|32|0.7685185185185185|0.001004934310913|0.0018250942230224
27|33|0.7592592592592593|0.0009806156158447|0.0019192695617675
27|34|0.75|0.001000165939331|0.0018980503082275
27|35|0.7685185185185185|0.0009796619415283|0.0019228458404541
27|36|0.7685185185185185|0.0010390281677246|0.001953125
27|37|0.75|0.0010058879852294|0.0019536018371582
27|38|0.7592592592592593|0.0010499954223632|0.0020825862884521
27|39|0.7592592592592593|0.0010583400726318|0.002124547958374
27|40|0.7777777777777778|0.0010740756988525|0.0021302700042724
27|41|0.7777777777777778|0.0010359287261962|0.0021512508392333
27|42|0.7962962962962963|0.0010585784912109|0.0022153854370117
27|43|0.7870370370370371|0.0010433197021484|0.0021820068359375
27|44|0.7777777777777778|0.0010726451873779|0.0022478103637695
27|45|0.7962962962962963|0.0010673999786376|0.0024154186248779
27|46|0.8055555555555556|0.0010910034179687|0.00246262550354
27|47|0.8055555555555556|0.0010879039764404|0.0023512840270996
27|48|0.8333333333333334|0.0010871887207031|0.0023610591888427
27|49|0.8518518518518519|0.0011188983917236|0.0024669170379638
27|50|0.8703703703703703|0.0011267662048339|0.0024716854095458
27|51|0.8611111111111112|0.001150369644165|0.0026609897613525
27|52|0.8703703703703703|0.001150369644165|0.0026297569274902
27|53|0.8333333333333334|0.0011317729949951|0.0027213096618652
27|54|0.8425925925925926|0.0011675357818603|0.002734899520874
27|55|0.8333333333333334|0.0011634826660156|0.0026106834411621
27|56|0.8425925925925926|0.0011959075927734|0.0026924610137939
27|57|0.8518518518518519|0.0011680126190185|0.0028548240661621
27|58|0.8425925925925926|0.0011870861053466|0.0027592182159423
27|59|0.8425925925925926|0.0011746883392333|0.002725601196289
27|60|0.8518518518518519|0.0011920928955078|0.0029118061065673
27|61|0.8425925925925926|0.0011861324310302|0.0029904842376708
27|62|0.8518518518518519|0.0012364387512207|0.0030393600463867
27|63|0.8425925925925926|0.0012192726135253|0.0029754638671875
27|64|0.8425925925925926|0.0012428760528564|0.003028392791748
27|65|0.8333333333333334|0.0012075901031494|0.0031056404113769
27|66|0.8425925925925926|0.0012271404266357|0.0029332637786865
27|67|0.8425925925925926|0.0012266635894775|0.0030126571655273
27|68|0.8425925925925926|0.0012598037719726|0.0032277107238769
27|69|0.8425925925925926|0.0012362003326416|0.0032789707183837
27|70|0.8518518518518519|0.0012609958648681|0.0032925605773925
27|71|0.8425925925925926|0.001274824142456|0.0032813549041748
27|72|0.8425925925925926|0.0013284683227539|0.0033586025238037
27|73|0.8425925925925926|0.0013010501861572|0.003396987915039
27|74|0.8425925925925926|0.0013115406036376|0.0031740665435791
27|75|0.8518518518518519|0.0013303756713867|0.0033931732177734
27|76|0.8518518518518519|0.0013308525085449|0.0033903121948242
27|77|0.8518518518518519|0.0013515949249267|0.0032930374145507
27|78|0.8425925925925926|0.0013601779937744|0.0035934448242187
27|79|0.8518518518518519|0.0014121532440185|0.003502607345581
27|80|0.8611111111111112|0.0013890266418457|0.0036141872406005
27|81|0.8611111111111112|0.001406192779541|0.0036602020263671
27|82|0.8611111111111112|0.0014264583587646|0.0035338401794433
27|83|0.8703703703703703|0.0014545917510986|0.0035479068756103
27|84|0.8611111111111112|0.0014445781707763|0.0036323070526123
27|85|0.8703703703703703|0.0014615058898925|0.0037684440612792
27|86|0.8703703703703703|0.0014727115631103|0.003641128540039
27|87|0.8703703703703703|0.0014798641204833|0.0038790702819824
27|88|0.8796296296296297|0.0015125274658203|0.0037093162536621
27|89|0.8796296296296297|0.001497745513916|0.0038752555847167
27|90|0.8796296296296297|0.0015311241149902|0.0039117336273193
27|91|0.8796296296296297|0.0015273094177246|0.0038826465606689
27|92|0.8611111111111112|0.0015993118286132|0.0040273666381835
27|93|0.8611111111111112|0.0015556812286376|0.0038609504699707
27|94|0.8703703703703703|0.0015828609466552|0.0038928985595703
27|95|0.8703703703703703|0.0023689270019531|0.0040886402130126
27|96|0.8703703703703703|0.0018608570098876|0.0042037963867187
27|97|0.8703703703703703|0.0018482208251953|0.0038673877716064
27|98|0.8703703703703703|0.0018210411071777|0.0040698051452636
27|99|0.8703703703703703|0.0019121170043945|0.0041429996490478
27|100|0.8703703703703703|0.0018913745880126|0.0041186809539794
27|101|0.8703703703703703|0.0018732547760009|0.004281997680664
27|102|0.8703703703703703|0.0019440650939941|0.0041708946228027
27|103|0.8703703703703703|0.0019698143005371|0.0040042400360107
27|104|0.8703703703703703|0.0018796920776367|0.0040652751922607
27|105|0.8703703703703703|0.0019590854644775|0.0042417049407958
27|106|0.8703703703703703|0.0019416809082031|0.0044286251068115
27|107|0.8703703703703703|0.0020604133605957|0.004401683807373
27|108|0.8703703703703703|0.0019254684448242|0.0042307376861572
27|109|0.8703703703703703|0.0019140243530273|0.0042078495025634
27|110|0.8703703703703703|0.0019810199737548|0.0042414665222167
27|111|0.8703703703703703|0.0020585060119628|0.0043225288391113
27|112|0.8703703703703703|0.0019938945770263|0.0043184757232666
27|113|0.8703703703703703|0.0019376277923583|0.0044386386871337
27|114|0.8703703703703703|0.0020191669464111|0.0044679641723632
27|115|0.8703703703703703|0.002049446105957|0.0042314529418945
27|116|0.8703703703703703|0.0020363330841064|0.0045142173767089
27|117|0.8703703703703703|0.0021085739135742|0.0045166015625
27|118|0.8703703703703703|0.0020933151245117|0.0045335292816162
27|119|0.8703703703703703|0.0021224021911621|0.0044643878936767
27|120|0.8703703703703703|0.0020654201507568|0.0043237209320068
27|121|0.8703703703703703|0.0020780563354492|0.004401683807373
27|122|0.8611111111111112|0.0020906925201416|0.0043892860412597
27|123|0.8611111111111112|0.002185583114624|0.0044591426849365
27|124|0.8611111111111112|0.0021924972534179|0.0046372413635253
27|125|0.8611111111111112|0.0021347999572753|0.004296064376831
27|126|0.8611111111111112|0.0021617412567138|0.0043237209320068
27|127|0.8611111111111112|0.0022375583648681|0.0043787956237792
27|128|0.8611111111111112|0.0021910667419433|0.0045828819274902
27|129|0.8611111111111112|0.0022099018096923|0.0043389797210693
27|130|0.8611111111111112|0.0021977424621582|0.0045340061187744
27|131|0.8611111111111112|0.0022118091583251|0.0043351650238037
27|132|0.8611111111111112|0.0022013187408447|0.0043513774871826
27|133|0.8611111111111112|0.0022368431091308|0.0046088695526123
27|134|0.8611111111111112|0.0022485256195068|0.0043575763702392
27|135|0.8611111111111112|0.0022282600402832|0.0043728351593017
27|136|0.8611111111111112|0.0022497177124023|0.0047125816345214
27|137|0.8611111111111112|0.0022351741790771|0.004373550415039
27|138|0.8611111111111112|0.0022609233856201|0.0043942928314208
27|139|0.8611111111111112|0.0022752285003662|0.0044105052947998
22|20|0.8240740740740741|0.0018024444580078|
22|21|0.8240740740740741|0.0010695457458496|0.0013895034790039
22|22|0.8055555555555556|0.0012037754058837|0.001345157623291
22|23|0.7685185185185185|0.0010690689086914|0.0013933181762695
22|24|0.8055555555555556|0.0012202262878417|0.0014533996582031
22|25|0.7962962962962963|0.0011072158813476|0.0014920234680175
22|26|0.7777777777777778|0.001866340637207|0.0024950504302978
22|27|0.7777777777777778|0.0018746852874755|0.0026917457580566
22|28|0.8055555555555556|0.0018651485443115|0.0027532577514648
22|29|0.7962962962962963|0.0010762214660644|0.0016171932220458
22|30|0.7870370370370371|0.0011243820190429|0.0016777515411376
22|31|0.7962962962962963|0.0011038780212402|0.0016815662384033
22|32|0.7870370370370371|0.0011212825775146|0.0017051696777343
22|33|0.7777777777777778|0.0010356903076171|0.00177001953125
22|34|0.7777777777777778|0.0011112689971923|0.0017969608306884
22|35|0.7685185185185185|0.0010955333709716|0.0018506050109863
22|36|0.7685185185185185|0.0014152526855468|0.0018723011016845
22|37|0.7777777777777778|0.0010812282562255|0.0018997192382812
22|38|0.7777777777777778|0.0012791156768798|0.001941442489624
22|39|0.7685185185185185|0.0010874271392822|0.0020020008087158
22|40|0.7685185185185185|0.0013113021850585|0.0020158290863037
22|41|0.7685185185185185|0.0010907649993896|0.0020625591278076
22|42|0.7870370370370371|0.0012190341949462|0.0021116733551025
22|43|0.7962962962962963|0.0011122226715087|0.0021376609802246
22|44|0.8055555555555556|0.0012524127960205|0.0021376609802246
22|45|0.7777777777777778|0.0011408329010009|0.0021932125091552
22|46|0.7685185185185185|0.0013651847839355|0.0022778511047363
22|47|0.75|0.0011639595031738|0.0022661685943603
22|48|0.7407407407407407|0.0013132095336914|0.0023295879364013
22|49|0.7777777777777778|0.0011487007141113|0.0023729801177978
22|50|0.7870370370370371|0.001298189163208|0.0024352073669433
22|51|0.7870370370370371|0.0011651515960693|0.0023975372314453
22|52|0.8055555555555556|0.001361608505249|0.0024192333221435
22|53|0.7962962962962963|0.001197338104248|0.0024569034576416
22|54|0.8148148148148148|0.0013422966003417|0.00250244140625
22|55|0.7962962962962963|0.0012717247009277|0.0025537014007568
22|56|0.8055555555555556|0.0013558864593505|0.0025725364685058
22|57|0.7962962962962963|0.001223087310791|0.0026412010192871
22|58|0.8055555555555556|0.0014150142669677|0.002692699432373
22|59|0.8055555555555556|0.001255989074707|0.0027532577514648
22|60|0.8055555555555556|0.0014722347259521|0.0027534961700439
22|61|0.8055555555555556|0.0012924671173095|0.0027511119842529
22|62|0.7962962962962963|0.0014493465423583|0.0027840137481689
22|63|0.7962962962962963|0.0013165473937988|0.002854585647583
22|64|0.7962962962962963|0.0013554096221923|0.0028614997863769
22|65|0.7870370370370371|0.0013186931610107|0.0029332637786865
22|66|0.8055555555555556|0.0013074874877929|0.0029327869415283
22|67|0.7962962962962963|0.0013275146484375|0.0029568672180175
22|68|0.7962962962962963|0.0013563632965087|0.0031225681304931
22|69|0.7962962962962963|0.0013737678527832|0.0030195713043212
22|70|0.7962962962962963|0.0013675689697265|0.0030477046966552
22|71|0.7870370370370371|0.0014050006866455|0.0030856132507324
22|72|0.7870370370370371|0.001408576965332|0.0031182765960693
22|73|0.7870370370370371|0.0014441013336181|0.0031840801239013
22|74|0.7777777777777778|0.001462697982788|0.0032024383544921
22|75|0.7870370370370371|0.0014584064483642|0.0033707618713378
22|76|0.7870370370370371|0.0014650821685791|0.0032885074615478
22|77|0.7870370370370371|0.001493215560913|0.00331711769104
22|78|0.7962962962962963|0.0014781951904296|0.0033502578735351
22|79|0.7962962962962963|0.0015175342559814|0.0033519268035888
22|80|0.7962962962962963|0.0015277862548828|0.00350022315979
22|81|0.7962962962962963|0.0015287399291992|0.0034201145172119
22|82|0.7962962962962963|0.0015361309051513|0.0034601688385009
22|83|0.7962962962962963|0.0015685558319091|0.0034472942352294
22|84|0.7962962962962963|0.0015616416931152|0.0035443305969238
22|85|0.7870370370370371|0.0015680789947509|0.0035152435302734
22|86|0.7870370370370371|0.0016086101531982|0.0035145282745361
22|87|0.7870370370370371|0.0016341209411621|0.0035922527313232
22|88|0.7962962962962963|0.0016472339630126|0.0036234855651855
22|89|0.7962962962962963|0.0016710758209228|0.0036268234252929
22|90|0.7962962962962963|0.001772403717041|0.0037887096405029
22|91|0.7962962962962963|0.0015807151794433|0.0036878585815429
22|92|0.7962962962962963|0.0015969276428222|0.0036981105804443
22|93|0.8055555555555556|0.0016391277313232|0.003711462020874
22|94|0.8055555555555556|0.0016663074493408|0.0037627220153808
22|95|0.8055555555555556|0.0016822814941406|0.0037567615509033
22|96|0.8055555555555556|0.0016984939575195|0.0037844181060791
22|97|0.8055555555555556|0.0016474723815917|0.0037844181060791
22|98|0.8055555555555556|0.0017211437225341|0.00390625
22|99|0.8055555555555556|0.0016713142395019|0.0038816928863525
22|100|0.8055555555555556|0.0016751289367675|0.0038087368011474
22|101|0.8055555555555556|0.0016980171203613|0.0038580894470214
22|102|0.7962962962962963|0.0016708374023437|0.0039534568786621
22|103|0.7962962962962963|0.0016922950744628|0.0038561820983886
22|104|0.7962962962962963|0.0016934871673583|0.0039422512054443
22|105|0.7962962962962963|0.0016951560974121|0.0039024353027343
22|106|0.7962962962962963|0.0017251968383789|0.0039277076721191
22|107|0.7962962962962963|0.0017213821411132|0.0040719509124755
22|108|0.7962962962962963|0.0017199516296386|0.0039663314819335
22|109|0.7870370370370371|0.0017404556274414|0.0039408206939697
22|110|0.7870370370370371|0.0017945766448974|0.003986120223999
22|111|0.7870370370370371|0.001784324645996|0.0039982795715332
22|112|0.7870370370370371|0.0017967224121093|0.0040509700775146
22|113|0.7870370370370371|0.0017719268798828|0.0041673183441162
22|114|0.7870370370370371|0.0018346309661865|0.0040197372436523
22|115|0.7870370370370371|0.001807689666748|0.0040748119354248
22|116|0.7870370370370371|0.001828908920288|0.0040884017944335
22|117|0.7870370370370371|0.0018031597137451|0.0041027069091796
22|118|0.7870370370370371|0.0018274784088134|0.004164695739746
22|119|0.7870370370370371|0.0018210411071777|0.0041356086730957
22|120|0.7870370370370371|0.001863956451416|0.004256248474121
22|121|0.7870370370370371|0.0018281936645507|0.0041708946228027
22|122|0.7870370370370371|0.001833438873291|0.0042722225189208
22|123|0.7870370370370371|0.0018577575683593|0.0041112899780273
22|124|0.7870370370370371|0.0018701553344726|0.0043091773986816
22|125|0.7870370370370371|0.0019147396087646|0.0041203498840332
22|126|0.7870370370370371|0.0019338130950927|0.0041549205780029
22|127|0.7870370370370371|0.0019075870513916|0.0043277740478515
22|128|0.7870370370370371|0.00193452835083|0.0041866302490234
22|129|0.7870370370370371|0.0019335746765136|0.0041902065277099
22|130|0.7870370370370371|0.0019629001617431|0.0042061805725097
22|131|0.7870370370370371|0.0020093917846679|0.0042026042938232
22|132|0.7870370370370371|0.0019671916961669|0.0042238235473632
22|133|0.7870370370370371|0.0020182132720947|0.0042016506195068
22|134|0.7870370370370371|0.0019855499267578|0.0042407512664794
22|135|0.7870370370370371|0.0019934177398681|0.0042827129364013
22|136|0.7870370370370371|0.0020020008087158|0.0042243003845214
22|137|0.7870370370370371|0.0020174980163574|0.0042581558227539
22|138|0.7870370370370371|0.0020365715026855|0.0042836666107177
22|139|0.7870370370370371|0.0020403861999511|0.0042958259582519
26|20|0.6944444444444444|0.0012078285217285|
26|21|0.6759259259259259|0.0010063648223876|0.0013113021850585
26|22|0.6944444444444444|0.0010058879852294|0.0014166831970214
26|23|0.6759259259259259|0.0010128021240234|0.0015060901641845
26|24|0.6944444444444444|0.0010020732879638|0.0014815330505371
26|25|0.7314814814814815|0.0010204315185546|0.0015604496002197
26|26|0.6851851851851852|0.0010147094726562|0.0015921592712402
26|27|0.7407407407407407|0.0010151863098144|0.0015709400177001
26|28|0.7407407407407407|0.0010313987731933|0.0016243457794189
26|29|0.7777777777777778|0.0010960102081298|0.0016860961914062
26|30|0.7962962962962963|0.0010614395141601|0.0017616748809814
26|31|0.7870370370370371|0.0010662078857421|0.0017411708831787
26|32|0.8240740740740741|0.0011212825775146|0.0018444061279296
26|33|0.8240740740740741|0.0010459423065185|0.0017902851104736
26|34|0.8148148148148148|0.0010483264923095|0.0019237995147705
26|35|0.8148148148148148|0.0010592937469482|0.0018525123596191
26|36|0.8055555555555556|0.0010900497436523|0.0019271373748779
26|37|0.8518518518518519|0.0010802745819091|0.001990795135498
26|38|0.8333333333333334|0.0010843276977539|0.0020363330841064
26|39|0.8333333333333334|0.0010683536529541|0.0020158290863037
26|40|0.8148148148148148|0.0010819435119628|0.0021710395812988
26|41|0.7962962962962963|0.0010862350463867|0.0021789073944091
26|42|0.7870370370370371|0.0011000633239746|0.0022163391113281
26|43|0.7870370370370371|0.0011343955993652|0.0023176670074462
26|44|0.7870370370370371|0.0011112689971923|0.0023245811462402
26|45|0.7870370370370371|0.0011467933654785|0.0022840499877929
26|46|0.7777777777777778|0.0011405944824218|0.0022680759429931
26|47|0.8148148148148148|0.0011563301086425|0.0024123191833496
26|48|0.8148148148148148|0.0011518001556396|0.0025184154510498
26|49|0.8148148148148148|0.0011727809906005|0.0023896694183349
26|50|0.8240740740740741|0.0012011528015136|0.002537727355957
26|51|0.8240740740740741|0.0011756420135498|0.002577781677246
26|52|0.7870370370370371|0.0011878013610839|0.0026640892028808
26|53|0.7962962962962963|0.00120210647583|0.0024755001068115
26|54|0.8055555555555556|0.0011775493621826|0.0026025772094726
26|55|0.8148148148148148|0.0012025833129882|0.002565860748291
26|56|0.8055555555555556|0.0012176036834716|0.0026516914367675
26|57|0.8055555555555556|0.0012392997741699|0.0027439594268798
26|58|0.8148148148148148|0.0012562274932861|0.0027031898498535
26|59|0.8240740740740741|0.0013034343719482|0.0028562545776367
26|60|0.8055555555555556|0.0012545585632324|0.0027389526367187
26|61|0.7962962962962963|0.0012648105621337|0.002765417098999
26|62|0.7870370370370371|0.0012688636779785|0.0029230117797851
26|63|0.7777777777777778|0.0012769699096679|0.0028905868530273
26|64|0.7685185185185185|0.0012733936309814|0.0028398036956787
26|65|0.75|0.0012826919555664|0.0030210018157958
26|66|0.7592592592592593|0.0013129711151123|0.0030152797698974
26|67|0.7777777777777778|0.001319408416748|0.0030057430267333
26|68|0.7777777777777778|0.0013465881347656|0.0031783580780029
26|69|0.75|0.0013625621795654|0.0030748844146728
26|70|0.75|0.0013604164123535|0.0031495094299316
26|71|0.7685185185185185|0.0013849735260009|0.0031344890594482
26|72|0.7685185185185185|0.0013868808746337|0.0033016204833984
26|73|0.7685185185185185|0.0013904571533203|0.003202199935913
26|74|0.7777777777777778|0.0014142990112304|0.003232717514038
26|75|0.7685185185185185|0.0014276504516601|0.0032482147216796
26|76|0.7685185185185185|0.0014286041259765|0.0032219886779785
26|77|0.7592592592592593|0.001469612121582|0.0033168792724609
26|78|0.7870370370370371|0.0014822483062744|0.0033605098724365
26|79|0.7870370370370371|0.0014789104461669|0.0034008026123046
26|80|0.7777777777777778|0.001500129699707|0.0034570693969726
26|81|0.7777777777777778|0.0015416145324707|0.0034854412078857
26|82|0.7777777777777778|0.0015370845794677|0.0035529136657714
26|83|0.7685185185185185|0.0015521049499511|0.0034432411193847
26|84|0.7685185185185185|0.0015614032745361|0.0035593509674072
26|85|0.7685185185185185|0.0015580654144287|0.0036320686340332
26|86|0.7685185185185185|0.0015592575073242|0.0036027431488037
26|87|0.7685185185185185|0.0015690326690673|0.0036292076110839
26|88|0.7592592592592593|0.0016098022460937|0.0036463737487792
26|89|0.7592592592592593|0.0015885829925537|0.0036988258361816
26|90|0.7685185185185185|0.0016267299652099|0.0037043094635009
26|91|0.7685185185185185|0.0017049312591552|0.0037398338317871
26|92|0.7685185185185185|0.0027296543121337|0.0068795680999755
26|93|0.7685185185185185|0.0017066001892089|0.0038259029388427
26|94|0.7685185185185185|0.0017282962799072|0.0037102699279785
26|95|0.7685185185185185|0.0017409324645996|0.0038485527038574
26|96|0.7685185185185185|0.0018215179443359|0.0038378238677978
26|97|0.7592592592592593|0.0017435550689697|0.0038738250732421
26|98|0.7592592592592593|0.0017852783203125|0.0039472579956054
26|99|0.7592592592592593|0.0018737316131591|0.0039520263671875
26|100|0.7592592592592593|0.0018296241760253|0.0039618015289306
26|101|0.7592592592592593|0.0017898082733154|0.0041382312774658
26|102|0.7685185185185185|0.0018482208251953|0.0040090084075927
26|103|0.7685185185185185|0.0018577575683593|0.0040273666381835
26|104|0.7685185185185185|0.001842975616455|0.0040154457092285
26|105|0.7592592592592593|0.001857042312622|0.0040271282196044
26|106|0.7592592592592593|0.0018577575683593|0.0040700435638427
26|107|0.7592592592592593|0.0019266605377197|0.0040748119354248
26|108|0.7592592592592593|0.0018782615661621|0.0040831565856933
26|109|0.7592592592592593|0.0019009113311767|0.0041453838348388
26|110|0.7592592592592593|0.0018932819366455|0.004127025604248
26|111|0.7592592592592593|0.0019669532775878|0.004058837890625
26|112|0.7592592592592593|0.0019209384918212|0.0041425228118896
26|113|0.7592592592592593|0.0019357204437255|0.0041699409484863
26|114|0.7592592592592593|0.0019359588623046|0.0041656494140625
26|115|0.7592592592592593|0.0019648075103759|0.0042073726654052
26|116|0.7592592592592593|0.0019440650939941|0.0041613578796386
26|117|0.7592592592592593|0.0019540786743164|0.0042014122009277
26|118|0.7592592592592593|0.0020277500152587|0.0042335987091064
26|119|0.75|0.0020174980163574|0.0042381286621093
26|120|0.75|0.0020430088043212|0.004241943359375
26|121|0.75|0.0020442008972167|0.00429368019104
26|122|0.75|0.0020127296447753|0.0042459964752197
26|123|0.75|0.0020616054534912|0.0042083263397216
26|124|0.75|0.002068281173706|0.0042803287506103
26|125|0.75|0.0020759105682373|0.004258394241333
26|126|0.75|0.0021109580993652|0.0043387413024902
26|127|0.75|0.0021188259124755|0.004267930984497
26|128|0.75|0.0021231174468994|0.0042726993560791
26|129|0.75|0.0021438598632812|0.0042722225189208
26|130|0.75|0.0021789073944091|0.0044019222259521
26|131|0.75|0.0021717548370361|0.0043063163757324
26|132|0.75|0.002206802368164|0.004425048828125
26|133|0.75|0.0021908283233642|0.0043833255767822
26|134|0.75|0.0021822452545166|0.0043213367462158
26|135|0.75|0.0021886825561523|0.0043740272521972
26|136|0.75|0.0021891593933105|0.0044536590576171
26|137|0.75|0.0022213459014892|0.0044326782226562
26|138|0.75|0.0022041797637939|0.0042991638183593
26|139|0.75|0.0021948814392089|0.0044124126434326
26|140|0.75|0.0022239685058593|0.004467487335205
26|141|0.75|0.0022175312042236|0.0044541358947753
26|142|0.75|0.0022251605987548|0.0043532848358154
26|143|0.75|0.0022227764129638|0.004427433013916
26|144|0.75|0.0022230148315429|0.0044858455657958
26|145|0.75|0.0022323131561279|0.0044963359832763
29|20|0.7592592592592593|0.0015461444854736|
29|21|0.7685185185185185|0.0010335445404052|0.0013666152954101
29|22|0.7407407407407407|0.0010712146759033|0.0014176368713378
29|23|0.7037037037037037|0.001009464263916|0.0014717578887939
29|24|0.7314814814814815|0.0010595321655273|0.0014600753784179
29|25|0.75|0.0010473728179931|0.0014615058898925
29|26|0.75|0.0010485649108886|0.0015583038330078
29|27|0.7592592592592593|0.0010218620300292|0.0015976428985595
29|28|0.7592592592592593|0.0010240077972412|0.0016312599182128
29|29|0.7592592592592593|0.0010449886322021|0.0017077922821044
29|30|0.7870370370370371|0.0010697841644287|0.0017004013061523
29|31|0.8055555555555556|0.0010538101196289|0.001685619354248
29|32|0.7962962962962963|0.0010421276092529|0.0018191337585449
29|33|0.7777777777777778|0.0010402202606201|0.0017802715301513
29|34|0.7870370370370371|0.0010879039764404|0.0019557476043701
29|35|0.7962962962962963|0.0010590553283691|0.002002477645874
29|36|0.7962962962962963|0.0011343955993652|0.0018932819366455
29|37|0.8055555555555556|0.0010790824890136|0.0019440650939941
29|38|0.8240740740740741|0.0011398792266845|0.0020687580108642
29|39|0.8240740740740741|0.0010833740234375|0.0020403861999511
29|40|0.8055555555555556|0.0011651515960693|0.0020508766174316
29|41|0.8240740740740741|0.0011055469512939|0.0022006034851074
29|42|0.8333333333333334|0.0011417865753173|0.0022053718566894
29|43|0.8240740740740741|0.001110553741455|0.0022864341735839
29|44|0.8240740740740741|0.0011496543884277|0.0022766590118408
29|45|0.8148148148148148|0.0011155605316162|0.0023207664489746
29|46|0.8240740740740741|0.0011816024780273|0.002352237701416
29|47|0.8055555555555556|0.0011255741119384|0.002387523651123
29|48|0.8055555555555556|0.0012061595916748|0.0024456977844238
29|49|0.8148148148148148|0.001145601272583|0.0025324821472167
29|50|0.7962962962962963|0.0012097358703613|0.0024890899658203
29|51|0.7962962962962963|0.0011851787567138|0.0024652481079101
29|52|0.8240740740740741|0.0012288093566894|0.0026018619537353
29|53|0.7962962962962963|0.0011942386627197|0.0026826858520507
29|54|0.7870370370370371|0.0012784004211425|0.0026845932006835
29|55|0.7870370370370371|0.001183271408081|0.002551794052124
29|56|0.7962962962962963|0.0012791156768798|0.0026361942291259
29|57|0.7962962962962963|0.0012345314025878|0.0026125907897949
29|58|0.7870370370370371|0.0012781620025634|0.002812385559082
29|59|0.7870370370370371|0.0012681484222412|0.002847671508789
29|60|0.7777777777777778|0.0013279914855957|0.0027217864990234
29|61|0.7870370370370371|0.0012485980987548|0.0028736591339111
29|62|0.7777777777777778|0.0013325214385986|0.0028791427612304
29|63|0.7962962962962963|0.001270055770874|0.0028746128082275
29|64|0.8055555555555556|0.001258373260498|0.0028474330902099
29|65|0.7870370370370371|0.0012996196746826|0.0030300617218017
29|66|0.7870370370370371|0.0012826919555664|0.0029168128967285
29|67|0.8055555555555556|0.0013091564178466|0.0030169486999511
29|68|0.8148148148148148|0.0013251304626464|0.0031630992889404
29|69|0.8055555555555556|0.0013277530670166|0.0030093193054199
29|70|0.8148148148148148|0.0013535022735595|0.0032832622528076
29|71|0.8148148148148148|0.0013463497161865|0.003136396408081
29|72|0.8055555555555556|0.0013606548309326|0.0032970905303955
29|73|0.7870370370370371|0.0013566017150878|0.0031828880310058
29|74|0.7870370370370371|0.0013539791107177|0.003223180770874
29|75|0.7870370370370371|0.0013689994812011|0.00325608253479
29|76|0.7962962962962963|0.0014097690582275|0.003321886062622
29|77|0.7962962962962963|0.0014116764068603|0.0034823417663574
29|78|0.7962962962962963|0.0014138221740722|0.0034153461456298
29|79|0.7962962962962963|0.0014429092407226|0.0034036636352539
29|80|0.7962962962962963|0.0014686584472656|0.003434419631958
29|81|0.8055555555555556|0.0014939308166503|0.0036036968231201
29|82|0.8240740740740741|0.0015168190002441|0.0035402774810791
29|83|0.8240740740740741|0.0024254322052001|0.006312608718872
29|84|0.8240740740740741|0.0015566349029541|0.0036721229553222
29|85|0.8240740740740741|0.0015652179718017|0.0035812854766845
29|86|0.8240740740740741|0.0015890598297119|0.0036263465881347
29|87|0.8240740740740741|0.0015840530395507|0.0036265850067138
29|88|0.8240740740740741|0.0016276836395263|0.0035433769226074
29|89|0.8240740740740741|0.0016202926635742|0.0037529468536376
29|90|0.8240740740740741|0.0016758441925048|0.003760814666748
29|91|0.8240740740740741|0.0017220973968505|0.0039544105529785
29|92|0.8055555555555556|0.0017342567443847|0.0037863254547119
29|93|0.8055555555555556|0.0017235279083251|0.0038912296295166
29|94|0.8055555555555556|0.0017216205596923|0.0037546157836914
29|95|0.8055555555555556|0.0017364025115966|0.0038678646087646
29|96|0.8055555555555556|0.0017316341400146|0.0039980411529541
29|97|0.8055555555555556|0.0017533302307128|0.0039710998535156
29|98|0.8055555555555556|0.0018045902252197|0.0040462017059326
29|99|0.8055555555555556|0.0017824172973632|0.0041255950927734
29|100|0.8055555555555556|0.0018157958984375|0.0039126873016357
29|101|0.8055555555555556|0.0018372535705566|0.0039334297180175
29|102|0.8055555555555556|0.0018424987792968|0.0040249824523925
29|103|0.8055555555555556|0.0018529891967773|0.0039722919464111
29|104|0.8055555555555556|0.0018744468688964|0.0039613246917724
29|105|0.8055555555555556|0.0018665790557861|0.004007339477539
29|106|0.8055555555555556|0.0018997192382812|0.0041258335113525
29|107|0.8055555555555556|0.0018866062164306|0.0040221214294433
29|108|0.8055555555555556|0.0019087791442871|0.0041563510894775
29|109|0.8055555555555556|0.0018990039825439|0.0040421485900878
29|110|0.8055555555555556|0.0019252300262451|0.0040276050567626
29|111|0.8055555555555556|0.0019395351409912|0.004065990447998
29|112|0.8055555555555556|0.0019443035125732|0.0041851997375488
29|113|0.8055555555555556|0.0019805431365966|0.0042433738708496
29|114|0.8055555555555556|0.0019474029541015|0.0042340755462646
29|115|0.8055555555555556|0.0019688606262207|0.0043323040008544
29|116|0.8148148148148148|0.0020153522491455|0.0043933391571044
29|117|0.8240740740740741|0.0020205974578857|0.0043351650238037
29|118|0.8240740740740741|0.0020484924316406|0.0043776035308837
29|119|0.8240740740740741|0.0020430088043212|0.0042586326599121
29|120|0.8240740740740741|0.0020911693572998|0.0043561458587646
29|121|0.8240740740740741|0.0021030902862548|0.004540205001831
29|122|0.8240740740740741|0.0020618438720703|0.0042243003845214
29|123|0.8240740740740741|0.0020749568939208|0.0044360160827636
29|124|0.8240740740740741|0.0020806789398193|0.0044054985046386
29|125|0.8240740740740741|0.0021038055419921|0.004429817199707
29|126|0.8240740740740741|0.0020947456359863|0.0042448043823242
29|127|0.8240740740740741|0.0021078586578369|0.0044047832489013
29|128|0.8240740740740741|0.0021264553070068|0.0044021606445312
29|129|0.8240740740740741|0.0021338462829589|0.0044505596160888
29|130|0.8240740740740741|0.0021417140960693|0.0044527053833007
29|131|0.8240740740740741|0.0021746158599853|0.0044355392456054
29|132|0.8240740740740741|0.0021774768829345|0.0044682025909423
29|133|0.8240740740740741|0.0022001266479492|0.0045323371887207
29|134|0.8240740740740741|0.002206802368164|0.0044848918914794
29|135|0.8240740740740741|0.0022275447845458|0.0045597553253173
29|136|0.8055555555555556|0.0022311210632324|0.0045714378356933
29|137|0.8055555555555556|0.0022614002227783|0.0044724941253662
29|138|0.8055555555555556|0.0022165775299072|0.0046813488006591
29|139|0.8055555555555556|0.0022170543670654|0.0045106410980224
25|20|0.75|0.0014333724975585|
25|21|0.7314814814814815|0.0009577274322509|0.0013623237609863
25|22|0.75|0.0009944438934326|0.0013318061828613
25|23|0.7962962962962963|0.0009596347808837|0.0014359951019287
25|24|0.7870370370370371|0.0009651184082031|0.0014152526855468
25|25|0.7592592592592593|0.0009429454803466|0.0014450550079345
25|26|0.7870370370370371|0.0009639263153076|0.0014605522155761
25|27|0.7962962962962963|0.001007080078125|0.0015347003936767
25|28|0.8055555555555556|0.0010132789611816|0.0015485286712646
25|29|0.7962962962962963|0.0009615421295166|0.00166916847229
25|30|0.7592592592592593|0.0010125637054443|0.0017087459564208
25|31|0.7685185185185185|0.0010368824005126|0.0016770362854003
25|32|0.7777777777777778|0.0009675025939941|0.0017213821411132
25|33|0.7685185185185185|0.0009615421295166|0.0017962455749511
25|34|0.7592592592592593|0.0010089874267578|0.0018582344055175
25|35|0.7685185185185185|0.0009982585906982|0.0018756389617919
25|36|0.7592592592592593|0.0010585784912109|0.0019378662109375
25|37|0.7685185185185185|0.0009961128234863|0.0019261837005615
25|38|0.75|0.0010795593261718|0.0020062923431396
25|39|0.7407407407407407|0.0010061264038085|0.0020005702972412
25|40|0.75|0.0010912418365478|0.0021014213562011
25|41|0.75|0.0010297298431396|0.002181053161621
25|42|0.7685185185185185|0.0010511875152587|0.0021331310272216
25|43|0.7685185185185185|0.001042366027832|0.0022239685058593
25|44|0.7777777777777778|0.0010759830474853|0.0021584033966064
25|45|0.7870370370370371|0.0010604858398437|0.0022013187408447
25|46|0.7962962962962963|0.001112937927246|0.0022878646850585
25|47|0.7962962962962963|0.0010664463043212|0.0023152828216552
25|48|0.7962962962962963|0.0011429786682128|0.0024402141571044
25|49|0.7962962962962963|0.0010814666748046|0.0024318695068359
25|50|0.7777777777777778|0.001136302947998|0.0023748874664306
25|51|0.7777777777777778|0.001108169555664|0.0024547576904296
25|52|0.7685185185185185|0.0011494159698486|0.0025017261505126
25|53|0.7685185185185185|0.0011243820190429|0.0025162696838378
25|54|0.7592592592592593|0.0011606216430664|0.0027472972869873
25|55|0.7685185185185185|0.0011565685272216|0.00272798538208
25|56|0.7870370370370371|0.0011909008026123|0.0026717185974121
25|57|0.7962962962962963|0.001171588897705|0.0026767253875732
25|58|0.7777777777777778|0.0012071132659912|0.002779483795166
25|59|0.7777777777777778|0.0011806488037109|0.0027222633361816
25|60|0.7777777777777778|0.0012023448944091|0.0027804374694824
25|61|0.8055555555555556|0.001176118850708|0.0027639865875244
25|62|0.7962962962962963|0.001249074935913|0.002784252166748
25|63|0.8055555555555556|0.0012183189392089|0.0028159618377685
25|64|0.7870370370370371|0.0012178421020507|0.0029187202453613
25|65|0.8148148148148148|0.0012292861938476|0.0030415058135986
25|66|0.8148148148148148|0.0012218952178955|0.0029876232147216
25|67|0.8148148148148148|0.0012342929840087|0.0031394958496093
25|68|0.8148148148148148|0.0012857913970947|0.0031416416168212
25|69|0.8148148148148148|0.0012679100036621|0.003110647201538
25|70|0.8148148148148148|0.0012803077697753|0.0032236576080322
25|71|0.8148148148148148|0.0012807846069335|0.0034389495849609
25|72|0.8148148148148148|0.001291275024414|0.0031747817993164
25|73|0.8148148148148148|0.0013010501861572|0.0033133029937744
25|74|0.8240740740740741|0.0013301372528076|0.0031230449676513
25|75|0.8240740740740741|0.0013315677642822|0.0033352375030517
25|76|0.8240740740740741|0.0013301372528076|0.0033555030822753
25|77|0.8240740740740741|0.0013582706451416|0.0033061504364013
25|78|0.8240740740740741|0.0013859272003173|0.0032448768615722
25|79|0.8240740740740741|0.0014255046844482|0.0033352375030517
25|80|0.8240740740740741|0.0014114379882812|0.0033068656921386
25|81|0.8240740740740741|0.0014169216156005|0.0034863948822021
25|82|0.8240740740740741|0.0014266967773437|0.0034730434417724
25|83|0.8240740740740741|0.0014500617980957|0.0034756660461425
25|84|0.8240740740740741|0.0014593601226806|0.0034384727478027
25|85|0.8240740740740741|0.0014796257019042|0.003572940826416
25|86|0.8148148148148148|0.0016233921051025|0.0036218166351318
25|87|0.8240740740740741|0.0024099349975585|0.0065143108367919
25|88|0.8240740740740741|0.0024001598358154|0.0065855979919433
25|89|0.8240740740740741|0.0015399456024169|0.0058753490447998
25|90|0.8240740740740741|0.0015516281127929|0.0036323070526123
25|91|0.8240740740740741|0.0015680789947509|0.0036156177520751
25|92|0.8240740740740741|0.0015821456909179|0.0038554668426513
25|93|0.8240740740740741|0.0015833377838134|0.0039265155792236
25|94|0.8240740740740741|0.0015871524810791|0.0039141178131103
25|95|0.8240740740740741|0.0016236305236816|0.0037040710449218
25|96|0.8240740740740741|0.0016500949859619|0.0040512084960937
25|97|0.8240740740740741|0.0016548633575439|0.0038607120513916
25|98|0.8240740740740741|0.0016703605651855|0.0037896633148193
25|99|0.8240740740740741|0.0016875267028808|0.0038096904754638
25|100|0.8240740740740741|0.0016767978668212|0.0039925575256347
25|101|0.8240740740740741|0.0016868114471435|0.0039095878601074
25|102|0.8240740740740741|0.0017173290252685|0.0038087368011474
25|103|0.8240740740740741|0.0017163753509521|0.0040414333343505
25|104|0.8240740740740741|0.0017051696777343|0.0038304328918457
25|105|0.8240740740740741|0.0017199516296386|0.0040140151977539
25|106|0.8240740740740741|0.001713752746582|0.0038731098175048
25|107|0.8240740740740741|0.0017879009246826|0.0038800239562988
25|108|0.8240740740740741|0.0017507076263427|0.0039339065551757
25|109|0.8240740740740741|0.0017275810241699|0.0039925575256347
25|110|0.8240740740740741|0.0017502307891845|0.0039224624633789
25|111|0.8240740740740741|0.0017638206481933|0.0039155483245849
25|112|0.8240740740740741|0.0017831325531005|0.0040681362152099
25|113|0.8240740740740741|0.0017788410186767|0.0040264129638671
25|114|0.8240740740740741|0.0018038749694824|0.0040135383605957
25|115|0.8240740740740741|0.0018141269683837|0.0040125846862792
25|116|0.8240740740740741|0.0018250942230224|0.0040221214294433
25|117|0.8240740740740741|0.0018212795257568|0.0042042732238769
25|118|0.8240740740740741|0.00185227394104|0.0042591094970703
25|119|0.8240740740740741|0.0018486976623535|0.0041391849517822
25|120|0.8240740740740741|0.0018641948699951|0.0041675567626953
25|121|0.8240740740740741|0.0018470287322998|0.0042555332183837
25|122|0.8240740740740741|0.0018644332885742|0.004213809967041
25|123|0.8240740740740741|0.0018670558929443|0.0042803287506103
25|124|0.8240740740740741|0.0018923282623291|0.0041196346282958
25|125|0.8240740740740741|0.0018720626831054|0.0041315555572509
25|126|0.8240740740740741|0.0019457340240478|0.0041172504425048
25|127|0.8240740740740741|0.0019328594207763|0.0042238235473632
25|128|0.8240740740740741|0.0019824504852294|0.0042061805725097
25|129|0.8240740740740741|0.001950979232788|0.0043332576751708
25|130|0.8240740740740741|0.0019826889038085|0.0042624473571777
25|131|0.8240740740740741|0.0019702911376953|0.0044467449188232
25|132|0.8240740740740741|0.0019850730895996|0.0043127536773681
25|133|0.8240740740740741|0.0020143985748291|0.0042083263397216
25|134|0.8240740740740741|0.0020103454589843|0.0043947696685791
25|135|0.8240740740740741|0.0020160675048828|0.0042746067047119
25|136|0.8240740740740741|0.0020163059234619|0.0042145252227783
25|137|0.8240740740740741|0.0020415782928466|0.0045492649078369
25|138|0.8240740740740741|0.0020308494567871|0.0042681694030761
25|139|0.8240740740740741|0.0020606517791748|0.0042657852172851
25|140|0.8240740740740741|0.002037763595581|0.0043964385986328
28|20|0.6296296296296297|0.0014286041259765|
28|21|0.7129629629629629|0.0010228157043457|0.0014896392822265
28|22|0.6574074074074074|0.0010867118835449|0.0013589859008789
28|23|0.7407407407407407|0.0010328292846679|0.0013999938964843
28|24|0.7592592592592593|0.001051902770996|0.0014293193817138
28|25|0.7777777777777778|0.0010595321655273|0.0014970302581787
28|26|0.7685185185185185|0.0010178089141845|0.0015130043029785
28|27|0.7777777777777778|0.0010342597961425|0.0015597343444824
28|28|0.7592592592592593|0.001063585281372|0.0015690326690673
28|29|0.7870370370370371|0.0010895729064941|0.0016281604766845
28|30|0.7962962962962963|0.0010840892791748|0.0017056465148925
28|31|0.7870370370370371|0.0010516643524169|0.0016868114471435
28|32|0.7777777777777778|0.0010685920715332|0.0017602443695068
28|33|0.7777777777777778|0.0010404586791992|0.0018448829650878
28|34|0.7777777777777778|0.0011050701141357|0.001821756362915
28|35|0.7685185185185185|0.0010676383972167|0.001885175704956
28|36|0.7962962962962963|0.0011441707611083|0.001904010772705
28|37|0.7962962962962963|0.0010874271392822|0.0019621849060058
28|38|0.7870370370370371|0.0012016296386718|0.0020275115966796
28|39|0.7407407407407407|0.0010998249053955|0.0020699501037597
28|40|0.7592592592592593|0.0011847019195556|0.0020704269409179
28|41|0.75|0.0013043880462646|0.0020921230316162
28|42|0.7777777777777778|0.0019330978393554|0.0038285255432128
28|43|0.75|0.0016624927520751|0.0039677619934082
28|44|0.75|0.001810073852539|0.0038700103759765
28|45|0.7592592592592593|0.0011031627655029|0.0023019313812255
28|46|0.7685185185185185|0.0012252330780029|0.0022594928741455
28|47|0.7870370370370371|0.001108169555664|0.0023486614227294
28|48|0.7777777777777778|0.0012717247009277|0.0023484230041503
28|49|0.7777777777777778|0.001101016998291|0.0023717880249023
28|50|0.8055555555555556|0.001190185546875|0.0023958683013916
28|51|0.8055555555555556|0.0011382102966308|0.0024302005767822
28|52|0.7777777777777778|0.0013260841369628|0.002457857131958
28|53|0.7777777777777778|0.0011463165283203|0.002526044845581
28|54|0.7777777777777778|0.0013282299041748|0.0025663375854492
28|55|0.7685185185185185|0.001173973083496|0.0025689601898193
28|56|0.7777777777777778|0.0013470649719238|0.0026001930236816
28|57|0.7870370370370371|0.001185655593872|0.0026750564575195
28|58|0.7870370370370371|0.0013511180877685|0.0027587413787841
28|59|0.7870370370370371|0.001183271408081|0.0027236938476562
28|60|0.7962962962962963|0.0013175010681152|0.0027558803558349
28|61|0.7962962962962963|0.0012385845184326|0.0027666091918945
28|62|0.8148148148148148|0.001345157623291|0.0027961730957031
28|63|0.7962962962962963|0.0012307167053222|0.0028116703033447
28|64|0.8055555555555556|0.0012614727020263|0.0028522014617919
28|65|0.8055555555555556|0.0012471675872802|0.0028884410858154
28|66|0.8240740740740741|0.0012495517730712|0.0029206275939941
28|67|0.8333333333333334|0.0012845993041992|0.0030171871185302
28|68|0.8240740740740741|0.001288890838623|0.0029716491699218
28|69|0.8333333333333334|0.0012781620025634|0.0030293464660644
28|70|0.8240740740740741|0.0013270378112792|0.0030651092529296
28|71|0.8240740740740741|0.0013103485107421|0.0030908584594726
28|72|0.8240740740740741|0.0013225078582763|0.003199815750122
28|73|0.8055555555555556|0.0013289451599121|0.0032055377960205
28|74|0.8055555555555556|0.0013477802276611|0.0032503604888916
28|75|0.8055555555555556|0.001408576965332|0.003188133239746
28|76|0.8055555555555556|0.0014040470123291|0.0033385753631591
28|77|0.8055555555555556|0.0013997554779052|0.0032656192779541
28|78|0.8055555555555556|0.0014104843139648|0.0033736228942871
28|79|0.8148148148148148|0.0014104843139648|0.0032970905303955
28|80|0.8148148148148148|0.0020816326141357|0.0034995079040527
28|81|0.8240740740740741|0.0015640258789062|0.0033726692199707
28|82|0.8425925925925926|0.0015606880187988|0.0034792423248291
28|83|0.8333333333333334|0.0017561912536621|0.0034434795379638
28|84|0.8333333333333334|0.0016407966613769|0.0034596920013427
28|85|0.8333333333333334|0.0016262531280517|0.0035452842712402
28|86|0.8333333333333334|0.0016484260559082|0.0035860538482666
28|87|0.8333333333333334|0.0017244815826416|0.0036499500274658
28|88|0.8425925925925926|0.0016472339630126|0.003619909286499
28|89|0.8425925925925926|0.0016980171203613|0.0035750865936279
28|90|0.8425925925925926|0.0017187595367431|0.0036780834197998
28|91|0.8425925925925926|0.0017685890197753|0.0036449432373046
28|92|0.8240740740740741|0.0017333030700683|0.0036609172821044
28|93|0.8240740740740741|0.001753807067871|0.0037841796875
28|94|0.8240740740740741|0.001723289489746|0.0037043094635009
28|95|0.8240740740740741|0.0018162727355957|0.003810167312622
28|96|0.8240740740740741|0.0019311904907226|0.0038583278656005
28|97|0.8333333333333334|0.0018177032470703|0.0038588047027587
28|98|0.8333333333333334|0.0019323825836181|0.0038347244262695
28|99|0.8333333333333334|0.0019724369049072|0.0038247108459472
28|100|0.8333333333333334|0.0018751621246337|0.0038731098175048
28|101|0.8333333333333334|0.0018413066864013|0.0038743019104003
28|102|0.8333333333333334|0.0019247531890869|0.0039160251617431
28|103|0.8333333333333334|0.0025937557220458|0.0039131641387939
28|104|0.8333333333333334|0.0019941329956054|0.0039091110229492
28|105|0.8333333333333334|0.0018649101257324|0.0039215087890625
28|106|0.8333333333333334|0.001885175704956|0.003934621810913
28|107|0.8333333333333334|0.0020017623901367|0.0039789676666259
28|108|0.8333333333333334|0.0019311904907226|0.003951072692871
28|109|0.8333333333333334|0.0019729137420654|0.0039896965026855
28|110|0.8333333333333334|0.0020027160644531|0.0039942264556884
28|111|0.8333333333333334|0.0021195411682128|0.00400972366333
28|112|0.8333333333333334|0.0019547939300537|0.0040144920349121
28|113|0.8333333333333334|0.0019450187683105|0.0040357112884521
28|114|0.8333333333333334|0.0019512176513671|0.0040488243103027
28|115|0.8333333333333334|0.0020914077758789|0.0041608810424804
28|116|0.8333333333333334|0.0020558834075927|0.004150390625
28|117|0.8333333333333334|0.0019845962524414|0.0040795803070068
28|118|0.8333333333333334|0.0020041465759277|0.0040912628173828
28|119|0.8333333333333334|0.0020997524261474|0.0041601657867431
28|120|0.8333333333333334|0.0020124912261962|0.004105806350708
28|121|0.8333333333333334|0.0020177364349365|0.0041465759277343
28|122|0.8333333333333334|0.0020232200622558|0.0040757656097412
28|123|0.8333333333333334|0.0020639896392822|0.0042536258697509
28|124|0.8333333333333334|0.0020632743835449|0.004392385482788
28|125|0.8333333333333334|0.002026081085205|0.0041217803955078
28|126|0.8333333333333334|0.0020742416381835|0.0041141510009765
28|127|0.8333333333333334|0.0020475387573242|0.0041344165802001
28|128|0.8333333333333334|0.0021235942840576|0.0041067600250244
28|129|0.8333333333333334|0.0020723342895507|0.0041162967681884
28|130|0.8333333333333334|0.0020990371704101|0.0041241645812988
28|131|0.8333333333333334|0.0020720958709716|0.0041365623474121
28|132|0.8333333333333334|0.0020959377288818|0.0041518211364746
28|133|0.8333333333333334|0.0021054744720458|0.0041584968566894
28|134|0.8333333333333334|0.0021114349365234|0.0041987895965576
28|135|0.8333333333333334|0.0021007061004638|0.0041642189025878
28|136|0.8333333333333334|0.0021615028381347|0.0041916370391845
28|137|0.8240740740740741|0.0022172927856445|0.0042717456817626
28|138|0.8240740740740741|0.0022029876708984|0.0042736530303955
28|139|0.8240740740740741|0.0022151470184326|0.0043470859527587
21|140|0.7962962962962963|0.0020756721496582|0.0044553279876708
21|141|0.7962962962962963|0.0020723342895507|0.0043737888336181
21|142|0.7962962962962963|0.0020780563354492|0.0045037269592285
21|143|0.7962962962962963|0.0021071434020996|0.0045607089996337
21|144|0.7962962962962963|0.0020930767059326|0.0044875144958496
21|145|0.7962962962962963|0.0021662712097167|0.0044636726379394
21|146|0.7962962962962963|0.0021731853485107|0.0043737888336181
21|147|0.7962962962962963|0.0021643638610839|0.0044331550598144
21|148|0.7962962962962963|0.0021619796752929|0.0044198036193847
21|149|0.7962962962962963|0.002176284790039|0.0043327808380126
21|150|0.7962962962962963|0.002199649810791|0.0045194625854492
21|151|0.7962962962962963|0.0021705627441406|0.0046489238739013
21|152|0.7962962962962963|0.0022211074829101|0.0043139457702636
21|153|0.7962962962962963|0.002232551574707|0.0043067932128906
21|154|0.7962962962962963|0.0022530555725097|0.0044131278991699
21|155|0.7962962962962963|0.0022346973419189|0.0043110847473144
21|156|0.7962962962962963|0.0022435188293457|0.0043179988861083
21|157|0.7962962962962963|0.0025224685668945|0.0044240951538085
21|158|0.7962962962962963|0.0022640228271484|0.0043182373046875
21|159|0.7962962962962963|0.0023102760314941|0.0043213367462158
21|160|0.7962962962962963|0.002303123474121|0.0044384002685546
21|161|0.7962962962962963|0.0022881031036376|0.0043258666992187
21|162|0.7962962962962963|0.002286672592163|0.0043122768402099
24|146|0.75|0.0021450519561767|0.0043973922729492
24|147|0.75|0.0021231174468994|0.0045814514160156
24|148|0.75|0.0021436214447021|0.0044100284576416
24|149|0.75|0.0021660327911376|0.0047883987426757
24|150|0.75|0.0021493434906005|0.0044713020324707
24|151|0.75|0.0021636486053466|0.0045602321624755
24|152|0.75|0.0022072792053222|0.0044684410095214
24|153|0.75|0.0022077560424804|0.0048213005065917
24|154|0.75|0.0022282600402832|0.0044169425964355
24|155|0.75|0.0022487640380859|0.004868745803833
24|156|0.75|0.002230167388916|0.0046255588531494
24|157|0.75|0.0022389888763427|0.004451036453247
24|158|0.75|0.0022528171539306|0.0044836997985839
24|159|0.75|0.0022532939910888|0.0044858455657958
24|160|0.75|0.0031676292419433|0.0060157775878906
24|161|0.75|0.0022864341735839|0.0044429302215576
24|162|0.75|0.0022900104522705|0.0045006275177001
23|140|0.8703703703703703|0.0021178722381591|0.004274845123291
23|141|0.8703703703703703|0.0021345615386962|0.0042953491210937
23|142|0.8703703703703703|0.0021295547485351|0.0043115615844726
23|143|0.8703703703703703|0.002134084701538|0.0043129920959472
23|144|0.8703703703703703|0.0021412372589111|0.0043151378631591
23|145|0.8703703703703703|0.0021455287933349|0.0043301582336425
23|146|0.8703703703703703|0.0021746158599853|0.004404067993164
23|147|0.8703703703703703|0.0021848678588867|0.0043249130249023
23|148|0.8703703703703703|0.0021510124206542|0.0043392181396484
23|149|0.8703703703703703|0.0021808147430419|0.0043475627899169
23|150|0.8703703703703703|0.0021643638610839|0.0043184757232666
23|151|0.8703703703703703|0.002169132232666|0.004335880279541
23|152|0.8703703703703703|0.0021703243255615|0.0043461322784423
23|153|0.8703703703703703|0.002185583114624|0.0043380260467529
23|154|0.8703703703703703|0.0021815299987792|0.0043535232543945
23|155|0.8703703703703703|0.0022039413452148|0.0043361186981201
23|156|0.8703703703703703|0.0022110939025878|0.0043361186981201
23|157|0.8703703703703703|0.002204418182373|0.0043575763702392
23|158|0.8703703703703703|0.0022344589233398|0.0043654441833496
23|159|0.8703703703703703|0.0022170543670654|0.0043294429779052
23|160|0.8703703703703703|0.002246618270874|0.004648208618164
23|161|0.8703703703703703|0.0024120807647705|0.0043652057647705
23|162|0.8703703703703703|0.0024747848510742|0.0043983459472656
20|139|0.8703703703703703|0.0023374557495117|0.0044476985931396
20|140|0.8703703703703703|0.0023400783538818|0.0045361518859863
20|141|0.8703703703703703|0.0023684501647949|0.0043983459472656
20|142|0.8703703703703703|0.0023517608642578|0.0044686794281005
20|143|0.8703703703703703|0.0023696422576904|0.0045633316040039
20|144|0.8703703703703703|0.0023987293243408|0.0044391155242919
20|145|0.8703703703703703|0.0023810863494873|0.0046260356903076
20|146|0.8796296296296297|0.002418041229248|0.0044610500335693
20|147|0.8796296296296297|0.0024623870849609|0.0045135021209716
20|148|0.8796296296296297|0.0025389194488525|0.004457950592041
20|149|0.8796296296296297|0.00250244140625|0.0045163631439208
20|150|0.8796296296296297|0.0025062561035156|0.0046031475067138
20|151|0.8796296296296297|0.0025069713592529|0.00449800491333
20|152|0.8796296296296297|0.002537727355957|0.0044708251953125
20|153|0.8796296296296297|0.0025241374969482|0.0044982433319091
20|154|0.8796296296296297|0.0025429725646972|0.0045051574707031
20|155|0.8796296296296297|0.0030064582824707|0.0046389102935791
20|156|0.8796296296296297|0.0025503635406494|0.0045020580291748
20|157|0.8796296296296297|0.0025715827941894|0.0045001506805419
20|158|0.8796296296296297|0.0025949478149414|0.0044972896575927
20|159|0.8796296296296297|0.0025992393493652|0.0044763088226318
20|160|0.8796296296296297|0.0026066303253173|0.004556655883789
20|161|0.8796296296296297|0.002608299255371|0.0045039653778076
20|162|0.8796296296296297|0.0025742053985595|0.0045962333679199
26|146|0.75|0.0022563934326171|0.0043590068817138
26|147|0.75|0.0022721290588378|0.0044910907745361
26|148|0.75|0.002305269241333|0.0044910907745361
26|149|0.75|0.0023303031921386|0.0044925212860107
26|150|0.75|0.002293586730957|0.0043642520904541
26|151|0.75|0.0023088455200195|0.0044553279876708
26|152|0.75|0.0023512840270996|0.0044498443603515
26|153|0.75|0.0023283958435058|0.0043842792510986
26|154|0.75|0.0023255348205566|0.0045187473297119
26|155|0.75|0.0023257732391357|0.0044715404510498
26|156|0.75|0.0023295879364013|0.004509687423706
26|157|0.75|0.0023505687713623|0.0044991970062255
26|158|0.75|0.0024092197418212|0.0044708251953125
26|159|0.75|0.0024876594543457|0.0043947696685791
26|160|0.75|0.0024847984313964|0.0045239925384521
26|161|0.75|0.0024976730346679|0.0044684410095214
26|162|0.75|0.002518892288208|0.0044953823089599
22|140|0.7870370370370371|0.0020723342895507|0.0042719841003417
22|141|0.7870370370370371|0.0020587444305419|0.00429368019104
22|142|0.7870370370370371|0.002068281173706|0.0042943954467773
22|143|0.7870370370370371|0.0020716190338134|0.0042650699615478
22|144|0.7870370370370371|0.0020620822906494|0.0043432712554931
22|145|0.7870370370370371|0.0020914077758789|0.0042924880981445
22|146|0.7870370370370371|0.0020701885223388|0.0042951107025146
22|147|0.7870370370370371|0.0021107196807861|0.0043020248413085
22|148|0.7870370370370371|0.0021100044250488|0.0042803287506103
22|149|0.7870370370370371|0.0020914077758789|0.0043022632598876
22|150|0.7870370370370371|0.0021262168884277|0.0044212341308593
22|151|0.7870370370370371|0.0027754306793212|0.0045404434204101
22|152|0.7870370370370371|0.0023133754730224|0.0044505596160888
22|153|0.7870370370370371|0.0023097991943359|0.0043311119079589
22|154|0.7870370370370371|0.0023024082183837|0.0043272972106933
22|155|0.7870370370370371|0.0023105144500732|0.0043587684631347
22|156|0.7870370370370371|0.0023362636566162|0.0043685436248779
22|157|0.7870370370370371|0.0023338794708251|0.0043096542358398
22|158|0.7870370370370371|0.0024025440216064|0.0043628215789794
22|159|0.7870370370370371|0.0023841857910156|0.0044455528259277
22|160|0.7870370370370371|0.0024325847625732|0.0043683052062988
22|161|0.7870370370370371|0.0024261474609375|0.0043451786041259
22|162|0.7870370370370371|0.0024371147155761|0.0044777393341064
27|140|0.8611111111111112|0.0022954940795898|0.0043954849243164
27|141|0.8611111111111112|0.0022861957550048|0.0044045448303222
27|142|0.8611111111111112|0.0023143291473388|0.0045938491821289
27|143|0.8611111111111112|0.002331256866455|0.0047638416290283
27|144|0.8611111111111112|0.0023286342620849|0.0045957565307617
27|145|0.8611111111111112|0.0023519992828369|0.0046591758728027
27|146|0.8611111111111112|0.0023419857025146|0.0045340061187744
27|147|0.8611111111111112|0.0023982524871826|0.0044867992401123
27|148|0.8611111111111112|0.003833532333374|0.0078365802764892
27|149|0.8611111111111112|0.0024416446685791|0.0048403739929199
27|150|0.8611111111111112|0.0024785995483398|0.0047426223754882
27|151|0.8611111111111112|0.0024454593658447|0.0046999454498291
27|152|0.8611111111111112|0.0024616718292236|0.0048716068267822
27|153|0.8611111111111112|0.0024721622467041|0.0050413608551025
27|154|0.8611111111111112|0.0024116039276123|0.0047340393066406
27|155|0.8611111111111112|0.0024914741516113|0.0046057701110839
27|156|0.8611111111111112|0.0024423599243164|0.0044777393341064
27|157|0.8611111111111112|0.0025231838226318|0.0044939517974853
27|158|0.8611111111111112|0.0025172233581542|0.004779577255249
27|159|0.8611111111111112|0.0025739669799804|0.0045275688171386
27|160|0.8611111111111112|0.0025637149810791|0.0048475265502929
27|161|0.8611111111111112|0.0025362968444824|0.0046815872192382
27|162|0.8611111111111112|0.0025949478149414|0.0045616626739501
25|141|0.8240740740740741|0.0020344257354736|0.004263162612915
25|142|0.8240740740740741|0.0020382404327392|0.0042459964752197
25|143|0.8240740740740741|0.0020427703857421|0.0045135021209716
25|144|0.8240740740740741|0.002120018005371|0.0043997764587402
25|145|0.8240740740740741|0.0021302700042724|0.0042417049407958
25|146|0.8240740740740741|0.0025639533996582|0.0051550865173339
25|147|0.8240740740740741|0.0021703243255615|0.0045938491821289
25|148|0.8240740740740741|0.0022430419921875|0.0044374465942382
25|149|0.8240740740740741|0.0023694038391113|0.0042965412139892
25|150|0.8240740740740741|0.0024666786193847|0.0043661594390869
25|151|0.8240740740740741|0.0024836063385009|0.0043373107910156
25|152|0.8240740740740741|0.0024232864379882|0.0042450428009033
25|153|0.8240740740740741|0.0023324489593505|0.0042848587036132
25|154|0.8240740740740741|0.0023481845855712|0.004138708114624
25|155|0.8240740740740741|0.0021219253540039|0.0041954517364501
25|156|0.8240740740740741|0.0019993782043457|0.0041193962097167
25|157|0.8240740740740741|0.0020768642425537|0.0039145946502685
25|158|0.8240740740740741|0.0020570755004882|0.0041201114654541
25|159|0.8240740740740741|0.00211763381958|0.0041100978851318
25|160|0.8240740740740741|0.0021193027496337|0.0041933059692382
25|161|0.8240740740740741|0.00211763381958|0.0040850639343261
25|162|0.8240740740740741|0.002049446105957|0.0040299892425537
29|140|0.8055555555555556|0.0022287368774414|0.0044939517974853
29|141|0.8055555555555556|0.0022931098937988|0.0045199394226074
29|142|0.8055555555555556|0.0022995471954345|0.0045399665832519
29|143|0.8055555555555556|0.0022909641265869|0.0047407150268554
29|144|0.8055555555555556|0.0022699832916259|0.0044121742248535
29|145|0.7962962962962963|0.0022614002227783|0.0045242309570312
29|146|0.7962962962962963|0.0021889209747314|0.0047824382781982
29|147|0.7962962962962963|0.0021803379058837|0.0045392513275146
29|148|0.7962962962962963|0.0023746490478515|0.0046918392181396
29|149|0.7962962962962963|0.0025117397308349|0.0046150684356689
29|150|0.7962962962962963|0.0026776790618896|0.0046992301940917
29|151|0.7962962962962963|0.002631664276123|0.0046541690826416
29|152|0.7962962962962963|0.0025067329406738|0.0046546459197998
29|153|0.7962962962962963|0.0023674964904785|0.0044624805450439
29|154|0.7962962962962963|0.0021593570709228|0.0042755603790283
29|155|0.7962962962962963|0.0021474361419677|0.0041723251342773
29|156|0.7962962962962963|0.0021154880523681|0.0042808055877685
29|157|0.7962962962962963|0.0021543502807617|0.0043611526489257
29|158|0.8055555555555556|0.0022683143615722|0.0043811798095703
29|159|0.8055555555555556|0.002324104309082|0.0044400691986083
29|160|0.8055555555555556|0.0022118091583251|0.0043704509735107
29|161|0.8055555555555556|0.0021448135375976|0.0043303966522216
29|162|0.8055555555555556|0.0023088455200195|0.004465103149414
28|140|0.8148148148148148|0.0022714138031005|0.004241943359375
28|141|0.8148148148148148|0.0022940635681152|0.0043268203735351
28|142|0.8240740740740741|0.0023486614227294|0.0042951107025146
28|143|0.8240740740740741|0.0023500919342041|0.0044832229614257
28|144|0.8240740740740741|0.0023503303527832|0.0043983459472656
28|145|0.8240740740740741|0.002396821975708|0.0043737888336181
28|146|0.8240740740740741|0.0023648738861083|0.0043714046478271
28|147|0.8240740740740741|0.0023808479309082|0.0043845176696777
28|148|0.8240740740740741|0.0024275779724121|0.0043807029724121
28|149|0.8240740740740741|0.0023820400238037|0.0043845176696777
28|150|0.8240740740740741|0.0024483203887939|0.0044007301330566
28|151|0.8240740740740741|0.0024716854095458|0.0044319629669189
28|152|0.8240740740740741|0.0025324821472167|0.004521369934082
28|153|0.8240740740740741|0.0025784969329833|0.004521369934082
28|154|0.8240740740740741|0.002549409866333|0.0044319629669189
28|155|0.8240740740740741|0.0026214122772216|0.0044491291046142
28|156|0.8240740740740741|0.0027780532836914|0.0045149326324462
28|157|0.8240740740740741|0.0028443336486816|0.004596471786499
28|158|0.8240740740740741|0.0028619766235351|0.0045874118804931
28|159|0.8240740740740741|0.0027360916137695|0.0043623447418212
28|160|0.8240740740740741|0.0027515888214111|0.0044667720794677
28|161|0.8240740740740741|0.0026204586029052|0.0043179988861083
28|162|0.8240740740740741|0.0024805068969726|0.0041940212249755
31|20|0.7592592592592593|0.0013785362243652|
31|21|0.7685185185185185|0.0010902881622314|0.0014047622680664
31|22|0.7592592592592593|0.0010497570037841|0.0014066696166992
31|23|0.7592592592592593|0.0010013580322265|0.0014448165893554
31|24|0.7962962962962963|0.0010201930999755|0.0014624595642089
31|25|0.7592592592592593|0.0010139942169189|0.0014536380767822
31|26|0.7685185185185185|0.0010180473327636|0.001537799835205
31|27|0.8055555555555556|0.0010251998901367|0.0016186237335205
31|28|0.8240740740740741|0.0010368824005126|0.0016546249389648
31|29|0.8240740740740741|0.0010159015655517|0.0016546249389648
31|30|0.8148148148148148|0.0010507106781005|0.0017457008361816
31|31|0.8333333333333334|0.0010421276092529|0.0017831325531005
31|32|0.8518518518518519|0.0010535717010498|0.0017876625061035
31|33|0.8240740740740741|0.0010559558868408|0.0018146038055419
31|34|0.8240740740740741|0.0011537075042724|0.0019407272338867
31|35|0.8333333333333334|0.0010738372802734|0.0018863677978515
31|36|0.8333333333333334|0.0011026859283447|0.0020134449005126
31|37|0.8333333333333334|0.0010881423950195|0.0019745826721191
31|38|0.8333333333333334|0.0011389255523681|0.0020868778228759
31|39|0.8333333333333334|0.001105785369873|0.0020680427551269
31|40|0.8240740740740741|0.0011727809906005|0.00209641456604
31|41|0.8333333333333334|0.0011236667633056|0.0022382736206054
31|42|0.8425925925925926|0.001129150390625|0.0021262168884277
31|43|0.8425925925925926|0.0011200904846191|0.0021669864654541
31|44|0.8148148148148148|0.0011584758758544|0.0022408962249755
31|45|0.8425925925925926|0.0011193752288818|0.0022945404052734
31|46|0.8703703703703703|0.0011708736419677|0.0023260116577148
31|47|0.8518518518518519|0.0011482238769531|0.0024182796478271
31|48|0.8425925925925926|0.0011827945709228|0.0024726390838623
31|49|0.8425925925925926|0.0011606216430664|0.0024104118347167
31|50|0.8518518518518519|0.0012226104736328|0.0025019645690917
31|51|0.8425925925925926|0.0011701583862304|0.0025770664215087
31|52|0.8333333333333334|0.0012280941009521|0.0025634765625
31|53|0.8333333333333334|0.001211404800415|0.0026047229766845
31|54|0.8148148148148148|0.0012464523315429|0.0026478767395019
31|55|0.8333333333333334|0.0012414455413818|0.0028026103973388
31|56|0.8333333333333334|0.001267671585083|0.002673864364624
31|57|0.8333333333333334|0.0012557506561279|0.0027365684509277
31|58|0.8240740740740741|0.0013298988342285|0.0028395652770996
31|59|0.8148148148148148|0.0012769699096679|0.0027801990509033
31|60|0.8055555555555556|0.0013000965118408|0.0029129981994628
31|61|0.8240740740740741|0.0012705326080322|0.002833604812622
31|62|0.8240740740740741|0.0013346672058105|0.00286865234375
31|63|0.8333333333333334|0.0013017654418945|0.0028543472290039
31|64|0.8425925925925926|0.0013103485107421|0.0029218196868896
31|65|0.8240740740740741|0.0013513565063476|0.002953290939331
31|66|0.8240740740740741|0.0013468265533447|0.0030188560485839
31|67|0.8240740740740741|0.0013394355773925|0.0032391548156738
31|68|0.8240740740740741|0.0013353824615478|0.0030577182769775
31|69|0.8240740740740741|0.0013411045074462|0.0030746459960937
31|70|0.8055555555555556|0.0013566017150878|0.0030984878540039
31|71|0.8148148148148148|0.001366376876831|0.0031688213348388
31|72|0.8148148148148148|0.0013892650604248|0.0031826496124267
31|73|0.8148148148148148|0.0013759136199951|0.0031948089599609
31|74|0.8148148148148148|0.0014162063598632|0.0032055377960205
31|75|0.8148148148148148|0.0014376640319824|0.0032844543457031
31|76|0.8148148148148148|0.0014445781707763|0.003265380859375
31|77|0.8240740740740741|0.0014817714691162|0.0033907890319824
31|78|0.8240740740740741|0.0014753341674804|0.0033519268035888
31|79|0.8240740740740741|0.001497745513916|0.0034046173095703
31|80|0.8240740740740741|0.0015022754669189|0.0034854412078857
31|81|0.8148148148148148|0.0015175342559814|0.003507375717163
31|82|0.8148148148148148|0.0015289783477783|0.003483772277832
31|83|0.8240740740740741|0.0015347003936767|0.003493309020996
31|84|0.8148148148148148|0.0015506744384765|0.0035517215728759
31|85|0.8148148148148148|0.0015890598297119|0.0035927295684814
31|86|0.8148148148148148|0.0016069412231445|0.0036149024963378
31|87|0.8240740740740741|0.0016167163848876|0.0035781860351562
31|88|0.8240740740740741|0.001617431640625|0.003575325012207
31|89|0.8333333333333334|0.0016310214996337|0.0036561489105224
31|90|0.8333333333333334|0.0016236305236816|0.0036749839782714
31|91|0.8333333333333334|0.0016720294952392|0.003645896911621
31|92|0.8333333333333334|0.0016572475433349|0.0037894248962402
31|93|0.8333333333333334|0.0016694068908691|0.0037441253662109
31|94|0.8333333333333334|0.0027735233306884|0.0053253173828125
31|95|0.8333333333333334|0.0017862319946289|0.0039131641387939
31|96|0.8333333333333334|0.0017967224121093|0.0038936138153076
31|97|0.8240740740740741|0.0018312931060791|0.0038990974426269
31|98|0.8240740740740741|0.0018997192382812|0.0039842128753662
31|99|0.8240740740740741|0.0019223690032958|0.0039668083190917
31|100|0.8240740740740741|0.0019166469573974|0.0040993690490722
31|101|0.8240740740740741|0.0019223690032958|0.0040087699890136
31|102|0.8240740740740741|0.0019426345825195|0.0040328502655029
31|103|0.8240740740740741|0.0020196437835693|0.004096508026123
31|104|0.8240740740740741|0.0020093917846679|0.0041596889495849
31|105|0.8240740740740741|0.002021312713623|0.0041489601135253
31|106|0.8240740740740741|0.0020203590393066|0.004096508026123
31|107|0.8240740740740741|0.0020980834960937|0.0042579174041748
31|108|0.8240740740740741|0.0020720958709716|0.0044236183166503
31|109|0.8240740740740741|0.0020945072174072|0.0043544769287109
31|110|0.8240740740740741|0.0021109580993652|0.0042064189910888
31|111|0.8240740740740741|0.0021030902862548|0.0043144226074218
31|112|0.8240740740740741|0.002115249633789|0.0041704177856445
31|113|0.8240740740740741|0.002134084701538|0.0043792724609375
31|114|0.8240740740740741|0.0021336078643798|0.0043261051177978
31|115|0.8240740740740741|0.0021808147430419|0.0043175220489501
31|116|0.8240740740740741|0.0021643638610839|0.0043885707855224
31|117|0.8240740740740741|0.0021305084228515|0.0042524337768554
31|118|0.8240740740740741|0.0021467208862304|0.0042965412139892
31|119|0.8240740740740741|0.002181053161621|0.0043306350708007
31|120|0.8240740740740741|0.0021643638610839|0.0043320655822753
31|121|0.8240740740740741|0.0021600723266601|0.0043604373931884
31|122|0.8240740740740741|0.0021779537200927|0.0044310092926025
31|123|0.8240740740740741|0.0022084712982177|0.004615306854248
31|124|0.8240740740740741|0.0021712779998779|0.0043742656707763
31|125|0.8240740740740741|0.0022070407867431|0.0043153762817382
31|126|0.8240740740740741|0.0022006034851074|0.0043509006500244
31|127|0.8240740740740741|0.002206802368164|0.004448652267456
31|128|0.8240740740740741|0.0022482872009277|0.0044646263122558
31|129|0.8240740740740741|0.0022130012512207|0.0044810771942138
31|130|0.8240740740740741|0.0022501945495605|0.0044608116149902
31|131|0.8240740740740741|0.0022647380828857|0.0043356418609619
31|132|0.8240740740740741|0.002244234085083|0.0044240951538085
31|133|0.8240740740740741|0.0022656917572021|0.0044338703155517
31|134|0.8240740740740741|0.0023050308227539|0.0044827461242675
31|135|0.8240740740740741|0.0022852420806884|0.0044732093811035
31|136|0.8240740740740741|0.0022933483123779|0.0046641826629638
31|137|0.8240740740740741|0.0023937225341796|0.004460334777832
31|138|0.8240740740740741|0.0023691654205322|0.0044836997985839
31|139|0.8240740740740741|0.0023853778839111|0.0045013427734375
36|20|0.6574074074074074|0.001251220703125|
36|21|0.7129629629629629|0.0009820461273193|0.0013439655303955
36|22|0.75|0.0009994506835937|0.0013895034790039
36|23|0.7314814814814815|0.0009737014770507|0.0013985633850097
36|24|0.7222222222222222|0.0009987354278564|0.0014796257019042
36|25|0.7685185185185185|0.0009708404541015|0.0015809535980224
36|26|0.7777777777777778|0.0009801387786865|0.0015466213226318
36|27|0.7777777777777778|0.0009894371032714|0.0015954971313476
36|28|0.7685185185185185|0.0009825229644775|0.0016522407531738
36|29|0.7685185185185185|0.0009856224060058|0.0016429424285888
36|30|0.7685185185185185|0.0010018348693847|0.0017263889312744
36|31|0.7685185185185185|0.0010130405426025|0.0018415451049804
36|32|0.7777777777777778|0.0010068416595458|0.0018575191497802
36|33|0.7592592592592593|0.0010113716125488|0.0017969608306884
36|34|0.75|0.0010061264038085|0.0018448829650878
36|35|0.7685185185185185|0.0010149478912353|0.001857042312622
36|36|0.7685185185185185|0.0010378360748291|0.0018961429595947
36|37|0.7685185185185185|0.0009937286376953|0.002009630203247
36|38|0.7407407407407407|0.0010528564453125|0.0020074844360351
36|39|0.75|0.0010602474212646|0.0021142959594726
36|40|0.7592592592592593|0.001072883605957|0.0020914077758789
36|41|0.75|0.001025915145874|0.0020880699157714
36|42|0.7685185185185185|0.0010552406311035|0.0021963119506835
36|43|0.7592592592592593|0.0010435581207275|0.0022752285003662
36|44|0.7592592592592593|0.0010626316070556|0.0021913051605224
36|45|0.7685185185185185|0.0010435581207275|0.0022578239440917
36|46|0.7870370370370371|0.0011031627655029|0.0023581981658935
36|47|0.8055555555555556|0.0010898113250732|0.0023345947265625
36|48|0.7870370370370371|0.0010974407196044|0.0023438930511474
36|49|0.7962962962962963|0.0010621547698974|0.0025026798248291
36|50|0.8055555555555556|0.0011203289031982|0.0023643970489501
36|51|0.8055555555555556|0.0011031627655029|0.0024700164794921
36|52|0.8055555555555556|0.001145601272583|0.0025548934936523
36|53|0.7962962962962963|0.0011119842529296|0.0025422573089599
36|54|0.8055555555555556|0.0011513233184814|0.0025172233581542
36|55|0.8055555555555556|0.0011253356933593|0.002659797668457
36|56|0.8055555555555556|0.0011751651763916|0.002683401107788
36|57|0.8055555555555556|0.0011355876922607|0.0026302337646484
36|58|0.8148148148148148|0.0011842250823974|0.002664566040039
36|59|0.8055555555555556|0.0011708736419677|0.0027060508728027
36|60|0.8055555555555556|0.0012226104736328|0.0027203559875488
36|61|0.8518518518518519|0.0011858940124511|0.0027768611907958
36|62|0.8425925925925926|0.0012309551239013|0.0028743743896484
36|63|0.8518518518518519|0.0012331008911132|0.0028858184814453
36|64|0.8425925925925926|0.0012693405151367|0.0030903816223144
36|65|0.8333333333333334|0.0012199878692626|0.0030150413513183
36|66|0.8240740740740741|0.0012400150299072|0.0029528141021728
36|67|0.8333333333333334|0.0012376308441162|0.0030808448791503
36|68|0.8240740740740741|0.0012578964233398|0.00309419631958
36|69|0.8333333333333334|0.0012514591217041|0.0031051635742187
36|70|0.8518518518518519|0.0012745857238769|0.0032012462615966
36|71|0.8518518518518519|0.001293659210205|0.0032055377960205
36|72|0.8518518518518519|0.0013296604156494|0.0031399726867675
36|73|0.8611111111111112|0.0013136863708496|0.0032522678375244
36|74|0.8518518518518519|0.0013232231140136|0.0032188892364501
36|75|0.8333333333333334|0.001312255859375|0.0033023357391357
36|76|0.8333333333333334|0.0013384819030761|0.0034120082855224
36|77|0.8333333333333334|0.001359224319458|0.0033771991729736
36|78|0.8333333333333334|0.0013928413391113|0.0034315586090087
36|79|0.8333333333333334|0.0014047622680664|0.0034594535827636
36|80|0.8333333333333334|0.0014095306396484|0.0035552978515625
36|81|0.8333333333333334|0.0014553070068359|0.0035021305084228
36|82|0.8240740740740741|0.0014474391937255|0.0034601688385009
36|83|0.8240740740740741|0.0014617443084716|0.0036573410034179
36|84|0.8240740740740741|0.0014762878417968|0.0035164356231689
36|85|0.8333333333333334|0.0015006065368652|0.0038292407989501
36|86|0.8333333333333334|0.0015089511871337|0.003584861755371
36|87|0.8333333333333334|0.0015285015106201|0.0035760402679443
36|88|0.8240740740740741|0.0015497207641601|0.003671646118164
36|89|0.8240740740740741|0.001563549041748|0.0036239624023437
36|90|0.8055555555555556|0.0015780925750732|0.0037479400634765
36|91|0.8148148148148148|0.0015723705291748|0.0037894248962402
36|92|0.8148148148148148|0.0016005039215087|0.0036921501159667
36|93|0.8148148148148148|0.0016021728515625|0.0039310455322265
36|94|0.8055555555555556|0.0016131401062011|0.0037927627563476
36|95|0.8055555555555556|0.001652717590332|0.0039880275726318
36|96|0.8055555555555556|0.0016689300537109|0.0039775371551513
36|97|0.8055555555555556|0.001699686050415|0.0039761066436767
36|98|0.8055555555555556|0.0019607543945312|0.0041568279266357
36|99|0.8055555555555556|0.0017740726470947|0.0040881633758544
36|100|0.8055555555555556|0.001744270324707|0.0038895606994628
36|101|0.8055555555555556|0.0017247200012207|0.0040280818939208
36|102|0.8055555555555556|0.0017533302307128|0.0040628910064697
36|103|0.8148148148148148|0.0017869472503662|0.0040802955627441
36|104|0.8148148148148148|0.0017614364624023|0.0040864944458007
36|105|0.8148148148148148|0.0018436908721923|0.0041148662567138
36|106|0.8148148148148148|0.0018055438995361|0.0040400028228759
36|107|0.8148148148148148|0.0017993450164794|0.0041320323944091
36|108|0.8148148148148148|0.0018341541290283|0.0040066242218017
36|109|0.8148148148148148|0.0018296241760253|0.0041873455047607
36|110|0.8148148148148148|0.0018332004547119|0.0041842460632324
36|111|0.8148148148148148|0.001875877380371|0.0040857791900634
36|112|0.8148148148148148|0.0018737316131591|0.0041394233703613
36|113|0.8148148148148148|0.0018818378448486|0.0041751861572265
36|114|0.8148148148148148|0.0018806457519531|0.0041897296905517
36|115|0.8148148148148148|0.0019140243530273|0.004169225692749
36|116|0.8148148148148148|0.0019161701202392|0.0041518211364746
36|117|0.8148148148148148|0.0019378662109375|0.004281997680664
36|118|0.8148148148148148|0.0019145011901855|0.0041794776916503
36|119|0.8148148148148148|0.0019755363464355|0.0041995048522949
36|120|0.8148148148148148|0.0019359588623046|0.0042006969451904
36|121|0.8148148148148148|0.0019328594207763|0.0042853355407714
36|122|0.8148148148148148|0.0019481182098388|0.0043246746063232
36|123|0.8148148148148148|0.0019671916961669|0.0045247077941894
36|124|0.8148148148148148|0.0019671916961669|0.00425386428833
36|125|0.8148148148148148|0.0019729137420654|0.004246711730957
36|126|0.8148148148148148|0.0019886493682861|0.0042047500610351
36|127|0.8148148148148148|0.0019869804382324|0.0043284893035888
36|128|0.8148148148148148|0.0020127296447753|0.0043895244598388
36|129|0.8148148148148148|0.0020015239715576|0.0043337345123291
36|130|0.8148148148148148|0.0020084381103515|0.0045216083526611
36|131|0.8148148148148148|0.0020551681518554|0.0044379234313964
36|132|0.8148148148148148|0.0020182132720947|0.0042390823364257
36|133|0.8148148148148148|0.002049446105957|0.0044865608215332
36|134|0.8148148148148148|0.0020341873168945|0.0043089389801025
36|135|0.8148148148148148|0.0021073818206787|0.0044062137603759
36|136|0.8148148148148148|0.0020828247070312|0.0044796466827392
36|137|0.8148148148148148|0.0020735263824462|0.0046517848968505
36|138|0.8148148148148148|0.0020685195922851|0.0042884349822998
36|139|0.8148148148148148|0.0020923614501953|0.0045428276062011
36|140|0.8055555555555556|0.0021183490753173|0.0043520927429199
33|20|0.7129629629629629|0.0012478828430175|
33|21|0.75|0.0009548664093017|0.0013642311096191
33|22|0.7685185185185185|0.0010159015655517|0.0013263225555419
33|23|0.7962962962962963|0.0009570121765136|0.0014264583587646
33|24|0.7685185185185185|0.0009958744049072|0.0014443397521972
33|25|0.7685185185185185|0.000983715057373|0.0014650821685791
33|26|0.7777777777777778|0.0009806156158447|0.0015275478363037
33|27|0.7870370370370371|0.0009865760803222|0.001549482345581
33|28|0.8240740740740741|0.0010392665863037|0.0016014575958251
33|29|0.7962962962962963|0.0009906291961669|0.0016663074493408
33|30|0.7962962962962963|0.0010046958923339|0.0016255378723144
33|31|0.8148148148148148|0.0010039806365966|0.0016641616821289
33|32|0.8333333333333334|0.0010027885437011|0.0017573833465576
33|33|0.8425925925925926|0.0010232925415039|0.0018768310546875
33|34|0.8333333333333334|0.0010590553283691|0.0017712116241455
33|35|0.8703703703703703|0.0009970664978027|0.0018188953399658
33|36|0.8796296296296297|0.0010614395141601|0.0018718242645263
33|37|0.8796296296296297|0.0010457038879394|0.0018856525421142
33|38|0.8518518518518519|0.0010530948638916|0.0020256042480468
33|39|0.8518518518518519|0.0010466575622558|0.0019953250885009
33|40|0.8796296296296297|0.0010862350463867|0.0019996166229248
33|41|0.8611111111111112|0.0010318756103515|0.0020411014556884
33|42|0.8425925925925926|0.0010452270507812|0.0021088123321533
33|43|0.8333333333333334|0.0010445117950439|0.0021650791168212
33|44|0.8333333333333334|0.0010673999786376|0.0021729469299316
33|45|0.8703703703703703|0.0010457038879394|0.0022315979003906
33|46|0.8796296296296297|0.0011191368103027|0.0022296905517578
33|47|0.8703703703703703|0.0010907649993896|0.0023417472839355
33|48|0.8611111111111112|0.0011317729949951|0.0022783279418945
33|49|0.8518518518518519|0.0010862350463867|0.0023915767669677
33|50|0.8703703703703703|0.0011351108551025|0.0024733543395996
33|51|0.8425925925925926|0.0011224746704101|0.0024170875549316
33|52|0.8425925925925926|0.0011401176452636|0.0024642944335937
33|53|0.8240740740740741|0.0011188983917236|0.0024869441986083
33|54|0.8425925925925926|0.0011544227600097|0.002535343170166
33|55|0.8333333333333334|0.0011477470397949|0.0025560855865478
33|56|0.8425925925925926|0.0011889934539794|0.0027143955230712
33|57|0.8333333333333334|0.0011649131774902|0.0026876926422119
33|58|0.8240740740740741|0.0012297630310058|0.0026490688323974
33|59|0.8240740740740741|0.0011711120605468|0.0027079582214355
33|60|0.8055555555555556|0.0012204647064208|0.0029244422912597
33|61|0.8425925925925926|0.0012013912200927|0.00291109085083
33|62|0.8518518518518519|0.001232624053955|0.0029172897338867
33|63|0.8425925925925926|0.0012123584747314|0.0028297901153564
33|64|0.8425925925925926|0.001223087310791|0.0028483867645263
33|65|0.8333333333333334|0.00126314163208|0.0028812885284423
33|66|0.8425925925925926|0.0012624263763427|0.0029585361480712
33|67|0.8240740740740741|0.0012705326080322|0.0029947757720947
33|68|0.8148148148148148|0.0012991428375244|0.0030479431152343
33|69|0.8240740740740741|0.0012803077697753|0.0031282901763916
33|70|0.7777777777777778|0.0012965202331542|0.0030696392059326
33|71|0.8148148148148148|0.001284122467041|0.0031020641326904
33|72|0.8148148148148148|0.0012867450714111|0.0031328201293945
33|73|0.8148148148148148|0.0012996196746826|0.0033233165740966
33|74|0.8240740740740741|0.0013263225555419|0.0032017230987548
33|75|0.8425925925925926|0.0013339519500732|0.0032625198364257
33|76|0.8148148148148148|0.0013744831085205|0.0034103393554687
33|77|0.8333333333333334|0.0013501644134521|0.0032951831817626
33|78|0.8240740740740741|0.0013918876647949|0.003364086151123
33|79|0.8240740740740741|0.0013995170593261|0.0033397674560546
33|80|0.8333333333333334|0.0014033317565917|0.0033771991729736
33|81|0.8333333333333334|0.0014805793762207|0.0034205913543701
33|82|0.8333333333333334|0.0014810562133789|0.00346040725708
33|83|0.8333333333333334|0.0014669895172119|0.0035042762756347
33|84|0.8333333333333334|0.0014839172363281|0.0035128593444824
33|85|0.8333333333333334|0.001502513885498|0.0035490989685058
33|86|0.8425925925925926|0.0014982223510742|0.0036053657531738
33|87|0.8518518518518519|0.0015089511871337|0.0037887096405029
33|88|0.8518518518518519|0.0015459060668945|0.0036184787750244
33|89|0.8425925925925926|0.0015234947204589|0.0036354064941406
33|90|0.8425925925925926|0.0015439987182617|0.0036511421203613
33|91|0.8425925925925926|0.0015571117401123|0.0037386417388916
33|92|0.8333333333333334|0.0015983581542968|0.0037460327148437
33|93|0.8333333333333334|0.0015928745269775|0.0037298202514648
33|94|0.8425925925925926|0.0016195774078369|0.0037720203399658
33|95|0.8425925925925926|0.0016365051269531|0.0038082599639892
33|96|0.8425925925925926|0.0019834041595458|0.0039317607879638
33|97|0.8425925925925926|0.0016539096832275|0.0038576126098632
33|98|0.8518518518518519|0.0016846656799316|0.0038492679595947
33|99|0.8425925925925926|0.0017230510711669|0.0039525032043457
33|100|0.8425925925925926|0.0017216205596923|0.0038862228393554
33|101|0.8518518518518519|0.0017671585083007|0.0039477348327636
33|102|0.8425925925925926|0.0017578601837158|0.0039441585540771
33|103|0.8518518518518519|0.0018317699432373|0.0039887428283691
33|104|0.8518518518518519|0.0017716884613037|0.0039827823638916
33|105|0.8518518518518519|0.0018222332000732|0.0039892196655273
33|106|0.8518518518518519|0.0017850399017333|0.0041849613189697
33|107|0.8518518518518519|0.0018622875213623|0.0040352344512939
33|108|0.8518518518518519|0.0018141269683837|0.0040559768676757
33|109|0.8518518518518519|0.0018463134765625|0.0040557384490966
33|110|0.8518518518518519|0.0018370151519775|0.0040979385375976
33|111|0.8518518518518519|0.0018966197967529|0.0040891170501708
33|112|0.8518518518518519|0.0018532276153564|0.0041358470916748
33|113|0.8518518518518519|0.0018904209136962|0.0041060447692871
33|114|0.8518518518518519|0.0018599033355712|0.0041582584381103
33|115|0.8518518518518519|0.0019328594207763|0.0041496753692626
33|116|0.8518518518518519|0.0018808841705322|0.0048177242279052
33|117|0.8518518518518519|0.0019018650054931|0.004209280014038
33|118|0.8518518518518519|0.0019319057464599|0.0041999816894531
33|119|0.8518518518518519|0.0019454956054687|0.0042855739593505
33|120|0.8518518518518519|0.0019276142120361|0.0041375160217285
33|121|0.8518518518518519|0.0019292831420898|0.0042228698730468
33|122|0.8518518518518519|0.0019402503967285|0.0041618347167968
33|123|0.8518518518518519|0.0019400119781494|0.0042042732238769
33|124|0.8518518518518519|0.0019712448120117|0.0042507648468017
33|125|0.8425925925925926|0.0019631385803222|0.0042090415954589
33|126|0.8333333333333334|0.0020332336425781|0.0042488574981689
33|127|0.8333333333333334|0.0020225048065185|0.0042560100555419
33|128|0.8333333333333334|0.0020534992218017|0.0043170452117919
33|129|0.8333333333333334|0.0020561218261718|0.0042643547058105
33|130|0.8333333333333334|0.0020487308502197|0.004305362701416
33|131|0.8425925925925926|0.0020680427551269|0.0043702125549316
33|132|0.8425925925925926|0.0020804405212402|0.0046381950378417
33|133|0.8425925925925926|0.002084732055664|0.0043637752532958
33|134|0.8425925925925926|0.0021049976348876|0.0043349266052246
33|135|0.8425925925925926|0.0020999908447265|0.0043456554412841
33|136|0.8425925925925926|0.0021078586578369|0.0043835639953613
33|137|0.8425925925925926|0.0021462440490722|0.0044033527374267
33|138|0.8425925925925926|0.0021321773529052|0.0043611526489257
33|139|0.8425925925925926|0.0021274089813232|0.0046145915985107
32|20|0.6666666666666666|0.0013563632965087|
32|21|0.6759259259259259|0.0010361671447753|0.0013439655303955
32|22|0.7407407407407407|0.0010833740234375|0.0014173984527587
32|23|0.7037037037037037|0.0010359287261962|0.0014324188232421
32|24|0.7685185185185185|0.001047134399414|0.0014848709106445
32|25|0.8055555555555556|0.0010452270507812|0.0015082359313964
32|26|0.8148148148148148|0.0010550022125244|0.0015337467193603
32|27|0.8055555555555556|0.0010478496551513|0.0016484260559082
32|28|0.7962962962962963|0.0010573863983154|0.0016074180603027
32|29|0.8425925925925926|0.0010526180267333|0.001781940460205
32|30|0.8611111111111112|0.0010533332824707|0.0017523765563964
32|31|0.8611111111111112|0.0010478496551513|0.0017464160919189
32|32|0.8518518518518519|0.0010707378387451|0.0018162727355957
32|33|0.8425925925925926|0.0010535717010498|0.0017788410186767
32|34|0.8425925925925926|0.0010955333709716|0.0019159317016601
32|35|0.8425925925925926|0.0010817050933837|0.002002477645874
32|36|0.8333333333333334|0.0011007785797119|0.0019121170043945
32|37|0.8333333333333334|0.0010986328125|0.0019512176513671
32|38|0.8425925925925926|0.0011284351348876|0.0020217895507812
32|39|0.8333333333333334|0.0011093616485595|0.0020489692687988
32|40|0.8333333333333334|0.0011565685272216|0.0020577907562255
32|41|0.8333333333333334|0.0011224746704101|0.002110481262207
32|42|0.8240740740740741|0.0011627674102783|0.002176284790039
32|43|0.8333333333333334|0.0011727809906005|0.0022366046905517
32|44|0.8333333333333334|0.0011696815490722|0.0023596286773681
32|45|0.8240740740740741|0.0011420249938964|0.0022733211517333
32|46|0.8240740740740741|0.0011904239654541|0.0023427009582519
32|47|0.8148148148148148|0.0011639595031738|0.0024020671844482
32|48|0.8240740740740741|0.0011951923370361|0.0024688243865966
32|49|0.8240740740740741|0.0011947154998779|0.0025012493133544
32|50|0.8148148148148148|0.0012245178222656|0.0025129318237304
32|51|0.8148148148148148|0.0011999607086181|0.0025770664215087
32|52|0.8148148148148148|0.0012304782867431|0.0026159286499023
32|53|0.7962962962962963|0.0012214183807373|0.002687931060791
32|54|0.8148148148148148|0.0012581348419189|0.0026297569274902
32|55|0.8055555555555556|0.0012362003326416|0.0027022361755371
32|56|0.8148148148148148|0.0012779235839843|0.0026559829711914
32|57|0.8240740740740741|0.0012612342834472|0.0026984214782714
32|58|0.8240740740740741|0.0013208389282226|0.0028812885284423
32|59|0.8148148148148148|0.0013086795806884|0.0028972625732421
32|60|0.8148148148148148|0.0013360977172851|0.0028023719787597
32|61|0.8148148148148148|0.001305341720581|0.0029771327972412
32|62|0.8240740740740741|0.0013885498046875|0.0029973983764648
32|63|0.8333333333333334|0.0022425651550292|0.0051548480987548
32|64|0.8240740740740741|0.00223970413208|0.0051736831665039
32|65|0.8425925925925926|0.0013282299041748|0.0030102729797363
32|66|0.8425925925925926|0.0013473033905029|0.0030798912048339
32|67|0.8518518518518519|0.0013518333435058|0.0031085014343261
32|68|0.8425925925925926|0.0013477802276611|0.0030195713043212
32|69|0.8425925925925926|0.0013692378997802|0.0032014846801757
32|70|0.8518518518518519|0.0013799667358398|0.0033638477325439
32|71|0.8333333333333334|0.0014138221740722|0.0031237602233886
32|72|0.8333333333333334|0.0014138221740722|0.0033411979675292
32|73|0.8333333333333334|0.0014429092407226|0.00356125831604
32|74|0.8333333333333334|0.0014650821685791|0.0034410953521728
32|75|0.8333333333333334|0.0014998912811279|0.0033645629882812
32|76|0.8425925925925926|0.0014734268188476|0.0035266876220703
32|77|0.8425925925925926|0.001474380493164|0.0034008026123046
32|78|0.8425925925925926|0.00150728225708|0.0034072399139404
32|79|0.8333333333333334|0.001502513885498|0.0035028457641601
32|80|0.8333333333333334|0.001514196395874|0.0034050941467285
32|81|0.8333333333333334|0.0015380382537841|0.0035462379455566
32|82|0.8333333333333334|0.0015366077423095|0.0034370422363281
32|83|0.8333333333333334|0.0015962123870849|0.0037498474121093
32|84|0.8333333333333334|0.0015628337860107|0.0036232471466064
32|85|0.8333333333333334|0.00160813331604|0.0036127567291259
32|86|0.8333333333333334|0.0016541481018066|0.0036437511444091
32|87|0.8333333333333334|0.0016381740570068|0.0038628578186035
32|88|0.8425925925925926|0.0016651153564453|0.0038018226623535
32|89|0.8425925925925926|0.0016891956329345|0.0039560794830322
32|90|0.8425925925925926|0.0016922950744628|0.0036535263061523
32|91|0.8333333333333334|0.0020391941070556|0.003800630569458
32|92|0.8333333333333334|0.0017728805541992|0.0039012432098388
32|93|0.8425925925925926|0.0018126964569091|0.004047155380249
32|94|0.8425925925925926|0.0018067359924316|0.0040488243103027
32|95|0.8425925925925926|0.0018677711486816|0.0040030479431152
32|96|0.8425925925925926|0.0018644332885742|0.0040221214294433
32|97|0.8425925925925926|0.001899242401123|0.0040280818939208
32|98|0.8425925925925926|0.0019099712371826|0.0041234493255615
32|99|0.8425925925925926|0.001957893371582|0.0038907527923583
32|100|0.8425925925925926|0.001946210861206|0.0040905475616455
32|101|0.8425925925925926|0.0019333362579345|0.0041937828063964
32|102|0.8425925925925926|0.0018882751464843|0.0041005611419677
32|103|0.8425925925925926|0.001918077468872|0.0040705204010009
32|104|0.8425925925925926|0.0019090175628662|0.0040144920349121
32|105|0.8425925925925926|0.0019612312316894|0.0040850639343261
32|106|0.8425925925925926|0.0019209384918212|0.0040802955627441
32|107|0.8425925925925926|0.0019886493682861|0.004237413406372
32|108|0.8425925925925926|0.0019443035125732|0.0041437149047851
32|109|0.8425925925925926|0.0019736289978027|0.0041005611419677
32|110|0.8425925925925926|0.0019717216491699|0.0040919780731201
32|111|0.8425925925925926|0.0020477771759033|0.0042774677276611
32|112|0.8425925925925926|0.0019993782043457|0.0040962696075439
32|113|0.8425925925925926|0.0019795894622802|0.0041720867156982
32|114|0.8425925925925926|0.0020034313201904|0.0041711330413818
32|115|0.8425925925925926|0.0020406246185302|0.0041534900665283
32|116|0.8425925925925926|0.0020334720611572|0.0041334629058837
32|117|0.8425925925925926|0.0020294189453125|0.0041589736938476
32|118|0.8425925925925926|0.0020265579223632|0.0042290687561035
32|119|0.8425925925925926|0.0020833015441894|0.0042219161987304
32|120|0.8425925925925926|0.0020885467529296|0.0041568279266357
32|121|0.8425925925925926|0.002068281173706|0.0042567253112792
32|122|0.8425925925925926|0.0020911693572998|0.0041615962982177
32|123|0.8425925925925926|0.0020933151245117|0.0041756629943847
32|124|0.8425925925925926|0.002108097076416|0.0042159557342529
32|125|0.8425925925925926|0.0020647048950195|0.0041842460632324
32|126|0.8518518518518519|0.0021829605102539|0.0042283535003662
32|127|0.8518518518518519|0.0021986961364746|0.0044436454772949
32|128|0.8518518518518519|0.0021946430206298|0.004263162612915
32|129|0.8518518518518519|0.0022015571594238|0.0046429634094238
32|130|0.8518518518518519|0.0022633075714111|0.0046133995056152
32|131|0.8518518518518519|0.0021932125091552|0.0045928955078125
32|132|0.8518518518518519|0.0021970272064208|0.0043222904205322
32|133|0.8518518518518519|0.0022134780883789|0.0044076442718505
32|134|0.8518518518518519|0.0022048950195312|0.0045819282531738
32|135|0.8518518518518519|0.0022182464599609|0.0043222904205322
32|136|0.8518518518518519|0.0022449493408203|0.0043654441833496
32|137|0.8518518518518519|0.0022783279418945|0.0043151378631591
32|138|0.8518518518518519|0.0022375583648681|0.004335880279541
32|139|0.8518518518518519|0.0023255348205566|0.0043742656707763
30|20|0.8240740740740741|0.0012948513031005|
30|21|0.8703703703703703|0.0010004043579101|0.0013544559478759
30|22|0.8240740740740741|0.001035451889038|0.0013694763183593
30|23|0.8055555555555556|0.0010068416595458|0.0014088153839111
30|24|0.7870370370370371|0.0010352134704589|0.001493215560913
30|25|0.8148148148148148|0.0010201930999755|0.0014877319335937
30|26|0.8240740740740741|0.0010745525360107|0.0015256404876708
30|27|0.8240740740740741|0.0010268688201904|0.0015552043914794
30|28|0.8148148148148148|0.0010349750518798|0.0016133785247802
30|29|0.8333333333333334|0.001030683517456|0.001662254333496
30|30|0.8148148148148148|0.0010547637939453|0.0017111301422119
30|31|0.8055555555555556|0.0010592937469482|0.001758337020874
30|32|0.8055555555555556|0.0010464191436767|0.0018067359924316
30|33|0.7870370370370371|0.001049518585205|0.0018529891967773
30|34|0.7870370370370371|0.0010678768157958|0.0018951892852783
30|35|0.7592592592592593|0.0010569095611572|0.0019538402557373
30|36|0.7685185185185185|0.0011413097381591|0.0019776821136474
30|37|0.7685185185185185|0.0010669231414794|0.0020108222961425
30|38|0.7222222222222222|0.0011117458343505|0.0020413398742675
30|39|0.7314814814814815|0.0010673999786376|0.0020303726196289
30|40|0.75|0.001127004623413|0.0020480155944824
30|41|0.7407407407407407|0.0011012554168701|0.0020890235900878
30|42|0.7314814814814815|0.0011281967163085|0.0021710395812988
30|43|0.75|0.0011048316955566|0.0022046566009521
30|44|0.7870370370370371|0.0011472702026367|0.002230167388916
30|45|0.7962962962962963|0.0011236667633056|0.0022585391998291
30|46|0.7962962962962963|0.001162052154541|0.0023298263549804
30|47|0.8148148148148148|0.0011312961578369|0.0023591518402099
30|48|0.8055555555555556|0.0011875629425048|0.002349853515625
30|49|0.8055555555555556|0.0011737346649169|0.0024762153625488
30|50|0.8055555555555556|0.0011868476867675|0.0024592876434326
30|51|0.8148148148148148|0.0011696815490722|0.0025618076324462
30|52|0.8240740740740741|0.001220703125|0.0025675296783447
30|53|0.8055555555555556|0.0012080669403076|0.0026431083679199
30|54|0.8240740740740741|0.0012531280517578|0.002659797668457
30|55|0.8148148148148148|0.0012402534484863|0.0026419162750244
30|56|0.8055555555555556|0.0012786388397216|0.0027120113372802
30|57|0.8240740740740741|0.0012445449829101|0.0026788711547851
30|58|0.8240740740740741|0.0012996196746826|0.0027289390563964
30|59|0.8055555555555556|0.0012519359588623|0.0027863979339599
30|60|0.8055555555555556|0.0013110637664794|0.0028092861175537
30|61|0.8055555555555556|0.0013055801391601|0.0028040409088134
30|62|0.8333333333333334|0.0013477802276611|0.0029036998748779
30|63|0.8333333333333334|0.001293659210205|0.0029883384704589
30|64|0.8333333333333334|0.0013163089752197|0.0029020309448242
30|65|0.8148148148148148|0.0012919902801513|0.0030093193054199
30|66|0.8240740740740741|0.0013031959533691|0.0030086040496826
30|67|0.8333333333333334|0.0013167858123779|0.0031120777130126
30|68|0.8425925925925926|0.0013186931610107|0.003005027770996
30|69|0.8425925925925926|0.0013442039489746|0.0031073093414306
30|70|0.8333333333333334|0.0013651847839355|0.003230333328247
30|71|0.8333333333333334|0.0013561248779296|0.0032024383544921
30|72|0.8333333333333334|0.0013861656188964|0.0032179355621337
30|73|0.8425925925925926|0.0013725757598876|0.0031578540802001
30|74|0.8425925925925926|0.0014030933380126|0.0031840801239013
30|75|0.8333333333333334|0.0014312267303466|0.0033082962036132
30|76|0.8333333333333334|0.0014510154724121|0.0032801628112792
30|77|0.8333333333333334|0.0014798641204833|0.0034244060516357
30|78|0.8333333333333334|0.0014967918395996|0.0033328533172607
30|79|0.8333333333333334|0.001504898071289|0.0035076141357421
30|80|0.8333333333333334|0.0015392303466796|0.0034973621368408
30|81|0.8240740740740741|0.0015206336975097|0.003547191619873
30|82|0.8425925925925926|0.0014998912811279|0.003584861755371
30|83|0.8333333333333334|0.0015606880187988|0.0035467147827148
30|84|0.8425925925925926|0.0015368461608886|0.0036320686340332
30|85|0.8425925925925926|0.0015699863433837|0.0035076141357421
30|86|0.8425925925925926|0.001584768295288|0.0037088394165039
30|87|0.8425925925925926|0.0016281604766845|0.0036787986755371
30|88|0.8425925925925926|0.0022273063659667|0.0060479640960693
30|89|0.8518518518518519|0.0016615390777587|0.0038306713104248
30|90|0.8518518518518519|0.0016629695892333|0.0037765502929687
30|91|0.8425925925925926|0.001699686050415|0.0036845207214355
30|92|0.8425925925925926|0.0017108917236328|0.0039443969726562
30|93|0.8518518518518519|0.0016860961914062|0.0038249492645263
30|94|0.8518518518518519|0.0017139911651611|0.0038049221038818
30|95|0.8518518518518519|0.0017871856689453|0.0039899349212646
30|96|0.8518518518518519|0.0017669200897216|0.0038332939147949
30|97|0.8518518518518519|0.0017659664154052|0.0038692951202392
30|98|0.8518518518518519|0.001857042312622|0.0039186477661132
30|99|0.8518518518518519|0.0019061565399169|0.004000186920166
30|100|0.8518518518518519|0.0018208026885986|0.0040557384490966
30|101|0.8518518518518519|0.0018312931060791|0.004065990447998
30|102|0.8518518518518519|0.0018513202667236|0.0041091442108154
30|103|0.8518518518518519|0.0018689632415771|0.0041861534118652
30|104|0.8518518518518519|0.0018515586853027|0.0041558742523193
30|105|0.8333333333333334|0.0018908977508544|0.004159927368164
30|106|0.8333333333333334|0.00189208984375|0.0040488243103027
30|107|0.8333333333333334|0.0019104480743408|0.0040512084960937
30|108|0.8333333333333334|0.001885175704956|0.0040373802185058
30|109|0.8333333333333334|0.0019235610961914|0.0042824745178222
30|110|0.8333333333333334|0.0019371509552001|0.0040643215179443
30|111|0.8333333333333334|0.0019879341125488|0.0041799545288085
30|112|0.8333333333333334|0.0019686222076416|0.0040881633758544
30|113|0.8333333333333334|0.0019688606262207|0.0042440891265869
30|114|0.8333333333333334|0.0019872188568115|0.0041720867156982
30|115|0.8333333333333334|0.0020196437835693|0.0041415691375732
30|116|0.8333333333333334|0.0019960403442382|0.0042800903320312
30|117|0.8333333333333334|0.0019824504852294|0.0041537284851074
30|118|0.8333333333333334|0.002030611038208|0.0043363571166992
30|119|0.8333333333333334|0.0020437240600585|0.004209280014038
30|120|0.8333333333333334|0.0020370483398437|0.0041334629058837
30|121|0.8333333333333334|0.0020289421081542|0.0042681694030761
30|122|0.8333333333333334|0.0020167827606201|0.0042517185211181
30|123|0.8333333333333334|0.0020632743835449|0.0041682720184326
30|124|0.8425925925925926|0.0020651817321777|0.0042967796325683
30|125|0.8425925925925926|0.0020732879638671|0.0042126178741455
30|126|0.8425925925925926|0.0020966529846191|0.0042634010314941
30|127|0.8425925925925926|0.0021357536315917|0.0042226314544677
30|128|0.8425925925925926|0.0021436214447021|0.0043997764587402
30|129|0.8425925925925926|0.0021278858184814|0.0044071674346923
30|130|0.8425925925925926|0.0021197795867919|0.0042281150817871
30|131|0.8425925925925926|0.0021305084228515|0.0042545795440673
30|132|0.8425925925925926|0.0021452903747558|0.0043065547943115
30|133|0.8425925925925926|0.0021367073059082|0.004267930984497
30|134|0.8518518518518519|0.0022156238555908|0.0044443607330322
30|135|0.8518518518518519|0.0022261142730712|0.004549503326416
30|136|0.8518518518518519|0.0022318363189697|0.0044655799865722
30|137|0.8518518518518519|0.0022485256195068|0.0043394565582275
30|138|0.8518518518518519|0.0022783279418945|0.0045750141143798
30|139|0.8518518518518519|0.0022850036621093|0.00453782081604
39|20|0.7222222222222222|0.001253604888916|
39|21|0.7314814814814815|0.0009505748748779|0.0013365745544433
39|22|0.7314814814814815|0.0010149478912353|0.0013487339019775
39|23|0.6944444444444444|0.0009589195251464|0.0013582706451416
39|24|0.7222222222222222|0.0009722709655761|0.0014002323150634
39|25|0.7037037037037037|0.0009608268737792|0.0014891624450683
39|26|0.7407407407407407|0.0009686946868896|0.0014684200286865
39|27|0.75|0.0009799003601074|0.0015082359313964
39|28|0.75|0.0009756088256835|0.0016279220581054
39|29|0.75|0.0009829998016357|0.0016367435455322
39|30|0.7407407407407407|0.0009794235229492|0.0016450881958007
39|31|0.7222222222222222|0.0009827613830566|0.0017008781433105
39|32|0.7407407407407407|0.0010068416595458|0.001734972000122
39|33|0.7314814814814815|0.0009863376617431|0.0017511844635009
39|34|0.75|0.0010042190551757|0.0017592906951904
39|35|0.7592592592592593|0.0009968280792236|0.0018472671508789
39|36|0.75|0.0010368824005126|0.001871109008789
39|37|0.7685185185185185|0.0009992122650146|0.0019013881683349
39|38|0.7407407407407407|0.001044750213623|0.0019357204437255
39|39|0.7962962962962963|0.001028299331665|0.0020351409912109
39|40|0.7870370370370371|0.0010766983032226|0.0020108222961425
39|41|0.7870370370370371|0.0010232925415039|0.002131700515747
39|42|0.7685185185185185|0.0010557174682617|0.0020663738250732
39|43|0.7685185185185185|0.0010435581207275|0.0021498203277587
39|44|0.7962962962962963|0.001075267791748|0.0021419525146484
39|45|0.7777777777777778|0.0010569095611572|0.0022287368774414
39|46|0.8055555555555556|0.0010969638824462|0.0022621154785156
39|47|0.7777777777777778|0.001072883605957|0.0022823810577392
39|48|0.7870370370370371|0.001131534576416|0.002272605895996
39|49|0.8055555555555556|0.0010890960693359|0.0023269653320312
39|50|0.8240740740740741|0.001127004623413|0.0023598670959472
39|51|0.7962962962962963|0.0011146068572998|0.0024218559265136
39|52|0.8055555555555556|0.0011553764343261|0.0025117397308349
39|53|0.8055555555555556|0.0011224746704101|0.0024712085723876
39|54|0.8148148148148148|0.0011656284332275|0.0025060176849365
39|55|0.8055555555555556|0.0012934207916259|0.0026431083679199
39|56|0.8148148148148148|0.0011732578277587|0.0025563240051269
39|57|0.8055555555555556|0.0011370182037353|0.0025794506072998
39|58|0.7870370370370371|0.0012123584747314|0.0027143955230712
39|59|0.7870370370370371|0.0011999607086181|0.0026781558990478
39|60|0.7962962962962963|0.0012075901031494|0.0028743743896484
39|61|0.7962962962962963|0.0012013912200927|0.0027191638946533
39|62|0.8055555555555556|0.001251220703125|0.0027723312377929
39|63|0.8055555555555556|0.001218557357788|0.0028257369995117
39|64|0.8148148148148148|0.0012450218200683|0.0028231143951416
39|65|0.8148148148148148|0.0012500286102294|0.0028438568115234
39|66|0.8240740740740741|0.0012140274047851|0.0028638839721679
39|67|0.8425925925925926|0.0012357234954833|0.00291109085083
39|68|0.8518518518518519|0.0012538433074951|0.0029935836791992
39|69|0.8240740740740741|0.0012471675872802|0.002983808517456
39|70|0.8425925925925926|0.0012373924255371|0.0032367706298828
39|71|0.8425925925925926|0.0012774467468261|0.0030362606048583
39|72|0.8333333333333334|0.0012941360473632|0.0030531883239746
39|73|0.8425925925925926|0.0013055801391601|0.0030915737152099
39|74|0.8333333333333334|0.0013206005096435|0.0031425952911376
39|75|0.8333333333333334|0.0013356208801269|0.0032460689544677
39|76|0.8333333333333334|0.0013234615325927|0.0031776428222656
39|77|0.8240740740740741|0.0013599395751953|0.0033960342407226
39|78|0.8240740740740741|0.0013349056243896|0.0033526420593261
39|79|0.8333333333333334|0.0013678073883056|0.0032675266265869
39|80|0.8240740740740741|0.0013709068298339|0.0032646656036376
39|81|0.8240740740740741|0.0013740062713623|0.0033473968505859
39|82|0.8240740740740741|0.0013866424560546|0.0034244060516357
39|83|0.8240740740740741|0.0013983249664306|0.0033535957336425
39|84|0.8240740740740741|0.0014386177062988|0.0033800601959228
39|85|0.8240740740740741|0.0014619827270507|0.003702163696289
39|86|0.8240740740740741|0.0014727115631103|0.00343918800354
39|87|0.8333333333333334|0.001500129699707|0.0037441253662109
39|88|0.8333333333333334|0.0015132427215576|0.0035297870635986
39|89|0.8333333333333334|0.0015203952789306|0.00362229347229
39|90|0.8333333333333334|0.00154709815979|0.0037508010864257
39|91|0.8333333333333334|0.0015943050384521|0.0037100315093994
39|92|0.8333333333333334|0.0015830993652343|0.0035960674285888
39|93|0.8333333333333334|0.0015788078308105|0.0036172866821289
39|94|0.8333333333333334|0.0015888214111328|0.0036971569061279
39|95|0.8333333333333334|0.001615285873413|0.0037043094635009
39|96|0.8333333333333334|0.0016345977783203|0.003688097000122
39|97|0.8333333333333334|0.0026462078094482|0.0053005218505859
39|98|0.8333333333333334|0.0016958713531494|0.0037593841552734
39|99|0.8333333333333334|0.0017297267913818|0.0039095878601074
39|100|0.8333333333333334|0.0016999244689941|0.0037822723388671
39|101|0.8333333333333334|0.001727819442749|0.003847599029541
39|102|0.8333333333333334|0.0017237663269042|0.0038292407989501
39|103|0.8333333333333334|0.0017516613006591|0.0038647651672363
39|104|0.8333333333333334|0.0017592906951904|0.0040490627288818
39|105|0.8333333333333334|0.0017454624176025|0.0039021968841552
39|106|0.8333333333333334|0.0017681121826171|0.0040514469146728
39|107|0.8333333333333334|0.0018243789672851|0.003965139389038
39|108|0.8333333333333334|0.0017817020416259|0.0039620399475097
39|109|0.8333333333333334|0.0018479824066162|0.0039343833923339
39|110|0.8333333333333334|0.0018584728240966|0.0039813518524169
39|111|0.8333333333333334|0.0018897056579589|0.0039823055267333
39|112|0.8333333333333334|0.001842975616455|0.0042095184326171
39|113|0.8333333333333334|0.0018770694732666|0.0040781497955322
39|114|0.8333333333333334|0.0018997192382812|0.0040314197540283
39|115|0.8333333333333334|0.0019099712371826|0.0040333271026611
39|116|0.8333333333333334|0.0018930435180664|0.004030704498291
39|117|0.8333333333333334|0.0019323825836181|0.004051923751831
39|118|0.8333333333333334|0.0018970966339111|0.0041615962982177
39|119|0.8333333333333334|0.0019261837005615|0.0041115283966064
39|120|0.8333333333333334|0.0018985271453857|0.0040740966796875
39|121|0.8333333333333334|0.001948595046997|0.0040986537933349
39|122|0.8333333333333334|0.0019400119781494|0.0041096210479736
39|123|0.8333333333333334|0.0019888877868652|0.0041306018829345
39|124|0.8333333333333334|0.0019707679748535|0.0041770935058593
39|125|0.8333333333333334|0.0019731521606445|0.0041658878326416
39|126|0.8333333333333334|0.0019824504852294|0.0041570663452148
39|127|0.8333333333333334|0.0020062923431396|0.0041761398315429
39|128|0.8333333333333334|0.0020384788513183|0.0041916370391845
39|129|0.8333333333333334|0.0020127296447753|0.0041899681091308
39|130|0.8333333333333334|0.0020265579223632|0.0042662620544433
39|131|0.8333333333333334|0.002037763595581|0.0042943954467773
39|132|0.8333333333333334|0.0020563602447509|0.0042304992675781
39|133|0.8333333333333334|0.0020825862884521|0.004213809967041
39|134|0.8333333333333334|0.0020623207092285|0.0042605400085449
39|135|0.8333333333333334|0.0020649433135986|0.0042378902435302
39|136|0.8333333333333334|0.0020732879638671|0.00423264503479
39|137|0.8333333333333334|0.0020866394042968|0.0042629241943359
39|138|0.8240740740740741|0.0021383762359619|0.0044136047363281
39|139|0.8240740740740741|0.0021417140960693|0.0042741298675537
37|20|0.7685185185185185|0.0012662410736083|
37|21|0.7592592592592593|0.0009577274322509|0.0013284683227539
37|22|0.7870370370370371|0.0010075569152832|0.0014126300811767
37|23|0.8240740740740741|0.0009677410125732|0.001347541809082
37|24|0.8148148148148148|0.0009777545928955|0.0013890266418457
37|25|0.8425925925925926|0.0009791851043701|0.0014350414276123
37|26|0.8333333333333334|0.0009889602661132|0.0014724731445312
37|27|0.8333333333333334|0.0009880065917968|0.0015935897827148
37|28|0.8425925925925926|0.0009934902191162|0.0016016960144042
37|29|0.8148148148148148|0.0009906291961669|0.0016911029815673
37|30|0.8333333333333334|0.0010044574737548|0.0017282962799072
37|31|0.8425925925925926|0.001000165939331|0.0016872882843017
37|32|0.8518518518518519|0.0009872913360595|0.0017764568328857
37|33|0.8333333333333334|0.000990867614746|0.0017719268798828
37|34|0.8240740740740741|0.0010180473327636|0.0018551349639892
37|35|0.8333333333333334|0.0010206699371337|0.0019311904907226
37|36|0.8425925925925926|0.0010468959808349|0.0018818378448486
37|37|0.8240740740740741|0.001014232635498|0.0019810199737548
37|38|0.8148148148148148|0.0010848045349121|0.0020246505737304
37|39|0.7962962962962963|0.0010390281677246|0.0020093917846679
37|40|0.8148148148148148|0.0010957717895507|0.0020639896392822
37|41|0.8333333333333334|0.0010499954223632|0.0021686553955078
37|42|0.8240740740740741|0.0010769367218017|0.0021111965179443
37|43|0.8148148148148148|0.0010573863983154|0.002220869064331
37|44|0.8148148148148148|0.0011005401611328|0.0021817684173583
37|45|0.8148148148148148|0.0010712146759033|0.0023009777069091
37|46|0.8148148148148148|0.0011186599731445|0.0022475719451904
37|47|0.8148148148148148|0.0010862350463867|0.0022988319396972
37|48|0.8240740740740741|0.0011289119720458|0.0023176670074462
37|49|0.8240740740740741|0.001112937927246|0.0023674964904785
37|50|0.8425925925925926|0.0011367797851562|0.0023987293243408
37|51|0.8240740740740741|0.0011272430419921|0.0024573802947998
37|52|0.8333333333333334|0.0011463165283203|0.0025000572204589
37|53|0.8425925925925926|0.0011372566223144|0.0025079250335693
37|54|0.8055555555555556|0.0011796951293945|0.0025627613067626
37|55|0.8055555555555556|0.0011558532714843|0.0025937557220458
37|56|0.8148148148148148|0.0012061595916748|0.0025992393493652
37|57|0.8055555555555556|0.0011594295501708|0.0026562213897705
37|58|0.8055555555555556|0.0012075901031494|0.0026783943176269
37|59|0.7962962962962963|0.0012001991271972|0.0026962757110595
37|60|0.8240740740740741|0.0012392997741699|0.0027661323547363
37|61|0.8333333333333334|0.0012373924255371|0.0028660297393798
37|62|0.8333333333333334|0.0012886524200439|0.0028445720672607
37|63|0.7777777777777778|0.0012388229370117|0.0028584003448486
37|64|0.8240740740740741|0.0012574195861816|0.002882957458496
37|65|0.8333333333333334|0.0012619495391845|0.0029153823852539
37|66|0.8333333333333334|0.0012729167938232|0.0029945373535156
37|67|0.8333333333333334|0.001270055770874|0.002981424331665
37|68|0.8425925925925926|0.0012645721435546|0.0029935836791992
37|69|0.8425925925925926|0.0012896060943603|0.0030047893524169
37|70|0.8425925925925926|0.0012736320495605|0.0030477046966552
37|71|0.8425925925925926|0.001298189163208|0.0030698776245117
37|72|0.8333333333333334|0.0013296604156494|0.0030930042266845
37|73|0.8425925925925926|0.0013015270233154|0.0031220912933349
37|74|0.8425925925925926|0.0013294219970703|0.0032308101654052
37|75|0.8333333333333334|0.0013492107391357|0.0032756328582763
37|76|0.8425925925925926|0.001373291015625|0.003202199935913
37|77|0.8333333333333334|0.0013751983642578|0.003359317779541
37|78|0.8333333333333334|0.0014026165008544|0.0033385753631591
37|79|0.8333333333333334|0.001394510269165|0.0032994747161865
37|80|0.8333333333333334|0.0014071464538574|0.0033481121063232
37|81|0.8333333333333334|0.0014522075653076|0.0033411979675292
37|82|0.8425925925925926|0.0014317035675048|0.0033841133117675
37|83|0.8518518518518519|0.0014874935150146|0.0034432411193847
37|84|0.8425925925925926|0.0014622211456298|0.0034554004669189
37|85|0.8425925925925926|0.0015108585357666|0.0035595893859863
37|86|0.8425925925925926|0.001495361328125|0.0035138130187988
37|87|0.8425925925925926|0.0015430450439453|0.0036532878875732
37|88|0.8425925925925926|0.0015349388122558|0.0036370754241943
37|89|0.8425925925925926|0.0015649795532226|0.0035939216613769
37|90|0.8425925925925926|0.001584768295288|0.0038156509399414
37|91|0.8425925925925926|0.0016031265258789|0.0036613941192626
37|92|0.8425925925925926|0.0016124248504638|0.0038094520568847
37|93|0.8425925925925926|0.0016453266143798|0.0036745071411132
37|94|0.8425925925925926|0.0035090446472167|0.0037529468536376
37|95|0.8425925925925926|0.0016825199127197|0.0038313865661621
37|96|0.8425925925925926|0.0016946792602539|0.0039241313934326
37|97|0.8425925925925926|0.0017206668853759|0.0037844181060791
37|98|0.8333333333333334|0.0017280578613281|0.0038495063781738
37|99|0.8333333333333334|0.0017364025115966|0.0039596557617187
37|100|0.8333333333333334|0.0017225742340087|0.0041117668151855
37|101|0.8333333333333334|0.0017201900482177|0.0038812160491943
37|102|0.8333333333333334|0.001746654510498|0.0038857460021972
37|103|0.8333333333333334|0.0017657279968261|0.0039901733398437
37|104|0.8333333333333334|0.0017383098602294|0.0038912296295166
37|105|0.8333333333333334|0.0017564296722412|0.0039710998535156
37|106|0.8333333333333334|0.0017461776733398|0.0039303302764892
37|107|0.8333333333333334|0.0018057823181152|0.0039308071136474
37|108|0.8333333333333334|0.0018219947814941|0.0039441585540771
37|109|0.8333333333333334|0.0018157958984375|0.0040254592895507
37|110|0.8333333333333334|0.0018455982208251|0.0040357112884521
37|111|0.8333333333333334|0.001950979232788|0.0042839050292968
37|112|0.8333333333333334|0.0018548965454101|0.0041823387145996
37|113|0.8333333333333334|0.0018773078918457|0.0041139125823974
37|114|0.8333333333333334|0.0018939971923828|0.0041525363922119
37|115|0.8333333333333334|0.0019524097442626|0.0041203498840332
37|116|0.8333333333333334|0.0018918514251708|0.0041127204895019
37|117|0.8333333333333334|0.0018947124481201|0.0041847229003906
37|118|0.8333333333333334|0.0019114017486572|0.0041563510894775
37|119|0.8333333333333334|0.0019373893737792|0.004202127456665
37|120|0.8333333333333334|0.0019145011901855|0.0041315555572509
37|121|0.8333333333333334|0.001924991607666|0.0042359828948974
37|122|0.8333333333333334|0.0019469261169433|0.0041382312774658
37|123|0.8333333333333334|0.0019481182098388|0.0042290687561035
37|124|0.8333333333333334|0.0019440650939941|0.0041680335998535
37|125|0.8333333333333334|0.0019507408142089|0.004235029220581
37|126|0.8333333333333334|0.0019552707672119|0.004188060760498
37|127|0.8333333333333334|0.001981496810913|0.0042619705200195
37|128|0.8333333333333334|0.0020005702972412|0.0042085647583007
37|129|0.8333333333333334|0.0020060539245605|0.0042595863342285
37|130|0.8333333333333334|0.0019960403442382|0.0042352676391601
37|131|0.8333333333333334|0.0020530223846435|0.0042672157287597
37|132|0.8333333333333334|0.0020515918731689|0.0043418407440185
37|133|0.8333333333333334|0.002103567123413|0.0043163299560546
37|134|0.8333333333333334|0.002061128616333|0.0042369365692138
37|135|0.8333333333333334|0.0020732879638671|0.0042777061462402
37|136|0.8333333333333334|0.0020794868469238|0.0042617321014404
37|137|0.8333333333333334|0.0020978450775146|0.0043239593505859
37|138|0.8333333333333334|0.0021631717681884|0.0042591094970703
35|20|0.7962962962962963|0.0013325214385986|
35|21|0.8055555555555556|0.0010042190551757|0.0013236999511718
35|22|0.7962962962962963|0.0010046958923339|0.0013256072998046
35|23|0.75|0.0009677410125732|0.0014142990112304
35|24|0.7870370370370371|0.0009868144989013|0.0014548301696777
35|25|0.7777777777777778|0.0009686946868896|0.0014243125915527
35|26|0.8055555555555556|0.0009822845458984|0.0015566349029541
35|27|0.8148148148148148|0.0009865760803222|0.0015468597412109
35|28|0.8148148148148148|0.0010080337524414|0.0016572475433349
35|29|0.8148148148148148|0.0010037422180175|0.0016565322875976
35|30|0.8425925925925926|0.0010387897491455|0.0022001266479492
35|31|0.7962962962962963|0.0010032653808593|0.0016822814941406
35|32|0.8518518518518519|0.0010063648223876|0.001732587814331
35|33|0.8611111111111112|0.0010836124420166|0.0017881393432617
35|34|0.8518518518518519|0.0010304450988769|0.0018894672393798
35|35|0.8425925925925926|0.0010199546813964|0.0019004344940185
35|36|0.8425925925925926|0.0010521411895751|0.0019009113311767
35|37|0.8425925925925926|0.00101900100708|0.0019400119781494
35|38|0.8425925925925926|0.0010759830474853|0.002042531967163
35|39|0.8703703703703703|0.0010335445404052|0.0020315647125244
35|40|0.8796296296296297|0.0010819435119628|0.0020811557769775
35|41|0.8796296296296297|0.0010335445404052|0.0020649433135986
35|42|0.8611111111111112|0.0010673999786376|0.0020821094512939
35|43|0.8425925925925926|0.0010461807250976|0.0021257400512695
35|44|0.8425925925925926|0.0010874271392822|0.0022099018096923
35|45|0.8611111111111112|0.0010631084442138|0.0022401809692382
35|46|0.8703703703703703|0.0011496543884277|0.0022621154785156
35|47|0.8611111111111112|0.0010848045349121|0.0023415088653564
35|48|0.8611111111111112|0.0011212825775146|0.0023601055145263
35|49|0.8425925925925926|0.0010731220245361|0.0023753643035888
35|50|0.8333333333333334|0.0011422634124755|0.0024371147155761
35|51|0.8425925925925926|0.0011603832244873|0.0024077892303466
35|52|0.8518518518518519|0.0011727809906005|0.0024666786193847
35|53|0.8518518518518519|0.0011544227600097|0.0025737285614013
35|54|0.8796296296296297|0.0011878013610839|0.002509593963623
35|55|0.8703703703703703|0.0011634826660156|0.0026655197143554
35|56|0.8703703703703703|0.0012605190277099|0.002756118774414
35|57|0.8703703703703703|0.0011754035949707|0.0028223991394042
35|58|0.8703703703703703|0.0012078285217285|0.0026779174804687
35|59|0.8703703703703703|0.0011992454528808|0.0027787685394287
35|60|0.8796296296296297|0.0012381076812744|0.0028059482574462
35|61|0.8796296296296297|0.0011968612670898|0.0027852058410644
35|62|0.8703703703703703|0.001218557357788|0.002899169921875
35|63|0.8796296296296297|0.0012454986572265|0.0028986930847167
35|64|0.8796296296296297|0.0012269020080566|0.0031201839447021
35|65|0.8611111111111112|0.0012176036834716|0.0030436515808105
35|66|0.8518518518518519|0.0012204647064208|0.0030000209808349
35|67|0.8796296296296297|0.0012369155883789|0.0030210018157958
35|68|0.8611111111111112|0.0012636184692382|0.0032174587249755
35|69|0.8796296296296297|0.0012738704681396|0.0032176971435546
35|70|0.8796296296296297|0.0012919902801513|0.0031516551971435
35|71|0.8703703703703703|0.0013089179992675|0.0032496452331542
35|72|0.8611111111111112|0.0013010501861572|0.0031404495239257
35|73|0.8611111111111112|0.0013055801391601|0.0032777786254882
35|74|0.8703703703703703|0.0013031959533691|0.0033860206604003
35|75|0.8703703703703703|0.0013208389282226|0.0033221244812011
35|76|0.8703703703703703|0.0013306140899658|0.003328800201416
35|77|0.8703703703703703|0.001338243484497|0.0034887790679931
35|78|0.8703703703703703|0.0013511180877685|0.0036103725433349
35|79|0.8611111111111112|0.0013608932495117|0.0034494400024414
35|80|0.8611111111111112|0.0013914108276367|0.0035030841827392
35|81|0.8611111111111112|0.0014030933380126|0.0034890174865722
35|82|0.8611111111111112|0.0014052391052246|0.0035843849182128
35|83|0.8611111111111112|0.0014078617095947|0.0034341812133789
35|84|0.8611111111111112|0.0014376640319824|0.0037848949432373
35|85|0.8611111111111112|0.0014498233795166|0.0036706924438476
35|86|0.8611111111111112|0.0014650821685791|0.0037510395050048
35|87|0.8611111111111112|0.0014810562133789|0.003767967224121
35|88|0.8611111111111112|0.0014905929565429|0.0038454532623291
35|89|0.8518518518518519|0.0014994144439697|0.0039494037628173
35|90|0.8611111111111112|0.0015392303466796|0.0036940574645996
35|91|0.8611111111111112|0.0015745162963867|0.0038492679595947
35|92|0.8611111111111112|0.0015604496002197|0.0040452480316162
35|93|0.8703703703703703|0.0015575885772705|0.003706932067871
35|94|0.8703703703703703|0.0016942024230957|0.0040061473846435
35|95|0.8703703703703703|0.0016794204711914|0.0037400722503662
35|96|0.8703703703703703|0.0016312599182128|0.004188060760498
35|97|0.8703703703703703|0.0016417503356933|0.0040805339813232
35|98|0.8703703703703703|0.0016465187072753|0.0041556358337402
35|99|0.8703703703703703|0.00169038772583|0.0040478706359863
35|100|0.8703703703703703|0.0017158985137939|0.0042159557342529
35|101|0.8703703703703703|0.0017173290252685|0.0040106773376464
35|102|0.8703703703703703|0.0017218589782714|0.0039424896240234
35|103|0.8703703703703703|0.0017740726470947|0.0041112899780273
35|104|0.8703703703703703|0.0017979145050048|0.0043137073516845
35|105|0.8703703703703703|0.0017917156219482|0.0043075084686279
35|106|0.8611111111111112|0.0018224716186523|0.0040137767791748
35|107|0.8611111111111112|0.0018367767333984|0.004040241241455
35|108|0.8611111111111112|0.0018260478973388|0.00439453125
35|109|0.8611111111111112|0.0018007755279541|0.0041978359222412
35|110|0.8611111111111112|0.0018312931060791|0.0040724277496337
35|111|0.8703703703703703|0.001828908920288|0.0042147636413574
35|112|0.8703703703703703|0.0018768310546875|0.0042686462402343
35|113|0.8703703703703703|0.0018539428710937|0.004465103149414
35|114|0.8703703703703703|0.0019118785858154|0.0048441886901855
35|115|0.8703703703703703|0.001988410949707|0.0043883323669433
35|116|0.8611111111111112|0.0019149780273437|0.0046379566192626
35|117|0.8611111111111112|0.0019013881683349|0.0044875144958496
35|118|0.8611111111111112|0.0019271373748779|0.0043585300445556
35|119|0.8611111111111112|0.0019514560699462|0.0044939517974853
35|120|0.8611111111111112|0.0019464492797851|0.0044529438018798
35|121|0.8611111111111112|0.0019288063049316|0.0042285919189453
35|122|0.8611111111111112|0.0019443035125732|0.0045089721679687
35|123|0.8611111111111112|0.0019698143005371|0.0047008991241455
35|124|0.8611111111111112|0.0019750595092773|0.0044901371002197
35|125|0.8611111111111112|0.0019681453704833|0.0044672489166259
35|126|0.8611111111111112|0.0019993782043457|0.0042409896850585
35|127|0.8611111111111112|0.0019953250885009|0.0045359134674072
35|128|0.8611111111111112|0.002030611038208|0.0042576789855957
35|129|0.8611111111111112|0.0020124912261962|0.0044705867767333
35|130|0.8611111111111112|0.0020568370819091|0.004291296005249
35|131|0.8611111111111112|0.00205659866333|0.0045938491821289
35|132|0.8611111111111112|0.0020496845245361|0.0042986869812011
35|133|0.8611111111111112|0.0020794868469238|0.0042967796325683
35|134|0.8611111111111112|0.0020613670349121|0.004568338394165
35|135|0.8611111111111112|0.0020771026611328|0.004565954208374
35|136|0.8611111111111112|0.0020885467529296|0.0043246746063232
35|137|0.8611111111111112|0.0020990371704101|0.0045959949493408
35|138|0.8611111111111112|0.0021305084228515|0.0043387413024902
35|139|0.8611111111111112|0.0021252632141113|0.0043306350708007
38|20|0.7129629629629629|0.0012779235839843|
38|21|0.7962962962962963|0.0009820461273193|0.0013718605041503
38|22|0.7870370370370371|0.0010185241699218|0.0013759136199951
38|23|0.7870370370370371|0.0009841918945312|0.0013999938964843
38|24|0.7777777777777778|0.0010128021240234|0.0015239715576171
38|25|0.7314814814814815|0.0010063648223876|0.0015974044799804
38|26|0.75|0.0009922981262207|0.0015661716461181
38|27|0.7037037037037037|0.0010099411010742|0.0015621185302734
38|28|0.6944444444444444|0.0010175704956054|0.0016298294067382
38|29|0.7685185185185185|0.0010185241699218|0.0017237663269042
38|30|0.7314814814814815|0.0010280609130859|0.0017063617706298
38|31|0.7222222222222222|0.0010247230529785|0.0017693042755126
38|32|0.7407407407407407|0.0010335445404052|0.0017642974853515
38|33|0.7870370370370371|0.0010242462158203|0.0018877983093261
38|34|0.7777777777777778|0.001044750213623|0.0018889904022216
38|35|0.7314814814814815|0.0010626316070556|0.0018873214721679
38|36|0.7685185185185185|0.0010764598846435|0.0019090175628662
38|37|0.7870370370370371|0.0010671615600585|0.001965045928955
38|38|0.7685185185185185|0.0011124610900878|0.0020060539245605
38|39|0.7685185185185185|0.0010976791381835|0.0020654201507568
38|40|0.7685185185185185|0.0011138916015625|0.0021312236785888
38|41|0.7870370370370371|0.0010738372802734|0.0021510124206542
38|42|0.8055555555555556|0.0011467933654785|0.0021674633026123
38|43|0.7962962962962963|0.0011060237884521|0.0022037029266357
38|44|0.7962962962962963|0.0011229515075683|0.0022459030151367
38|45|0.8055555555555556|0.0011136531829833|0.0022530555725097
38|46|0.7962962962962963|0.0012083053588867|0.0023646354675292
38|47|0.8055555555555556|0.001176118850708|0.0023434162139892
38|48|0.7962962962962963|0.0011882781982421|0.0024261474609375
38|49|0.7870370370370371|0.0011487007141113|0.0024201869964599
38|50|0.7962962962962963|0.0011737346649169|0.0025935173034667
38|51|0.7777777777777778|0.0011675357818603|0.0026068687438964
38|52|0.7962962962962963|0.0012369155883789|0.0025842189788818
38|53|0.8055555555555556|0.0011816024780273|0.0027008056640625
38|54|0.8055555555555556|0.0012280941009521|0.0027544498443603
38|55|0.8055555555555556|0.0012171268463134|0.0027861595153808
38|56|0.8055555555555556|0.0012533664703369|0.0026891231536865
38|57|0.8055555555555556|0.0012226104736328|0.0027005672454833
38|58|0.8055555555555556|0.0012564659118652|0.0028917789459228
38|59|0.8055555555555556|0.0012621879577636|0.002826452255249
38|60|0.8148148148148148|0.0013067722320556|0.0028331279754638
38|61|0.7962962962962963|0.0012791156768798|0.002880573272705
38|62|0.7962962962962963|0.0013623237609863|0.0028960704803466
38|63|0.7777777777777778|0.0013232231140136|0.0029594898223876
38|64|0.7870370370370371|0.0013158321380615|0.0029149055480957
38|65|0.7962962962962963|0.00130295753479|0.0031509399414062
38|66|0.7962962962962963|0.0013120174407958|0.0031375885009765
38|67|0.7962962962962963|0.0013186931610107|0.0030214786529541
38|68|0.7962962962962963|0.0013365745544433|0.0032315254211425
38|69|0.7870370370370371|0.0013341903686523|0.0031759738922119
38|70|0.7962962962962963|0.0013825893402099|0.0030374526977539
38|71|0.7962962962962963|0.0013742446899414|0.0032222270965576
38|72|0.7962962962962963|0.0013887882232666|0.0032684803009033
38|73|0.7962962962962963|0.0014176368713378|0.0033841133117675
38|74|0.7962962962962963|0.0014145374298095|0.0033099651336669
38|75|0.7962962962962963|0.0014498233795166|0.0034706592559814
38|76|0.7962962962962963|0.0014545917510986|0.0034620761871337
38|77|0.7870370370370371|0.0014762878417968|0.0034420490264892
38|78|0.7870370370370371|0.0014772415161132|0.0036134719848632
38|79|0.7870370370370371|0.0015375614166259|0.0034356117248535
38|80|0.7870370370370371|0.0015277862548828|0.0035207271575927
38|81|0.7870370370370371|0.0015318393707275|0.0035324096679687
38|82|0.7777777777777778|0.0015439987182617|0.0036313533782958
38|83|0.7870370370370371|0.0015487670898437|0.0038137435913085
38|84|0.7777777777777778|0.001579999923706|0.0036537647247314
38|85|0.7777777777777778|0.0015833377838134|0.0036318302154541
38|86|0.7777777777777778|0.0026357173919677|0.0053589344024658
38|87|0.7777777777777778|0.0016767978668212|0.0039465427398681
38|88|0.7777777777777778|0.0016524791717529|0.0037243366241455
38|89|0.7777777777777778|0.0016562938690185|0.0036969184875488
38|90|0.7777777777777778|0.0016803741455078|0.0038659572601318
38|91|0.7777777777777778|0.0016868114471435|0.0038080215454101
38|92|0.7777777777777778|0.0017759799957275|0.0039505958557128
38|93|0.7777777777777778|0.0018198490142822|0.0038821697235107
38|94|0.7777777777777778|0.0018150806427001|0.0041325092315673
38|95|0.7777777777777778|0.0018205642700195|0.0041878223419189
38|96|0.7777777777777778|0.0017862319946289|0.0039343833923339
38|97|0.7777777777777778|0.0017719268798828|0.0040280818939208
38|98|0.7777777777777778|0.0017650127410888|0.0040221214294433
38|99|0.7777777777777778|0.0018210411071777|0.0038883686065673
38|100|0.7777777777777778|0.0018374919891357|0.0042669773101806
38|101|0.7777777777777778|0.001824140548706|0.0039329528808593
38|102|0.7777777777777778|0.0018174648284912|0.0042693614959716
38|103|0.7777777777777778|0.0018749237060546|0.00390625
38|104|0.7777777777777778|0.0018765926361083|0.0040018558502197
38|105|0.7870370370370371|0.001894474029541|0.0041501522064208
38|106|0.7777777777777778|0.0018744468688964|0.0041892528533935
38|107|0.7777777777777778|0.001932144165039|0.0039803981781005
38|108|0.7777777777777778|0.0018990039825439|0.0040972232818603
38|109|0.7777777777777778|0.0019128322601318|0.0041918754577636
38|110|0.7777777777777778|0.0019018650054931|0.0043091773986816
38|111|0.7777777777777778|0.0019686222076416|0.0040123462677001
38|112|0.7777777777777778|0.0019333362579345|0.0041213035583496
38|113|0.7777777777777778|0.0019211769104003|0.0041248798370361
38|114|0.7777777777777778|0.0019352436065673|0.0042245388031005
38|115|0.7777777777777778|0.0019452571868896|0.004441499710083
38|116|0.7777777777777778|0.0019559860229492|0.0043509006500244
38|117|0.7777777777777778|0.0019409656524658|0.0041429996490478
38|118|0.7777777777777778|0.0019817352294921|0.0044085979461669
38|119|0.7777777777777778|0.0019905567169189|0.0045390129089355
38|120|0.7777777777777778|0.0019912719726562|0.0041429996490478
38|121|0.7777777777777778|0.0020244121551513|0.0041391849517822
38|122|0.7777777777777778|0.0020158290863037|0.0041584968566894
38|123|0.7777777777777778|0.0020666122436523|0.004378318786621
38|124|0.7777777777777778|0.0020399093627929|0.0044095516204833
38|125|0.7777777777777778|0.0020456314086914|0.0041644573211669
38|126|0.7777777777777778|0.0020594596862792|0.0041701793670654
38|127|0.7777777777777778|0.0020551681518554|0.004249095916748
38|128|0.7777777777777778|0.0020523071289062|0.0042719841003417
38|129|0.7777777777777778|0.0020761489868164|0.0044918060302734
38|130|0.7777777777777778|0.0021171569824218|0.0041885375976562
38|131|0.7777777777777778|0.0020997524261474|0.0044267177581787
38|132|0.7777777777777778|0.0021300315856933|0.0044779777526855
38|133|0.7777777777777778|0.0021147727966308|0.0044691562652587
38|134|0.7777777777777778|0.0021350383758544|0.0046000480651855
38|135|0.7777777777777778|0.002143383026123|0.0045187473297119
38|136|0.7777777777777778|0.0021355152130126|0.0043647289276123
38|137|0.7777777777777778|0.002152681350708|0.004406452178955
38|138|0.7777777777777778|0.0021350383758544|0.0045959949493408
38|139|0.7777777777777778|0.002162218093872|0.0043854713439941
34|20|0.75|0.0016512870788574|
34|21|0.7407407407407407|0.000986099243164|0.0014021396636962
34|22|0.6759259259259259|0.0011730194091796|0.0013430118560791
34|23|0.7037037037037037|0.0009770393371582|0.001399278640747
34|24|0.6759259259259259|0.0011019706726074|0.0016050338745117
34|25|0.6851851851851852|0.000993013381958|0.0015044212341308
34|26|0.6481481481481481|0.0010290145874023|0.0014760494232177
34|27|0.7129629629629629|0.0010583400726318|0.0015234947204589
34|28|0.75|0.001035451889038|0.0016207695007324
34|29|0.7314814814814815|0.0010011196136474|0.0016508102416992
34|30|0.7685185185185185|0.0010473728179931|0.0016510486602783
34|31|0.7407407407407407|0.0010135173797607|0.0017004013061523
34|32|0.7407407407407407|0.0010552406311035|0.0017242431640625
34|33|0.7777777777777778|0.0009727478027343|0.0018882751464843
34|34|0.7407407407407407|0.001042366027832|0.001798391342163
34|35|0.7685185185185185|0.0010116100311279|0.0018818378448486
34|36|0.7777777777777778|0.0011518001556396|0.0020103454589843
34|37|0.7962962962962963|0.001030683517456|0.0019741058349609
34|38|0.8148148148148148|0.0011906623840332|0.0020210742950439
34|39|0.8240740740740741|0.0010042190551757|0.0019586086273193
34|40|0.8240740740740741|0.0011658668518066|0.0020308494567871
34|41|0.8055555555555556|0.0010068416595458|0.0020411014556884
34|42|0.8055555555555556|0.0011887550354003|0.0020713806152343
34|43|0.8148148148148148|0.0010325908660888|0.0022642612457275
34|44|0.7962962962962963|0.0011851787567138|0.0022399425506591
34|45|0.8148148148148148|0.0010542869567871|0.0023427009582519
34|46|0.8148148148148148|0.0019781589508056|0.0035042762756347
34|47|0.8148148148148148|0.0017623901367187|0.0042126178741455
34|48|0.7962962962962963|0.0020079612731933|0.0042498111724853
34|49|0.7962962962962963|0.0017745494842529|0.004349946975708
34|50|0.8055555555555556|0.0020036697387695|0.0044136047363281
34|51|0.8148148148148148|0.0018315315246582|0.0044806003570556
34|52|0.8148148148148148|0.0012421607971191|0.0025908946990966
34|53|0.8055555555555556|0.0011205673217773|0.0026814937591552
34|54|0.8055555555555556|0.0012319087982177|0.0027942657470703
34|55|0.8333333333333334|0.0011730194091796|0.0027594566345214
34|56|0.8148148148148148|0.0012726783752441|0.0027551651000976
34|57|0.8148148148148148|0.0011432170867919|0.0027174949645996
34|58|0.8148148148148148|0.0013039112091064|0.0026865005493164
34|59|0.8240740740740741|0.0011389255523681|0.0029284954071044
34|60|0.8518518518518519|0.0013353824615478|0.0033414363861083
34|61|0.8425925925925926|0.0011589527130126|0.0027999877929687
34|62|0.8425925925925926|0.0012950897216796|0.0028719902038574
34|63|0.8055555555555556|0.0011787414550781|0.0027735233306884
34|64|0.8333333333333334|0.0011875629425048|0.0029544830322265
34|65|0.8333333333333334|0.0011787414550781|0.0029168128967285
34|66|0.8148148148148148|0.0011928081512451|0.0031418800354003
34|67|0.8240740740740741|0.0012741088867187|0.0030064582824707
34|68|0.8240740740740741|0.0012192726135253|0.0031659603118896
34|69|0.8240740740740741|0.0012471675872802|0.0032150745391845
34|70|0.8240740740740741|0.0012471675872802|0.003084659576416
34|71|0.8333333333333334|0.0012609958648681|0.003141164779663
34|72|0.8240740740740741|0.0012633800506591|0.0031783580780029
34|73|0.8240740740740741|0.0012903213500976|0.0033926963806152
34|74|0.8240740740740741|0.0013070106506347|0.003220796585083
34|75|0.8425925925925926|0.0013337135314941|0.0031583309173583
34|76|0.8425925925925926|0.0013420581817626|0.003206729888916
34|77|0.8333333333333334|0.0013644695281982|0.0034654140472412
34|78|0.8333333333333334|0.0013704299926757|0.0035982131958007
34|79|0.8518518518518519|0.0013797283172607|0.0035710334777832
34|80|0.8518518518518519|0.0013937950134277|0.0034971237182617
34|81|0.8425925925925926|0.0018184185028076|0.0036146640777587
34|82|0.8425925925925926|0.0014903545379638|0.003396987915039
34|83|0.8333333333333334|0.0014939308166503|0.0035877227783203
34|84|0.8333333333333334|0.0014753341674804|0.0035598278045654
34|85|0.8333333333333334|0.001563549041748|0.0037410259246826
34|86|0.8148148148148148|0.0015227794647216|0.0035064220428466
34|87|0.8240740740740741|0.0016133785247802|0.0035929679870605
34|88|0.8240740740740741|0.0015077590942382|0.0036768913269042
34|89|0.8333333333333334|0.0015318393707275|0.0038611888885498
34|90|0.8518518518518519|0.0015416145324707|0.0036299228668212
34|91|0.8518518518518519|0.0016202926635742|0.0036790370941162
34|92|0.8425925925925926|0.0015845298767089|0.0039255619049072
34|93|0.8611111111111112|0.0015995502471923|0.0040814876556396
34|94|0.8703703703703703|0.0016052722930908|0.0038990974426269
34|95|0.8703703703703703|0.0016696453094482|0.0040562152862548
34|96|0.8703703703703703|0.0016641616821289|0.0039145946502685
34|97|0.8703703703703703|0.0016849040985107|0.0039422512054443
34|98|0.8611111111111112|0.0016798973083496|0.0038461685180664
34|99|0.8611111111111112|0.001732587814331|0.0041203498840332
34|100|0.8611111111111112|0.0017638206481933|0.0041327476501464
34|101|0.8611111111111112|0.0017428398132324|0.0040688514709472
34|102|0.8611111111111112|0.0017683506011962|0.0039846897125244
34|103|0.8611111111111112|0.0029573440551757|0.0073635578155517
34|104|0.8611111111111112|0.0028889179229736|0.0074303150177001
34|105|0.8611111111111112|0.002969741821289|0.007436990737915
34|106|0.8611111111111112|0.0018794536590576|0.006098985671997
34|107|0.8611111111111112|0.0018155574798583|0.0040974617004394
34|108|0.8611111111111112|0.0018351078033447|0.0042002201080322
34|109|0.8611111111111112|0.0018234252929687|0.0043137073516845
34|110|0.8611111111111112|0.0018582344055175|0.0042314529418945
34|111|0.8611111111111112|0.0019021034240722|0.0042343139648437
34|112|0.8611111111111112|0.001849889755249|0.0042757987976074
34|113|0.8611111111111112|0.0018684864044189|0.004364013671875
34|114|0.8611111111111112|0.0018558502197265|0.0043802261352539
34|115|0.8611111111111112|0.00189208984375|0.0042817592620849
34|116|0.8611111111111112|0.0018634796142578|0.0043122768402099
34|117|0.8611111111111112|0.0018808841705322|0.0045273303985595
34|118|0.8611111111111112|0.001887559890747|0.0047163963317871
34|119|0.8611111111111112|0.0019285678863525|0.0045747756958007
34|120|0.8611111111111112|0.0018825531005859|0.0041847229003906
34|121|0.8611111111111112|0.0019009113311767|0.0045816898345947
34|122|0.8611111111111112|0.0019347667694091|0.0044913291931152
34|123|0.8611111111111112|0.0019338130950927|0.0044333934783935
34|124|0.8611111111111112|0.0019257068634033|0.0043182373046875
34|125|0.8611111111111112|0.0019474029541015|0.0044445991516113
34|126|0.8611111111111112|0.003087043762207|0.004812479019165
34|127|0.8611111111111112|0.0031404495239257|0.0078439712524414
34|128|0.8611111111111112|0.0030930042266845|0.0078494548797607
34|129|0.8611111111111112|0.0031232833862304|0.0078425407409667
34|130|0.8611111111111112|0.0020265579223632|0.0044968128204345
34|131|0.8611111111111112|0.0020153522491455|0.0044045448303222
34|132|0.8611111111111112|0.0019948482513427|0.0043017864227294
34|133|0.8611111111111112|0.0020363330841064|0.0044224262237548
34|134|0.8611111111111112|0.00205659866333|0.0042953491210937
34|135|0.8611111111111112|0.0020465850830078|0.004542589187622
34|136|0.8611111111111112|0.0020296573638916|0.0045304298400878
34|137|0.8611111111111112|0.0020337104797363|0.0043098926544189
34|138|0.8611111111111112|0.0020413398742675|0.0044295787811279
34|139|0.8611111111111112|0.0020234584808349|0.0045390129089355
36|141|0.8055555555555556|0.0021553039550781|0.0043027400970458
36|142|0.8055555555555556|0.0021412372589111|0.0043654441833496
36|143|0.8055555555555556|0.0021789073944091|0.0043399333953857
36|144|0.8055555555555556|0.0021591186523437|0.00431489944458
36|145|0.8055555555555556|0.002173900604248|0.0043425559997558
36|146|0.8055555555555556|0.0022070407867431|0.0043141841888427
36|147|0.8055555555555556|0.0021998882293701|0.0043258666992187
36|148|0.8055555555555556|0.0022237300872802|0.0044872760772705
36|149|0.8055555555555556|0.0022084712982177|0.0043287277221679
36|150|0.8055555555555556|0.0021975040435791|0.0043444633483886
36|151|0.8055555555555556|0.0022141933441162|0.0043559074401855
36|152|0.8055555555555556|0.0022146701812744|0.0043427944183349
36|153|0.8055555555555556|0.002227783203125|0.0043580532073974
36|154|0.8055555555555556|0.00225830078125|0.0043549537658691
36|155|0.8055555555555556|0.00225830078125|0.0044634342193603
36|156|0.8055555555555556|0.002256155014038|0.0043890476226806
36|157|0.8055555555555556|0.0023286342620849|0.0044257640838623
36|158|0.8055555555555556|0.0022735595703125|0.004343032836914
36|159|0.8055555555555556|0.0022928714752197|0.0044348239898681
36|160|0.8055555555555556|0.002288818359375|0.0045626163482666
36|161|0.8055555555555556|0.0022921562194824|0.0043509006500244
36|162|0.8055555555555556|0.0022761821746826|0.0043623447418212
31|140|0.8240740740740741|0.00242280960083|0.0044119358062744
31|141|0.8240740740740741|0.0023596286773681|0.0044841766357421
31|142|0.8240740740740741|0.0023794174194335|0.0045628547668457
31|143|0.8240740740740741|0.0023880004882812|0.0044934749603271
31|144|0.8240740740740741|0.0024201869964599|0.0045382976531982
31|145|0.8240740740740741|0.0024077892303466|0.004530906677246
31|146|0.8240740740740741|0.0024197101593017|0.0044991970062255
31|147|0.8240740740740741|0.0024688243865966|0.0045535564422607
31|148|0.8240740740740741|0.002455711364746|0.0044472217559814
31|149|0.8240740740740741|0.002455711364746|0.0047535896301269
31|150|0.8240740740740741|0.0024735927581787|0.0045323371887207
31|151|0.8240740740740741|0.0025405883789062|0.0045375823974609
31|152|0.8240740740740741|0.0025136470794677|0.0045228004455566
31|153|0.8240740740740741|0.0025367736816406|0.0047264099121093
31|154|0.8240740740740741|0.002542495727539|0.0045728683471679
31|155|0.8240740740740741|0.0025780200958251|0.0045034885406494
31|156|0.8240740740740741|0.0024893283843994|0.0045750141143798
31|157|0.8240740740740741|0.002497911453247|0.004631757736206
31|158|0.8240740740740741|0.0025160312652587|0.0045828819274902
31|159|0.8240740740740741|0.0025458335876464|0.004751443862915
31|160|0.8240740740740741|0.0025331974029541|0.0045006275177001
31|161|0.8240740740740741|0.0025627613067626|0.004582405090332
31|162|0.8240740740740741|0.0025599002838134|0.0045962333679199
33|140|0.8425925925925926|0.0021784305572509|0.0043284893035888
33|141|0.8425925925925926|0.00215744972229|0.0044174194335937
33|142|0.8425925925925926|0.0022017955780029|0.0043809413909912
33|143|0.8425925925925926|0.002211570739746|0.0044560432434082
33|144|0.8425925925925926|0.0021977424621582|0.0043830871582031
33|145|0.8425925925925926|0.0021901130676269|0.0044074058532714
33|146|0.8425925925925926|0.0021684169769287|0.0043933391571044
33|147|0.8425925925925926|0.0021924972534179|0.004786729812622
33|148|0.8425925925925926|0.0021770000457763|0.0044095516204833
33|149|0.8425925925925926|0.0022163391113281|0.0043849945068359
33|150|0.8425925925925926|0.0022304058074951|0.0044000148773193
33|151|0.8425925925925926|0.0022048950195312|0.0046005249023437
33|152|0.8425925925925926|0.0022151470184326|0.0046367645263671
33|153|0.8425925925925926|0.0022571086883544|0.0045080184936523
33|154|0.8425925925925926|0.0022320747375488|0.0046277046203613
33|155|0.8425925925925926|0.0022592544555664|0.0044121742248535
33|156|0.8425925925925926|0.0022516250610351|0.0046703815460205
33|157|0.8425925925925926|0.0022599697113037|0.0044000148773193
33|158|0.8425925925925926|0.0022716522216796|0.0043959617614746
33|159|0.8425925925925926|0.0022802352905273|0.0046601295471191
33|160|0.8425925925925926|0.0022892951965332|0.0043947696685791
33|161|0.8425925925925926|0.0022788047790527|0.004615306854248
33|162|0.8425925925925926|0.0023956298828125|0.0045890808105468
32|140|0.8518518518518519|0.002274751663208|0.0045969486236572
32|141|0.8518518518518519|0.0022499561309814|0.0043632984161376
32|142|0.8518518518518519|0.0022916793823242|0.004343032836914
32|143|0.8518518518518519|0.0022797584533691|0.004479169845581
32|144|0.8518518518518519|0.0022904872894287|0.0043714046478271
32|145|0.8518518518518519|0.0023205280303955|0.0043528079986572
32|146|0.8611111111111112|0.0022993087768554|0.0043764114379882
32|147|0.8611111111111112|0.0023293495178222|0.0044136047363281
32|148|0.8611111111111112|0.0023636817932128|0.0046713352203369
32|149|0.8611111111111112|0.0023293495178222|0.0043907165527343
32|150|0.8611111111111112|0.0023536682128906|0.004622459411621
32|151|0.8611111111111112|0.0023717880249023|0.0047781467437744
32|152|0.8611111111111112|0.0024046897888183|0.0044002532958984
32|153|0.8611111111111112|0.0023872852325439|0.0046813488006591
32|154|0.8611111111111112|0.0023953914642333|0.0044813156127929
32|155|0.8611111111111112|0.0024211406707763|0.0047085285186767
32|156|0.8611111111111112|0.0024330615997314|0.0045006275177001
32|157|0.8611111111111112|0.0024168491363525|0.0046319961547851
32|158|0.8611111111111112|0.0024447441101074|0.004547119140625
32|159|0.8611111111111112|0.0024621486663818|0.0045514106750488
32|160|0.8611111111111112|0.0024607181549072|0.0046947002410888
32|161|0.8611111111111112|0.0024552345275878|0.0045027732849121
32|162|0.8611111111111112|0.0025577545166015|0.0047564506530761
30|140|0.8518518518518519|0.0022838115692138|0.0043442249298095
30|141|0.8518518518518519|0.0022797584533691|0.0044565200805664
30|142|0.8518518518518519|0.002272605895996|0.0045127868652343
30|143|0.8425925925925926|0.0022714138031005|0.0043869018554687
30|144|0.8425925925925926|0.0022552013397216|0.0045490264892578
30|145|0.8425925925925926|0.0022554397583007|0.0044419765472412
30|146|0.8425925925925926|0.0022716522216796|0.0045001506805419
30|147|0.8425925925925926|0.0022854804992675|0.0046296119689941
30|148|0.8425925925925926|0.0022919178009033|0.0044126510620117
30|149|0.8425925925925926|0.0023088455200195|0.0043854713439941
30|150|0.8425925925925926|0.0022807121276855|0.0046119689941406
30|151|0.8425925925925926|0.0023002624511718|0.0045845508575439
30|152|0.8425925925925926|0.0023334026336669|0.004392385482788
30|153|0.8425925925925926|0.002389907836914|0.004460334777832
30|154|0.8425925925925926|0.0023849010467529|0.0046885013580322
30|155|0.8425925925925926|0.0024342536926269|0.0044035911560058
30|156|0.8425925925925926|0.0023994445800781|0.0046074390411376
30|157|0.8425925925925926|0.0024051666259765|0.0044324398040771
30|158|0.8425925925925926|0.0024006366729736|0.0044260025024414
30|159|0.8425925925925926|0.0023927688598632|0.004502534866333
30|160|0.8425925925925926|0.0023951530456542|0.0045347213745117
30|161|0.8425925925925926|0.0024805068969726|0.0044806003570556
30|162|0.8425925925925926|0.0025937557220458|0.0046467781066894
39|140|0.8240740740740741|0.0021462440490722|0.0043225288391113
39|141|0.8240740740740741|0.0021910667419433|0.0043072700500488
39|142|0.8240740740740741|0.0021553039550781|0.0043022632598876
39|143|0.8240740740740741|0.0021696090698242|0.0044629573822021
39|144|0.8240740740740741|0.0022003650665283|0.004373550415039
39|145|0.8240740740740741|0.0021858215332031|0.0043280124664306
39|146|0.8240740740740741|0.0021889209747314|0.0043399333953857
39|147|0.8240740740740741|0.0022015571594238|0.0043401718139648
39|148|0.8240740740740741|0.0022113323211669|0.0043585300445556
39|149|0.8240740740740741|0.0022463798522949|0.0045466423034667
39|150|0.8240740740740741|0.002225637435913|0.0043818950653076
39|151|0.8240740740740741|0.0022289752960205|0.0043528079986572
39|152|0.8333333333333334|0.0023424625396728|0.0043311119079589
39|153|0.8333333333333334|0.0023365020751953|0.004387617111206
39|154|0.8333333333333334|0.0023396015167236|0.0044143199920654
39|155|0.8333333333333334|0.0023474693298339|0.0044214725494384
39|156|0.8148148148148148|0.0023844242095947|0.0044097900390625
39|157|0.8148148148148148|0.0023825168609619|0.0044853687286376
39|158|0.8148148148148148|0.0023810863494873|0.0044319629669189
39|159|0.8148148148148148|0.0024821758270263|0.004465103149414
39|160|0.8148148148148148|0.0025575160980224|0.0044412612915039
39|161|0.8148148148148148|0.002662181854248|0.0045092105865478
39|162|0.8148148148148148|0.0026173591613769|0.0044729709625244
37|139|0.8333333333333334|0.0021669864654541|0.0044934749603271
37|140|0.8333333333333334|0.0021843910217285|0.0043563842773437
37|141|0.8333333333333334|0.0022099018096923|0.00431489944458
37|142|0.8333333333333334|0.0021758079528808|0.0043616294860839
37|143|0.8333333333333334|0.0022082328796386|0.0043582916259765
37|144|0.8333333333333334|0.0021984577178955|0.0043463706970214
37|145|0.8333333333333334|0.0022306442260742|0.0043616294860839
37|146|0.8333333333333334|0.0022590160369873|0.0043509006500244
37|147|0.8333333333333334|0.0022706985473632|0.004493236541748
37|148|0.8333333333333334|0.0022761821746826|0.004486083984375
37|149|0.8333333333333334|0.0022933483123779|0.0044112205505371
37|150|0.8333333333333334|0.0023233890533447|0.0043907165527343
37|151|0.8333333333333334|0.0022902488708496|0.0044023990631103
37|152|0.8333333333333334|0.0023064613342285|0.004410982131958
37|153|0.8333333333333334|0.0023491382598876|0.0043935775756835
37|154|0.8333333333333334|0.0023169517517089|0.0044236183166503
37|155|0.8333333333333334|0.0023369789123535|0.00443696975708
37|156|0.8333333333333334|0.0023665428161621|0.0044240951538085
37|157|0.8333333333333334|0.0023701190948486|0.0043954849243164
37|158|0.8333333333333334|0.0024728775024414|0.0044336318969726
37|159|0.8333333333333334|0.0025303363800048|0.0045881271362304
37|160|0.8333333333333334|0.0026676654815673|0.004622459411621
37|161|0.8333333333333334|0.0025761127471923|0.0045349597930908
37|162|0.8333333333333334|0.0026671886444091|0.0044257640838623
35|140|0.8611111111111112|0.002122163772583|0.0046000480651855
35|141|0.8611111111111112|0.0021495819091796|0.004617691040039
35|142|0.8611111111111112|0.0021688938140869|0.0043535232543945
35|143|0.8611111111111112|0.0021617412567138|0.0047152042388916
35|144|0.8611111111111112|0.0021519660949707|0.0043554306030273
35|145|0.8611111111111112|0.0021591186523437|0.0043673515319824
35|146|0.8611111111111112|0.0021729469299316|0.0046782493591308
35|147|0.8611111111111112|0.0021584033966064|0.0046255588531494
35|148|0.8611111111111112|0.0021719932556152|0.0043778419494628
35|149|0.8611111111111112|0.0021824836730957|0.0045225620269775
35|150|0.8611111111111112|0.0021684169769287|0.0043721199035644
35|151|0.8611111111111112|0.0022177696228027|0.0043814182281494
35|152|0.8611111111111112|0.0022544860839843|0.0048067569732666
35|153|0.8611111111111112|0.0022263526916503|0.0047762393951416
35|154|0.8611111111111112|0.0022642612457275|0.0043959617614746
35|155|0.8611111111111112|0.0022380352020263|0.0046422481536865
35|156|0.8611111111111112|0.0022599697113037|0.0044307708740234
35|157|0.8611111111111112|0.0023651123046875|0.0044159889221191
35|158|0.8611111111111112|0.0023915767669677|0.0046160221099853
35|159|0.8611111111111112|0.002511978149414|0.0052037239074707
35|160|0.8611111111111112|0.0025346279144287|0.0045735836029052
35|161|0.8611111111111112|0.002516746520996|0.0048110485076904
35|162|0.8611111111111112|0.0025146007537841|0.0044753551483154
38|140|0.7777777777777778|0.0021436214447021|0.0043613910675048
38|141|0.7777777777777778|0.0021486282348632|0.0046107769012451
38|142|0.7777777777777778|0.0021679401397705|0.0043473243713378
38|143|0.7777777777777778|0.0021889209747314|0.0044736862182617
38|144|0.7777777777777778|0.0021898746490478|0.004302978515625
38|145|0.7777777777777778|0.002197265625|0.0044887065887451
38|146|0.7777777777777778|0.0022315979003906|0.0043606758117675
38|147|0.7870370370370371|0.0022532939910888|0.0044817924499511
38|148|0.7870370370370371|0.0022895336151123|0.0044631958007812
38|149|0.7870370370370371|0.0022697448730468|0.0045046806335449
38|150|0.7870370370370371|0.0022413730621337|0.0044996738433837
38|151|0.7870370370370371|0.0022552013397216|0.0045108795166015
38|152|0.7870370370370371|0.0023763179779052|0.0046803951263427
38|153|0.7870370370370371|0.0023012161254882|0.0045685768127441
38|154|0.7870370370370371|0.0023465156555175|0.0044615268707275
38|155|0.7870370370370371|0.0024111270904541|0.0046544075012207
38|156|0.7870370370370371|0.0025770664215087|0.0044777393341064
38|157|0.7870370370370371|0.0026459693908691|0.0046355724334716
38|158|0.7870370370370371|0.002673864364624|0.004645824432373
38|159|0.7870370370370371|0.0025465488433837|0.0044050216674804
38|160|0.7870370370370371|0.0023055076599121|0.0043056011199951
38|161|0.7870370370370371|0.002335786819458|0.0043408870697021
38|162|0.7870370370370371|0.002227783203125|0.0041770935058593
34|140|0.8611111111111112|0.0020515918731689|0.0043203830718994
34|141|0.8611111111111112|0.0020732879638671|0.0044384002685546
34|142|0.8611111111111112|0.0021314620971679|0.0046584606170654
34|143|0.8611111111111112|0.0021131038665771|0.0043323040008544
34|144|0.8611111111111112|0.0021183490753173|0.0043807029724121
34|145|0.8611111111111112|0.0021333694458007|0.004523754119873
34|146|0.8611111111111112|0.002448558807373|0.0045478343963623
34|147|0.8611111111111112|0.0023601055145263|0.0043821334838867
34|148|0.8611111111111112|0.0036787986755371|0.0045795440673828
34|149|0.8611111111111112|0.0025022029876708|0.004418134689331
34|150|0.8611111111111112|0.0023462772369384|0.004528522491455
34|151|0.8611111111111112|0.0024988651275634|0.0060977935791015
34|152|0.8611111111111112|0.0025849342346191|0.0042297840118408
34|153|0.8611111111111112|0.0025312900543212|0.0044193267822265
34|154|0.8611111111111112|0.0036842823028564|0.0046095848083496
34|155|0.8611111111111112|0.0036680698394775|0.0079584121704101
34|156|0.8611111111111112|0.0031745433807373|0.0075070858001708
34|157|0.8611111111111112|0.0028908252716064|0.0073935985565185
34|158|0.8611111111111112|0.0020766258239746|0.0041408538818359
34|159|0.8611111111111112|0.0031664371490478|0.0044834613800048
34|160|0.8611111111111112|0.0021157264709472|0.004101276397705
34|161|0.8611111111111112|0.0020596981048583|0.0041899681091308
34|162|0.8611111111111112|0.0022706985473632|0.0044121742248535
41|20|0.7962962962962963|0.0012874603271484|
41|21|0.8611111111111112|0.0009548664093017|0.0013232231140136
41|22|0.8148148148148148|0.0009958744049072|0.0014042854309082
41|23|0.8240740740740741|0.0009448528289794|0.0014245510101318
41|24|0.8055555555555556|0.0010631084442138|0.0014290809631347
41|25|0.7870370370370371|0.0009670257568359|0.0015027523040771
41|26|0.7962962962962963|0.0010144710540771|0.0015666484832763
41|27|0.7870370370370371|0.0010249614715576|0.0015721321105957
41|28|0.7407407407407407|0.0010039806365966|0.0016577243804931
41|29|0.7592592592592593|0.0009946823120117|0.001697301864624
41|30|0.7962962962962963|0.001009464263916|0.001708984375
41|31|0.7962962962962963|0.0009903907775878|0.0017688274383544
41|32|0.8333333333333334|0.0009925365447998|0.0018513202667236
41|33|0.8333333333333334|0.0009887218475341|0.0018677711486816
41|34|0.8425925925925926|0.0010113716125488|0.0019190311431884
41|35|0.8333333333333334|0.0010080337524414|0.0019214153289794
41|36|0.8240740740740741|0.0010318756103515|0.001880407333374
41|37|0.8240740740740741|0.0010135173797607|0.0020544528961181
41|38|0.8148148148148148|0.0010828971862792|0.0020844936370849
41|39|0.7962962962962963|0.0010368824005126|0.0020718574523925
41|40|0.8148148148148148|0.0010793209075927|0.0020902156829833
41|41|0.8333333333333334|0.0010380744934082|0.0021610260009765
41|42|0.8518518518518519|0.0010769367218017|0.0022308826446533
41|43|0.8518518518518519|0.0010769367218017|0.0021893978118896
41|44|0.8611111111111112|0.0010781288146972|0.0022788047790527
41|45|0.8703703703703703|0.001049518585205|0.0023133754730224
41|46|0.8518518518518519|0.0011394023895263|0.0024390220642089
41|47|0.8611111111111112|0.0010840892791748|0.0023427009582519
41|48|0.8888888888888888|0.0011539459228515|0.0023610591888427
41|49|0.8981481481481481|0.001084566116333|0.0023705959320068
41|50|0.8703703703703703|0.001129150390625|0.0025181770324707
41|51|0.8981481481481481|0.0011003017425537|0.0025298595428466
41|52|0.9074074074074074|0.0011370182037353|0.0025217533111572
41|53|0.8981481481481481|0.0011272430419921|0.0024852752685546
41|54|0.8888888888888888|0.0011465549468994|0.0026960372924804
41|55|0.8703703703703703|0.0011591911315917|0.0026378631591796
41|56|0.8796296296296297|0.0011839866638183|0.0026788711547851
41|57|0.8888888888888888|0.0011758804321289|0.0027873516082763
41|58|0.8611111111111112|0.0011906623840332|0.0027449131011962
41|59|0.8611111111111112|0.00120210647583|0.0027534961700439
41|60|0.8703703703703703|0.0012423992156982|0.00278902053833
41|61|0.9074074074074074|0.0011870861053466|0.0029268264770507
41|62|0.8981481481481481|0.0012402534484863|0.00299072265625
41|63|0.9074074074074074|0.0012121200561523|0.0029048919677734
41|64|0.8981481481481481|0.0012345314025878|0.00291109085083
41|65|0.8981481481481481|0.0012099742889404|0.0029060840606689
41|66|0.8981481481481481|0.0012521743774414|0.0031230449676513
41|67|0.9074074074074074|0.0012824535369873|0.0030658245086669
41|68|0.8888888888888888|0.0012581348419189|0.0031008720397949
41|69|0.8796296296296297|0.0012791156768798|0.003284215927124
41|70|0.8796296296296297|0.0012814998626708|0.0031862258911132
41|71|0.8796296296296297|0.0013115406036376|0.0032570362091064
41|72|0.8796296296296297|0.0012962818145751|0.0032331943511962
41|73|0.8888888888888888|0.0013210773468017|0.003279685974121
41|74|0.8888888888888888|0.0013577938079833|0.0032956600189208
41|75|0.8888888888888888|0.0013697147369384|0.0033388137817382
41|76|0.8888888888888888|0.0013678073883056|0.0033590793609619
41|77|0.8888888888888888|0.0013573169708251|0.0032992362976074
41|78|0.9074074074074074|0.0013577938079833|0.0033285617828369
41|79|0.8888888888888888|0.0013728141784667|0.0033559799194335
41|80|0.8888888888888888|0.0013551712036132|0.0036108493804931
41|81|0.8981481481481481|0.0013659000396728|0.0033919811248779
41|82|0.8888888888888888|0.0013916492462158|0.0034749507904052
41|83|0.8518518518518519|0.0014331340789794|0.0035161972045898
41|84|0.8796296296296297|0.0014138221740722|0.0037217140197753
41|85|0.8611111111111112|0.0014410018920898|0.003577709197998
41|86|0.8611111111111112|0.0014479160308837|0.0036077499389648
41|87|0.8703703703703703|0.0014984607696533|0.0036101341247558
41|88|0.8703703703703703|0.0014801025390625|0.0036454200744628
41|89|0.8703703703703703|0.0014867782592773|0.0036823749542236
41|90|0.8703703703703703|0.0015370845794677|0.003892183303833
41|91|0.8703703703703703|0.0015485286712646|0.0037522315979003
41|92|0.8703703703703703|0.0016009807586669|0.0037519931793212
41|93|0.8796296296296297|0.0015792846679687|0.0037977695465087
41|94|0.8796296296296297|0.0016117095947265|0.0038306713104248
41|95|0.8796296296296297|0.0016469955444335|0.0040018558502197
41|96|0.8796296296296297|0.0016384124755859|0.0038440227508544
41|97|0.8703703703703703|0.0016393661499023|0.0040655136108398
41|98|0.8703703703703703|0.0017106533050537|0.0039424896240234
41|99|0.8703703703703703|0.0017225742340087|0.004023790359497
41|100|0.8796296296296297|0.0017220973968505|0.0038824081420898
41|101|0.8796296296296297|0.0017225742340087|0.00392746925354
41|102|0.8703703703703703|0.001746654510498|0.0041477680206298
41|103|0.8703703703703703|0.0017600059509277|0.0039689540863037
41|104|0.8796296296296297|0.0017848014831542|0.003965139389038
41|105|0.8796296296296297|0.0018024444580078|0.0041608810424804
41|106|0.8796296296296297|0.0018472671508789|0.0040771961212158
41|107|0.8796296296296297|0.0018060207366943|0.004185676574707
41|108|0.8796296296296297|0.0018336772918701|0.0041759014129638
41|109|0.8796296296296297|0.0018234252929687|0.00423264503479
41|110|0.8796296296296297|0.0018367767333984|0.0041160583496093
41|111|0.8796296296296297|0.0018343925476074|0.0042572021484375
41|112|0.8796296296296297|0.001845359802246|0.0042345523834228
41|113|0.8796296296296297|0.0018596649169921|0.0041935443878173
41|114|0.8796296296296297|0.00191330909729|0.0042753219604492
41|115|0.8796296296296297|0.0018801689147949|0.0042576789855957
41|116|0.8796296296296297|0.0019164085388183|0.0042552947998046
41|117|0.8796296296296297|0.0018858909606933|0.0043492317199707
41|118|0.8796296296296297|0.0019524097442626|0.0043475627899169
41|119|0.8796296296296297|0.0019862651824951|0.0043721199035644
41|120|0.8796296296296297|0.0019536018371582|0.0044255256652832
41|121|0.8796296296296297|0.0019426345825195|0.0042042732238769
41|122|0.8796296296296297|0.0019586086273193|0.0043764114379882
41|123|0.8796296296296297|0.002000093460083|0.0045249462127685
41|124|0.8796296296296297|0.0019712448120117|0.004237413406372
41|125|0.8796296296296297|0.0019845962524414|0.0045714378356933
41|126|0.8796296296296297|0.0020465850830078|0.0042288303375244
41|127|0.8796296296296297|0.002009630203247|0.0042660236358642
41|128|0.8796296296296297|0.002044677734375|0.0044343471527099
41|129|0.8796296296296297|0.0020656585693359|0.0043201446533203
41|130|0.8796296296296297|0.0021007061004638|0.0044231414794921
41|131|0.8796296296296297|0.002120018005371|0.00462007522583
41|132|0.8796296296296297|0.0020995140075683|0.0044531822204589
41|133|0.8796296296296297|0.002143383026123|0.0043597221374511
41|134|0.8796296296296297|0.0021474361419677|0.0046279430389404
41|135|0.8796296296296297|0.0021233558654785|0.0043349266052246
41|136|0.8796296296296297|0.0021603107452392|0.0043590068817138
41|137|0.8796296296296297|0.00217866897583|0.0045795440673828
41|138|0.8796296296296297|0.0021731853485107|0.0046565532684326
41|139|0.8796296296296297|0.0021839141845703|0.0044002532958984
43|20|0.7777777777777778|0.0012388229370117|
43|21|0.8240740740740741|0.0009422302246093|0.0013086795806884
43|22|0.8611111111111112|0.0010056495666503|0.0013246536254882
43|23|0.8425925925925926|0.0009377002716064|0.0013813972473144
43|24|0.8425925925925926|0.0009872913360595|0.0014169216156005
43|25|0.8333333333333334|0.0009615421295166|0.0014777183532714
43|26|0.8518518518518519|0.0009751319885253|0.0015108585357666
43|27|0.8611111111111112|0.0009543895721435|0.001561164855957
43|28|0.8518518518518519|0.000978946685791|0.001572847366333
43|29|0.8518518518518519|0.0009822845458984|0.0016329288482666
43|30|0.8518518518518519|0.0009782314300537|0.0016813278198242
43|31|0.8518518518518519|0.0009739398956298|0.0017004013061523
43|32|0.8333333333333334|0.0009737014770507|0.0017225742340087
43|33|0.8148148148148148|0.0010077953338623|0.0017502307891845
43|34|0.8333333333333334|0.0009841918945312|0.0018308162689208
43|35|0.8611111111111112|0.0009880065917968|0.0018532276153564
43|36|0.8333333333333334|0.0010278224945068|0.001880407333374
43|37|0.8240740740740741|0.0010013580322265|0.001943826675415
43|38|0.8240740740740741|0.0010485649108886|0.0019686222076416
43|39|0.8333333333333334|0.0010111331939697|0.0019831657409667
43|40|0.8148148148148148|0.0010569095611572|0.002049446105957
43|41|0.8333333333333334|0.001016616821289|0.0020537376403808
43|42|0.8240740740740741|0.0010406970977783|0.0020873546600341
43|43|0.8333333333333334|0.0010304450988769|0.0021462440490722
43|44|0.8240740740740741|0.0010807514190673|0.0022280216217041
43|45|0.8240740740740741|0.0010280609130859|0.0022392272949218
43|46|0.8240740740740741|0.0010910034179687|0.0022592544555664
43|47|0.8148148148148148|0.0010576248168945|0.0023291110992431
43|48|0.8240740740740741|0.0010967254638671|0.002366304397583
43|49|0.8240740740740741|0.0010788440704345|0.0024025440216064
43|50|0.8240740740740741|0.0011050701141357|0.0024144649505615
43|51|0.8333333333333334|0.0010895729064941|0.0024614334106445
43|52|0.8333333333333334|0.0011234283447265|0.0025339126586914
43|53|0.8333333333333334|0.0011043548583984|0.0025310516357421
43|54|0.8333333333333334|0.0011332035064697|0.002558946609497
43|55|0.8333333333333334|0.0011248588562011|0.002582311630249
43|56|0.8333333333333334|0.0011594295501708|0.002643346786499
43|57|0.8425925925925926|0.0011324882507324|0.0026888847351074
43|58|0.8703703703703703|0.0011858940124511|0.0026767253875732
43|59|0.8518518518518519|0.0011546611785888|0.0027532577514648
43|60|0.8703703703703703|0.0011966228485107|0.0027434825897216
43|61|0.8518518518518519|0.001169204711914|0.0028440952301025
43|62|0.8518518518518519|0.0012264251708984|0.0028254985809326
43|63|0.8611111111111112|0.0011875629425048|0.00286865234375
43|64|0.8703703703703703|0.0012097358703613|0.0028834342956542
43|65|0.8703703703703703|0.0012142658233642|0.0029783248901367
43|66|0.8611111111111112|0.0012269020080566|0.0029516220092773
43|67|0.8796296296296297|0.0012431144714355|0.0029690265655517
43|68|0.8796296296296297|0.0012338161468505|0.0030164718627929
43|69|0.8703703703703703|0.0012431144714355|0.0030219554901123
43|70|0.8796296296296297|0.0012445449829101|0.0030233860015869
43|71|0.8703703703703703|0.0012457370758056|0.0030932426452636
43|72|0.8796296296296297|0.0012602806091308|0.0031080245971679
43|73|0.8888888888888888|0.0012660026550292|0.0031325817108154
43|74|0.8888888888888888|0.0012955665588378|0.0031878948211669
43|75|0.8703703703703703|0.0013282299041748|0.0032722949981689
43|76|0.8796296296296297|0.0013289451599121|0.0033159255981445
43|77|0.8888888888888888|0.0013251304626464|0.0033318996429443
43|78|0.8888888888888888|0.0013315677642822|0.0033049583435058
43|79|0.8888888888888888|0.0013453960418701|0.0033226013183593
43|80|0.8981481481481481|0.0014092922210693|0.0033926963806152
43|81|0.8888888888888888|0.0013976097106933|0.0034501552581787
43|82|0.8888888888888888|0.0014076232910156|0.0033774375915527
43|83|0.8888888888888888|0.0014100074768066|0.0034530162811279
43|84|0.8796296296296297|0.0014281272888183|0.0035104751586914
43|85|0.8888888888888888|0.0014586448669433|0.0034916400909423
43|86|0.8888888888888888|0.0014586448669433|0.0035693645477294
43|87|0.8888888888888888|0.0014748573303222|0.003551959991455
43|88|0.8888888888888888|0.0014796257019042|0.0035393238067626
43|89|0.8888888888888888|0.001502513885498|0.0036098957061767
43|90|0.8888888888888888|0.0015139579772949|0.0036399364471435
43|91|0.8796296296296297|0.0015223026275634|0.0036487579345703
43|92|0.8796296296296297|0.0015664100646972|0.0037207603454589
43|93|0.8796296296296297|0.0015559196472167|0.003730297088623
43|94|0.8796296296296297|0.0015704631805419|0.0037977695465087
43|95|0.8796296296296297|0.0016355514526367|0.0037779808044433
43|96|0.8796296296296297|0.0016560554504394|0.003840684890747
43|97|0.8796296296296297|0.0016286373138427|0.0038461685180664
43|98|0.8796296296296297|0.001666784286499|0.0038967132568359
43|99|0.8796296296296297|0.0016629695892333|0.0039057731628417
43|100|0.8796296296296297|0.0016286373138427|0.00386643409729
43|101|0.8796296296296297|0.0016930103302001|0.0040812492370605
43|102|0.8796296296296297|0.0016686916351318|0.0039429664611816
43|103|0.8796296296296297|0.0017321109771728|0.0039911270141601
43|104|0.8796296296296297|0.0016882419586181|0.0040020942687988
43|105|0.8796296296296297|0.0017147064208984|0.0039966106414794
43|106|0.8796296296296297|0.0017211437225341|0.0040411949157714
43|107|0.8796296296296297|0.0017387866973876|0.0040810108184814
43|108|0.8796296296296297|0.0017488002777099|0.0041773319244384
43|109|0.8796296296296297|0.0017383098602294|0.0040287971496582
43|110|0.8796296296296297|0.0017976760864257|0.0040514469146728
43|111|0.8796296296296297|0.0017821788787841|0.0040843486785888
43|112|0.8796296296296297|0.0018439292907714|0.0043773651123046
43|113|0.8796296296296297|0.001798391342163|0.0041666030883789
43|114|0.8796296296296297|0.001828908920288|0.004138708114624
43|115|0.8796296296296297|0.0018346309661865|0.0042066574096679
43|116|0.8796296296296297|0.0018806457519531|0.0042307376861572
43|117|0.8796296296296297|0.0018718242645263|0.0042665004730224
43|118|0.8796296296296297|0.0018985271453857|0.0043542385101318
43|119|0.8796296296296297|0.0019054412841796|0.0043861865997314
43|120|0.8796296296296297|0.0019242763519287|0.0043971538543701
43|121|0.8796296296296297|0.0019311904907226|0.0043568611145019
43|122|0.8796296296296297|0.0019795894622802|0.0043435096740722
43|123|0.8796296296296297|0.0020017623901367|0.0043790340423583
43|124|0.8796296296296297|0.0019867420196533|0.0044152736663818
43|125|0.8796296296296297|0.0020346641540527|0.004357099533081
43|126|0.8796296296296297|0.0020020008087158|0.0043873786926269
43|127|0.8796296296296297|0.0020282268524169|0.0044660568237304
43|128|0.8796296296296297|0.0020382404327392|0.0043818950653076
43|129|0.8796296296296297|0.0020186901092529|0.0045335292816162
43|130|0.8796296296296297|0.0020422935485839|0.0044810771942138
43|131|0.8796296296296297|0.0032553672790527|0.0064620971679687
43|132|0.8796296296296297|0.0032532215118408|0.008044958114624
43|133|0.8796296296296297|0.0032453536987304|0.0080378055572509
43|134|0.8796296296296297|0.0027296543121337|0.0079929828643798
43|135|0.8796296296296297|0.002122163772583|0.0044398307800292
43|136|0.8796296296296297|0.0021016597747802|0.0044639110565185
43|137|0.8796296296296297|0.0020985603332519|0.0044264793395996
43|138|0.8796296296296297|0.0021312236785888|0.0044333934783935
47|20|0.8518518518518519|0.0012543201446533|
47|21|0.75|0.0009350776672363|0.0013303756713867
47|22|0.8148148148148148|0.0009963512420654|0.0013504028320312
47|23|0.8148148148148148|0.0009443759918212|0.0014400482177734
47|24|0.8055555555555556|0.0010197162628173|0.0013871192932128
47|25|0.7777777777777778|0.0009548664093017|0.0014817714691162
47|26|0.7962962962962963|0.0009620189666748|0.001467227935791
47|27|0.7777777777777778|0.0010054111480712|0.0015661716461181
47|28|0.7962962962962963|0.0010712146759033|0.0016553401947021
47|29|0.7870370370370371|0.0009765625|0.0016231536865234
47|30|0.7777777777777778|0.0009810924530029|0.0016305446624755
47|31|0.7870370370370371|0.001014232635498|0.0017669200897216
47|32|0.7777777777777778|0.0010173320770263|0.0017142295837402
47|33|0.7685185185185185|0.000983715057373|0.0017564296722412
47|34|0.7777777777777778|0.0009913444519042|0.0018568038940429
47|35|0.7870370370370371|0.0009942054748535|0.0019075870513916
47|36|0.8148148148148148|0.0010585784912109|0.001971960067749
47|37|0.7962962962962963|0.00103759765625|0.0020012855529785
47|38|0.8055555555555556|0.0010542869567871|0.0020163059234619
47|39|0.7870370370370371|0.0010123252868652|0.0020303726196289
47|40|0.8055555555555556|0.0010688304901123|0.0021169185638427
47|41|0.7870370370370371|0.0010342597961425|0.00211763381958
47|42|0.7962962962962963|0.0010867118835449|0.0021700859069824
47|43|0.7685185185185185|0.0010509490966796|0.0023119449615478
47|44|0.7962962962962963|0.0011084079742431|0.0022423267364501
47|45|0.7777777777777778|0.0010478496551513|0.0022339820861816
47|46|0.7592592592592593|0.0011076927185058|0.0023078918457031
47|47|0.7592592592592593|0.0010724067687988|0.0023634433746337
47|48|0.7777777777777778|0.001122236251831|0.0024173259735107
47|49|0.7592592592592593|0.0010852813720703|0.0023708343505859
47|50|0.7777777777777778|0.0011281967163085|0.0024764537811279
47|51|0.7777777777777778|0.0011084079742431|0.0024442672729492
47|52|0.7777777777777778|0.0011281967163085|0.0024816989898681
47|53|0.7777777777777778|0.0011186599731445|0.0025544166564941
47|54|0.7685185185185185|0.0011904239654541|0.0025374889373779
47|55|0.7685185185185185|0.0011553764343261|0.0026459693908691
47|56|0.7592592592592593|0.0011932849884033|0.0026080608367919
47|57|0.7592592592592593|0.0011351108551025|0.0026626586914062
47|58|0.7592592592592593|0.0012102127075195|0.0026686191558837
47|59|0.7685185185185185|0.0011706352233886|0.0028471946716308
47|60|0.7685185185185185|0.0011978149414062|0.0028672218322753
47|61|0.7685185185185185|0.0011789798736572|0.0028128623962402
47|62|0.75|0.0012376308441162|0.0029797554016113
47|63|0.7685185185185185|0.0012085437774658|0.0028021335601806
47|64|0.7592592592592593|0.001223087310791|0.0030791759490966
47|65|0.75|0.001220703125|0.002958059310913
47|66|0.7777777777777778|0.0012285709381103|0.0030913352966308
47|67|0.7777777777777778|0.0012292861938476|0.0030767917633056
47|68|0.7777777777777778|0.0012297630310058|0.0031006336212158
47|69|0.7777777777777778|0.0012803077697753|0.0032026767730712
47|70|0.7777777777777778|0.0012705326080322|0.0031585693359375
47|71|0.7592592592592593|0.0012962818145751|0.0031349658966064
47|72|0.7592592592592593|0.0012986660003662|0.0031371116638183
47|73|0.7592592592592593|0.0013201236724853|0.0031332969665527
47|74|0.75|0.0013661384582519|0.0043210983276367
47|75|0.75|0.0013620853424072|0.0034625530242919
47|76|0.7685185185185185|0.0013463497161865|0.0034568309783935
47|77|0.7592592592592593|0.0013871192932128|0.0035367012023925
47|78|0.7592592592592593|0.0013787746429443|0.0035977363586425
47|79|0.7592592592592593|0.0013978481292724|0.0034267902374267
47|80|0.75|0.001408576965332|0.0035011768341064
47|81|0.7592592592592593|0.0014166831970214|0.003594160079956
47|82|0.7685185185185185|0.0014576911926269|0.003608226776123
47|83|0.7592592592592593|0.0014457702636718|0.0036215782165527
47|84|0.7592592592592593|0.0014832019805908|0.0035271644592285
47|85|0.7592592592592593|0.0015070438385009|0.0036101341247558
47|86|0.7592592592592593|0.0015249252319335|0.0036792755126953
47|87|0.7592592592592593|0.0015668869018554|0.0038166046142578
47|88|0.7592592592592593|0.0015490055084228|0.0037362575531005
47|89|0.7592592592592593|0.0015902519226074|0.0038750171661376
47|90|0.7592592592592593|0.0016343593597412|0.0037314891815185
47|91|0.7592592592592593|0.0016112327575683|0.0036642551422119
47|92|0.7592592592592593|0.0016837120056152|0.0038666725158691
47|93|0.7592592592592593|0.0016491413116455|0.0039169788360595
47|94|0.7592592592592593|0.0016665458679199|0.0038337707519531
47|95|0.7592592592592593|0.001758337020874|0.0047802925109863
47|96|0.7592592592592593|0.0017042160034179|0.0039722919464111
47|97|0.7592592592592593|0.0017342567443847|0.0039350986480712
47|98|0.7592592592592593|0.0017249584197998|0.0040764808654785
47|99|0.7592592592592593|0.0017421245574951|0.0040740966796875
47|100|0.7592592592592593|0.0017521381378173|0.0039036273956298
47|101|0.7592592592592593|0.0017840862274169|0.0042567253112792
47|102|0.7592592592592593|0.0017783641815185|0.0039420127868652
47|103|0.7592592592592593|0.0018045902252197|0.004138708114624
47|104|0.7592592592592593|0.0017929077148437|0.0040943622589111
47|105|0.7592592592592593|0.0018301010131835|0.0039491653442382
47|106|0.7592592592592593|0.0018138885498046|0.004235029220581
47|107|0.7592592592592593|0.0018370151519775|0.0042002201080322
47|108|0.7592592592592593|0.001763105392456|0.0042417049407958
47|109|0.7592592592592593|0.0017662048339843|0.0040056705474853
47|110|0.7592592592592593|0.0017998218536376|0.0042829513549804
47|111|0.7592592592592593|0.0018424987792968|0.0042152404785156
47|112|0.7592592592592593|0.0018072128295898|0.0043356418609619
47|113|0.7592592592592593|0.0017988681793212|0.0044879913330078
47|114|0.7592592592592593|0.0018215179443359|0.0042934417724609
47|115|0.7592592592592593|0.0018277168273925|0.0042521953582763
47|116|0.7592592592592593|0.0018246173858642|0.0044090747833251
47|117|0.7592592592592593|0.0018501281738281|0.0045232772827148
47|118|0.7592592592592593|0.0018408298492431|0.0041909217834472
47|119|0.7592592592592593|0.001885175704956|0.004134178161621
47|120|0.7592592592592593|0.0018396377563476|0.004274845123291
47|121|0.7592592592592593|0.0019052028656005|0.0043809413909912
47|122|0.7592592592592593|0.0019316673278808|0.0043916702270507
47|123|0.7592592592592593|0.0019550323486328|0.004408836364746
47|124|0.7592592592592593|0.0019435882568359|0.0041615962982177
47|125|0.7592592592592593|0.0019283294677734|0.0044224262237548
47|126|0.7592592592592593|0.0019967555999755|0.0043818950653076
47|127|0.7592592592592593|0.0019619464874267|0.0049052238464355
47|128|0.7592592592592593|0.0019893646240234|0.0043597221374511
47|129|0.7592592592592593|0.0019879341125488|0.0042076110839843
47|130|0.7592592592592593|0.0020339488983154|0.0047032833099365
47|131|0.7592592592592593|0.0020334720611572|0.0045084953308105
47|132|0.7592592592592593|0.0020327568054199|0.0042803287506103
47|133|0.7592592592592593|0.0020630359649658|0.0046608448028564
47|134|0.7592592592592593|0.0020525455474853|0.0044434070587158
47|135|0.7592592592592593|0.0020754337310791|0.0045084953308105
47|136|0.7592592592592593|0.0020883083343505|0.0046334266662597
47|137|0.7592592592592593|0.0020754337310791|0.0043082237243652
47|138|0.7592592592592593|0.002089500427246|0.004634141921997
47|139|0.7592592592592593|0.002084732055664|0.0046083927154541
47|140|0.7592592592592593|0.0020978450775146|0.0045332908630371
44|20|0.6851851851851852|0.001185655593872|
44|21|0.7129629629629629|0.0009329319000244|0.0014193058013916
44|22|0.7314814814814815|0.0009834766387939|0.0012662410736083
44|23|0.7222222222222222|0.000934362411499|0.0013515949249267
44|24|0.75|0.000978946685791|0.0014116764068603
44|25|0.7685185185185185|0.0009505748748779|0.001427412033081
44|26|0.7685185185185185|0.0009617805480957|0.0015270709991455
44|27|0.7685185185185185|0.0009660720825195|0.0015878677368164
44|28|0.7685185185185185|0.0009632110595703|0.0015697479248046
44|29|0.7592592592592593|0.0009901523590087|0.0016281604766845
44|30|0.7777777777777778|0.0009691715240478|0.0017118453979492
44|31|0.7592592592592593|0.0009751319885253|0.0017216205596923
44|32|0.7870370370370371|0.0009763240814208|0.0017127990722656
44|33|0.7685185185185185|0.0009748935699462|0.0017263889312744
44|34|0.7592592592592593|0.0009911060333251|0.0018517971038818
44|35|0.7870370370370371|0.0009865760803222|0.0017988681793212
44|36|0.7870370370370371|0.0010216236114501|0.0019090175628662
44|37|0.7962962962962963|0.0010039806365966|0.0019421577453613
44|38|0.7870370370370371|0.0010418891906738|0.0019853115081787
44|39|0.8055555555555556|0.0010344982147216|0.0019564628601074
44|40|0.7870370370370371|0.0010247230529785|0.0020036697387695
44|41|0.7962962962962963|0.0010225772857666|0.002150535583496
44|42|0.7685185185185185|0.0010614395141601|0.0022096633911132
44|43|0.7870370370370371|0.001049518585205|0.0021357536315917
44|44|0.7777777777777778|0.0010852813720703|0.0021824836730957
44|45|0.7962962962962963|0.0010373592376708|0.0023069381713867
44|46|0.7870370370370371|0.0010626316070556|0.002310037612915
44|47|0.7962962962962963|0.0010833740234375|0.0022614002227783
44|48|0.75|0.0010898113250732|0.0024478435516357
44|49|0.7407407407407407|0.0010685920715332|0.00244140625
44|50|0.7870370370370371|0.0010969638824462|0.0023541450500488
44|51|0.8148148148148148|0.0010981559753417|0.0024359226226806
44|52|0.8055555555555556|0.0011203289031982|0.0024259090423583
44|53|0.8148148148148148|0.0011231899261474|0.0024833679199218
44|54|0.8148148148148148|0.0011343955993652|0.0026361942291259
44|55|0.8148148148148148|0.0011336803436279|0.0025262832641601
44|56|0.8148148148148148|0.001147985458374|0.0026812553405761
44|57|0.8333333333333334|0.0011374950408935|0.0027263164520263
44|58|0.8333333333333334|0.0011579990386962|0.0026447772979736
44|59|0.8425925925925926|0.0011787414550781|0.0027329921722412
44|60|0.8425925925925926|0.0012121200561523|0.0028135776519775
44|61|0.8425925925925926|0.0011968612670898|0.0028345584869384
44|62|0.8425925925925926|0.0012331008911132|0.0028226375579833
44|63|0.8518518518518519|0.0011980533599853|0.0028595924377441
44|64|0.8333333333333334|0.0012259483337402|0.002981424331665
44|65|0.8425925925925926|0.0012195110321044|0.0030319690704345
44|66|0.8425925925925926|0.0012342929840087|0.0029866695404052
44|67|0.8333333333333334|0.001265525817871|0.0032355785369873
44|68|0.8333333333333334|0.0012431144714355|0.0031208992004394
44|69|0.8333333333333334|0.0012667179107666|0.0031120777130126
44|70|0.8425925925925926|0.0012753009796142|0.0031392574310302
44|71|0.8333333333333334|0.0013115406036376|0.0030829906463623
44|72|0.8240740740740741|0.0012972354888916|0.0030889511108398
44|73|0.8240740740740741|0.0013065338134765|0.0032999515533447
44|74|0.8240740740740741|0.0013062953948974|0.0033192634582519
44|75|0.8240740740740741|0.0013034343719482|0.0031719207763671
44|76|0.8240740740740741|0.001305341720581|0.0032432079315185
44|77|0.8240740740740741|0.0013189315795898|0.0033771991729736
44|78|0.8333333333333334|0.0013442039489746|0.0033586025238037
44|79|0.8333333333333334|0.0013799667358398|0.0032708644866943
44|80|0.8425925925925926|0.0013644695281982|0.0034883022308349
44|81|0.8240740740740741|0.0013766288757324|0.0034189224243164
44|82|0.8333333333333334|0.0013957023620605|0.0033595561981201
44|83|0.8240740740740741|0.00144624710083|0.0036289691925048
44|84|0.8240740740740741|0.0014288425445556|0.003551959991455
44|85|0.8148148148148148|0.0014593601226806|0.0034713745117187
44|86|0.8148148148148148|0.0014758110046386|0.0036263465881347
44|87|0.8148148148148148|0.0014741420745849|0.0036327838897705
44|88|0.8148148148148148|0.0014715194702148|0.0036900043487548
44|89|0.8148148148148148|0.001488447189331|0.0037167072296142
44|90|0.8148148148148148|0.0014970302581787|0.0037956237792968
44|91|0.8148148148148148|0.0015163421630859|0.0036554336547851
44|92|0.8148148148148148|0.0015175342559814|0.0038902759552001
44|93|0.8148148148148148|0.0015697479248046|0.0036695003509521
44|94|0.8148148148148148|0.0015692710876464|0.0037367343902587
44|95|0.8148148148148148|0.0019223690032958|0.0039401054382324
44|96|0.8148148148148148|0.0016124248504638|0.0039789676666259
44|97|0.8240740740740741|0.0016553401947021|0.0038058757781982
44|98|0.8240740740740741|0.0016398429870605|0.0040349960327148
44|99|0.8240740740740741|0.0017256736755371|0.004136323928833
44|100|0.8148148148148148|0.0016720294952392|0.0040669441223144
44|101|0.8240740740740741|0.0017342567443847|0.0040915012359619
44|102|0.8148148148148148|0.0017235279083251|0.0039727687835693
44|103|0.8240740740740741|0.0017619132995605|0.0039973258972167
44|104|0.8240740740740741|0.0017547607421875|0.0043447017669677
44|105|0.8240740740740741|0.0017352104187011|0.0041999816894531
44|106|0.8240740740740741|0.0017693042755126|0.0039708614349365
44|107|0.8240740740740741|0.0018069744110107|0.0040273666381835
44|108|0.8240740740740741|0.0017778873443603|0.0043330192565917
44|109|0.8240740740740741|0.0017826557159423|0.0046427249908447
44|110|0.8240740740740741|0.0017757415771484|0.0040302276611328
44|111|0.8240740740740741|0.0018577575683593|0.0042841434478759
44|112|0.8240740740740741|0.0018162727355957|0.0041966438293457
44|113|0.8240740740740741|0.0018119812011718|0.0042474269866943
44|114|0.8240740740740741|0.0018208026885986|0.0040738582611083
44|115|0.8240740740740741|0.0018718242645263|0.0042626857757568
44|116|0.8240740740740741|0.0018415451049804|0.0041034221649169
44|117|0.8148148148148148|0.0018825531005859|0.004218578338623
44|118|0.8148148148148148|0.0018713474273681|0.004157543182373
44|119|0.8148148148148148|0.0019035339355468|0.0043141841888427
44|120|0.8148148148148148|0.0018773078918457|0.0041320323944091
44|121|0.8148148148148148|0.0019056797027587|0.0043725967407226
44|122|0.8148148148148148|0.0018908977508544|0.0041732788085937
44|123|0.8148148148148148|0.0019395351409912|0.004418134689331
44|124|0.8148148148148148|0.0019559860229492|0.0045554637908935
44|125|0.8148148148148148|0.0019450187683105|0.0043330192565917
44|126|0.8148148148148148|0.0019447803497314|0.0044705867767333
44|127|0.8148148148148148|0.0019896030426025|0.0042645931243896
44|128|0.8148148148148148|0.0019822120666503|0.0042941570281982
44|129|0.8148148148148148|0.0020160675048828|0.0044443607330322
44|130|0.8148148148148148|0.00199556350708|0.004279613494873
44|131|0.8148148148148148|0.0020287036895751|0.0042521953582763
44|132|0.8148148148148148|0.0020098686218261|0.0047364234924316
44|133|0.8148148148148148|0.0020186901092529|0.0043323040008544
44|134|0.8148148148148148|0.0020341873168945|0.0045092105865478
44|135|0.8148148148148148|0.0020327568054199|0.0043926239013671
44|136|0.8148148148148148|0.0020289421081542|0.0044865608215332
44|137|0.8148148148148148|0.0020716190338134|0.0044598579406738
44|138|0.8148148148148148|0.0020618438720703|0.0044200420379638
44|139|0.8148148148148148|0.0020754337310791|0.0045702457427978
40|20|0.8333333333333334|0.0012450218200683|
40|21|0.8333333333333334|0.000964879989624|0.0013744831085205
40|22|0.8333333333333334|0.0010042190551757|0.0014364719390869
40|23|0.8518518518518519|0.0009553432464599|0.0014355182647705
40|24|0.8425925925925926|0.0009896755218505|0.0014879703521728
40|25|0.8333333333333334|0.0009796619415283|0.0014805793762207
40|26|0.8240740740740741|0.0009999275207519|0.0015199184417724
40|27|0.8518518518518519|0.0009944438934326|0.0016417503356933
40|28|0.8703703703703703|0.0009901523590087|0.0017201900482177
40|29|0.8518518518518519|0.0009825229644775|0.0016939640045166
40|30|0.8518518518518519|0.0010087490081787|0.0016798973083496
40|31|0.8611111111111112|0.0009932518005371|0.0017781257629394
40|32|0.8425925925925926|0.001023530960083|0.0018742084503173
40|33|0.8611111111111112|0.0010073184967041|0.0019097328186035
40|34|0.8425925925925926|0.0010199546813964|0.0018994808197021
40|35|0.8425925925925926|0.0010144710540771|0.0018908977508544
40|36|0.8240740740740741|0.0010521411895751|0.0020654201507568
40|37|0.8425925925925926|0.0010163784027099|0.0021023750305175
40|38|0.8703703703703703|0.0010600090026855|0.0020883083343505
40|39|0.8611111111111112|0.0010364055633544|0.002028465270996
40|40|0.8518518518518519|0.0010802745819091|0.0021331310272216
40|41|0.8518518518518519|0.0010321140289306|0.0021529197692871
40|42|0.8703703703703703|0.001068115234375|0.0021214485168457
40|43|0.8703703703703703|0.0010662078857421|0.0021731853485107
40|44|0.8518518518518519|0.0010809898376464|0.0022740364074707
40|45|0.8611111111111112|0.0010707378387451|0.0023248195648193
40|46|0.8703703703703703|0.0011100769042968|0.0023591518402099
40|47|0.8240740740740741|0.0010788440704345|0.002368688583374
40|48|0.8055555555555556|0.0011231899261474|0.0024404525756835
40|49|0.8148148148148148|0.0011060237884521|0.0023953914642333
40|50|0.7962962962962963|0.0011260509490966|0.0024938583374023
40|51|0.8425925925925926|0.0011200904846191|0.0025198459625244
40|52|0.8611111111111112|0.0011441707611083|0.0025432109832763
40|53|0.8703703703703703|0.0011210441589355|0.0025258064270019
40|54|0.8888888888888888|0.0011713504791259|0.0027625560760498
40|55|0.8703703703703703|0.0011422634124755|0.0025720596313476
40|56|0.8611111111111112|0.0011742115020751|0.0027050971984863
40|57|0.8703703703703703|0.0011637210845947|0.0027101039886474
40|58|0.8796296296296297|0.001199722290039|0.002671480178833
40|59|0.8796296296296297|0.0011713504791259|0.0027379989624023
40|60|0.8703703703703703|0.0012228488922119|0.0027909278869628
40|61|0.8703703703703703|0.0011980533599853|0.0027923583984375
40|62|0.8425925925925926|0.0012238025665283|0.0028998851776123
40|63|0.8611111111111112|0.0012001991271972|0.0029499530792236
40|64|0.8611111111111112|0.0012369155883789|0.0031070709228515
40|65|0.8796296296296297|0.0012288093566894|0.0029177665710449
40|66|0.8888888888888888|0.0012848377227783|0.0029253959655761
40|67|0.8796296296296297|0.0012588500976562|0.003103494644165
40|68|0.8888888888888888|0.001253604888916|0.0032117366790771
40|69|0.8888888888888888|0.0012669563293457|0.0030391216278076
40|70|0.8888888888888888|0.0012810230255126|0.0032198429107666
40|71|0.8888888888888888|0.0012965202331542|0.0031096935272216
40|72|0.8888888888888888|0.0012934207916259|0.0031301975250244
40|73|0.8796296296296297|0.0012946128845214|0.0031468868255615
40|74|0.8703703703703703|0.0013072490692138|0.0032446384429931
40|75|0.8796296296296297|0.0013144016265869|0.003239631652832
40|76|0.8703703703703703|0.001331090927124|0.0032567977905273
40|77|0.8703703703703703|0.0013449192047119|0.0033857822418212
40|78|0.8703703703703703|0.0013561248779296|0.0034337043762207
40|79|0.8703703703703703|0.0013849735260009|0.0033199787139892
40|80|0.8703703703703703|0.0014066696166992|0.0034096240997314
40|81|0.8703703703703703|0.0014042854309082|0.0035512447357177
40|82|0.8703703703703703|0.0014200210571289|0.0036296844482421
40|83|0.8703703703703703|0.0014660358428955|0.0034258365631103
40|84|0.8703703703703703|0.0014793872833251|0.0034728050231933
40|85|0.8703703703703703|0.0015144348144531|0.0036144256591796
40|86|0.8703703703703703|0.0014815330505371|0.0037777423858642
40|87|0.8703703703703703|0.0015199184417724|0.0036509037017822
40|88|0.8796296296296297|0.0015296936035156|0.0037243366241455
40|89|0.8703703703703703|0.0015404224395751|0.0039904117584228
40|90|0.8703703703703703|0.0015580654144287|0.0036482810974121
40|91|0.8703703703703703|0.0015802383422851|0.0038278102874755
40|92|0.8703703703703703|0.0015912055969238|0.0036816596984863
40|93|0.8703703703703703|0.0016307830810546|0.0040829181671142
40|94|0.8703703703703703|0.0016109943389892|0.0038881301879882
40|95|0.8703703703703703|0.001631736755371|0.0038175582885742
40|96|0.8703703703703703|0.001671552658081|0.0037782192230224
40|97|0.8796296296296297|0.00166916847229|0.003873586654663
40|98|0.8703703703703703|0.0016913414001464|0.0041885375976562
40|99|0.8703703703703703|0.0017063617706298|0.0042071342468261
40|100|0.8703703703703703|0.001725435256958|0.0038979053497314
40|101|0.8703703703703703|0.0017402172088623|0.0039422512054443
40|102|0.8703703703703703|0.0017561912536621|0.003953218460083
40|103|0.8796296296296297|0.0017511844635009|0.0041427612304687
40|104|0.8796296296296297|0.0017557144165039|0.0041468143463134
40|105|0.8611111111111112|0.0017910003662109|0.004094123840332
40|106|0.8611111111111112|0.0017812252044677|0.0041909217834472
40|107|0.8611111111111112|0.0018093585968017|0.0042831897735595
40|108|0.8611111111111112|0.0018277168273925|0.0040702819824218
40|109|0.8611111111111112|0.0018041133880615|0.0042426586151123
40|110|0.8611111111111112|0.0018210411071777|0.0042197704315185
40|111|0.8611111111111112|0.0018560886383056|0.0042841434478759
40|112|0.8611111111111112|0.0018701553344726|0.0040919780731201
40|113|0.8611111111111112|0.0018918514251708|0.004286766052246
40|114|0.8611111111111112|0.0018720626831054|0.00433349609375
40|115|0.8611111111111112|0.0018990039825439|0.0041544437408447
40|116|0.8611111111111112|0.0019001960754394|0.0043094158172607
40|117|0.8611111111111112|0.0019083023071289|0.0046284198760986
40|118|0.8611111111111112|0.0018990039825439|0.004220962524414
40|119|0.8611111111111112|0.0019230842590332|0.0043404102325439
40|120|0.8611111111111112|0.0019125938415527|0.0045523643493652
40|121|0.8611111111111112|0.0019550323486328|0.0043642520904541
40|122|0.8611111111111112|0.0019822120666503|0.0046045780181884
40|123|0.8611111111111112|0.0019927024841308|0.0045721530914306
40|124|0.8611111111111112|0.0019993782043457|0.0045108795166015
40|125|0.8333333333333334|0.0020196437835693|0.0043399333953857
40|126|0.8333333333333334|0.0020315647125244|0.0044887065887451
40|127|0.8333333333333334|0.0020623207092285|0.0045444965362548
40|128|0.8333333333333334|0.0020449161529541|0.0043230056762695
40|129|0.8333333333333334|0.0020525455474853|0.0044696331024169
40|130|0.8333333333333334|0.0020778179168701|0.0046005249023437
40|131|0.8333333333333334|0.002073049545288|0.0043792724609375
40|132|0.8333333333333334|0.0020787715911865|0.0047996044158935
40|133|0.8333333333333334|0.0020923614501953|0.0049045085906982
40|134|0.8333333333333334|0.0020995140075683|0.0045022964477539
40|135|0.8333333333333334|0.0021016597747802|0.0046713352203369
40|136|0.8333333333333334|0.0021123886108398|0.0044963359832763
40|137|0.8333333333333334|0.0021376609802246|0.0044450759887695
40|138|0.8333333333333334|0.0021252632141113|0.0044574737548828
40|139|0.8333333333333334|0.0021724700927734|0.0043871402740478
45|20|0.8425925925925926|0.0013449192047119|
45|21|0.8425925925925926|0.0010919570922851|0.0013682842254638
45|22|0.8333333333333334|0.0011153221130371|0.001371145248413
45|23|0.8425925925925926|0.0010912418365478|0.0014660358428955
45|24|0.8611111111111112|0.0010378360748291|0.0015287399291992
45|25|0.8611111111111112|0.001014232635498|0.0014700889587402
45|26|0.8518518518518519|0.0010089874267578|0.0015139579772949
45|27|0.8796296296296297|0.0010290145874023|0.0015435218811035
45|28|0.8611111111111112|0.0010304450988769|0.0016496181488037
45|29|0.8425925925925926|0.0010244846343994|0.0016310214996337
45|30|0.8518518518518519|0.0010349750518798|0.001741886138916
45|31|0.8518518518518519|0.0010299682617187|0.0017199516296386
45|32|0.8611111111111112|0.0010483264923095|0.00175142288208
45|33|0.8425925925925926|0.0010504722595214|0.0018010139465332
45|34|0.8518518518518519|0.0010621547698974|0.0018501281738281
45|35|0.8425925925925926|0.0010628700256347|0.0018959045410156
45|36|0.8425925925925926|0.0010995864868164|0.0018863677978515
45|37|0.8425925925925926|0.0010809898376464|0.0019760131835937
45|38|0.8240740740740741|0.0011329650878906|0.0020813941955566
45|39|0.8333333333333334|0.0010933876037597|0.0020551681518554
45|40|0.8240740740740741|0.0011577606201171|0.0021049976348876
45|41|0.8518518518518519|0.0010833740234375|0.0022048950195312
45|42|0.8518518518518519|0.0011498928070068|0.002230167388916
45|43|0.8333333333333334|0.0011227130889892|0.00221848487854
45|44|0.8148148148148148|0.0011365413665771|0.0022382736206054
45|45|0.7777777777777778|0.0011308193206787|0.0023062229156494
45|46|0.7777777777777778|0.001178503036499|0.0023090839385986
45|47|0.8055555555555556|0.0011475086212158|0.0023033618927001
45|48|0.8148148148148148|0.0011830329895019|0.0024755001068115
45|49|0.8055555555555556|0.0011625289916992|0.0025043487548828
45|50|0.7962962962962963|0.0012276172637939|0.002573013305664
45|51|0.8240740740740741|0.0011801719665527|0.0025408267974853
45|52|0.8148148148148148|0.001211404800415|0.0024867057800292
45|53|0.8148148148148148|0.0012125968933105|0.0026123523712158
45|54|0.8148148148148148|0.0012595653533935|0.0027029514312744
45|55|0.8240740740740741|0.0012462139129638|0.0027012825012207
45|56|0.8425925925925926|0.0012671947479248|0.0027496814727783
45|57|0.8425925925925926|0.0012476444244384|0.0027637481689453
45|58|0.8518518518518519|0.0012934207916259|0.0029089450836181
45|59|0.8518518518518519|0.0012633800506591|0.002779483795166
45|60|0.8518518518518519|0.0013303756713867|0.0030207633972167
45|61|0.8611111111111112|0.0012984275817871|0.0029664039611816
45|62|0.8611111111111112|0.0013456344604492|0.0028209686279296
45|63|0.8425925925925926|0.0013301372528076|0.0030028820037841
45|64|0.8240740740740741|0.0013163089752197|0.0030329227447509
45|65|0.8333333333333334|0.0013444423675537|0.002920389175415
45|66|0.8240740740740741|0.0013494491577148|0.0031142234802246
45|67|0.8333333333333334|0.0013227462768554|0.0032229423522949
45|68|0.8333333333333334|0.0013399124145507|0.0031595230102539
45|69|0.8425925925925926|0.0013399124145507|0.0031921863555908
45|70|0.8425925925925926|0.0013885498046875|0.0033016204833984
45|71|0.8425925925925926|0.001410961151123|0.0032029151916503
45|72|0.8425925925925926|0.0013904571533203|0.0031554698944091
45|73|0.8240740740740741|0.0013837814331054|0.0033395290374755
45|74|0.8240740740740741|0.0014030933380126|0.0033438205718994
45|75|0.8333333333333334|0.0014092922210693|0.0033683776855468
45|76|0.8240740740740741|0.0014417171478271|0.003406286239624
45|77|0.8240740740740741|0.0014288425445556|0.0033032894134521
45|78|0.8240740740740741|0.0014574527740478|0.0033833980560302
45|79|0.8240740740740741|0.0014445781707763|0.0033388137817382
45|80|0.8425925925925926|0.0015079975128173|0.0034608840942382
45|81|0.8425925925925926|0.0014777183532714|0.0035903453826904
45|82|0.8425925925925926|0.0015089511871337|0.0034995079040527
45|83|0.8425925925925926|0.001509666442871|0.0035865306854248
45|84|0.8425925925925926|0.0015251636505126|0.0037629604339599
45|85|0.8425925925925926|0.0015559196472167|0.0036380290985107
45|86|0.8518518518518519|0.0015842914581298|0.0035581588745117
45|87|0.8518518518518519|0.001579999923706|0.0038278102874755
45|88|0.8518518518518519|0.0015926361083984|0.0037140846252441
45|89|0.8518518518518519|0.0016107559204101|0.0038509368896484
45|90|0.8518518518518519|0.0016329288482666|0.0036790370941162
45|91|0.8518518518518519|0.0016613006591796|0.0039169788360595
45|92|0.8518518518518519|0.0016894340515136|0.0036842823028564
45|93|0.8703703703703703|0.0016701221466064|0.0039381980895996
45|94|0.8703703703703703|0.0016825199127197|0.0038542747497558
45|95|0.8703703703703703|0.001671552658081|0.0037605762481689
45|96|0.8703703703703703|0.0017104148864746|0.0040018558502197
45|97|0.8703703703703703|0.001744270324707|0.004096508026123
45|98|0.8703703703703703|0.0017399787902832|0.0039966106414794
45|99|0.8703703703703703|0.001784324645996|0.0041661262512207
45|100|0.8703703703703703|0.0018036365509033|0.0038673877716064
45|101|0.8703703703703703|0.0018231868743896|0.0038998126983642
45|102|0.8703703703703703|0.0018298625946044|0.0041842460632324
45|103|0.8703703703703703|0.0018651485443115|0.0041725635528564
45|104|0.8703703703703703|0.0018761157989501|0.0042541027069091
45|105|0.8703703703703703|0.0018990039825439|0.0042254924774169
45|106|0.8703703703703703|0.001906394958496|0.0042734146118164
45|107|0.8703703703703703|0.0019357204437255|0.0042541027069091
45|108|0.8703703703703703|0.0019738674163818|0.0041944980621337
45|109|0.8703703703703703|0.001969575881958|0.0044426918029785
45|110|0.8703703703703703|0.0020127296447753|0.0040795803070068
45|111|0.8703703703703703|0.001988410949707|0.0043222904205322
45|112|0.8703703703703703|0.0020108222961425|0.0042343139648437
45|113|0.8611111111111112|0.002042531967163|0.0043442249298095
45|114|0.8611111111111112|0.0020468235015869|0.0045289993286132
45|115|0.8611111111111112|0.0020382404327392|0.0044517517089843
45|116|0.8611111111111112|0.0020008087158203|0.0045907497406005
45|117|0.8611111111111112|0.0020296573638916|0.0045082569122314
45|118|0.8611111111111112|0.0019886493682861|0.004251480102539
45|119|0.8611111111111112|0.002007246017456|0.0046401023864746
45|120|0.8611111111111112|0.0020084381103515|0.0044255256652832
45|121|0.8611111111111112|0.0020146369934082|0.0043227672576904
45|122|0.8611111111111112|0.0020630359649658|0.004427433013916
45|123|0.8611111111111112|0.0020427703857421|0.0045521259307861
45|124|0.8611111111111112|0.0020475387573242|0.0045249462127685
45|125|0.8611111111111112|0.0020442008972167|0.0045106410980224
45|126|0.8611111111111112|0.0020945072174072|0.0045828819274902
45|127|0.8611111111111112|0.0020959377288818|0.0047278404235839
45|128|0.8611111111111112|0.0020825862884521|0.0044913291931152
45|129|0.8611111111111112|0.0020976066589355|0.0046083927154541
45|130|0.8611111111111112|0.002089500427246|0.004235029220581
45|131|0.8518518518518519|0.0021610260009765|0.0046381950378417
45|132|0.8518518518518519|0.0021815299987792|0.004669189453125
45|133|0.8518518518518519|0.0021829605102539|0.0045666694641113
45|134|0.8518518518518519|0.0022599697113037|0.0043220520019531
45|135|0.8518518518518519|0.0022704601287841|0.0044279098510742
45|136|0.8518518518518519|0.0022709369659423|0.0046181678771972
45|137|0.8518518518518519|0.0022947788238525|0.004406452178955
45|138|0.8518518518518519|0.0022995471954345|0.0048065185546875
45|139|0.8518518518518519|0.0022923946380615|0.0045101642608642
48|20|0.6944444444444444|0.0013518333435058|
48|21|0.6851851851851852|0.0010550022125244|0.001354694366455
48|22|0.6944444444444444|0.0011029243469238|0.0013585090637207
48|23|0.6944444444444444|0.0010597705841064|0.0013983249664306
48|24|0.7222222222222222|0.0010874271392822|0.0014252662658691
48|25|0.7314814814814815|0.0010368824005126|0.0014820098876953
48|26|0.7407407407407407|0.0010457038879394|0.001523733139038
48|27|0.75|0.0010321140289306|0.0015540122985839
48|28|0.7592592592592593|0.0010509490966796|0.0016069412231445
48|29|0.7685185185185185|0.001030683517456|0.0016305446624755
48|30|0.7777777777777778|0.0010490417480468|0.001699686050415
48|31|0.7870370370370371|0.0010488033294677|0.0017430782318115
48|32|0.7870370370370371|0.0010488033294677|0.0017704963684082
48|33|0.7870370370370371|0.0010664463043212|0.001814842224121
48|34|0.7777777777777778|0.0010747909545898|0.0018539428710937
48|35|0.7962962962962963|0.001084566116333|0.0019130706787109
48|36|0.7870370370370371|0.0011136531829833|0.001924991607666
48|37|0.7962962962962963|0.0010807514190673|0.0019366741180419
48|38|0.7685185185185185|0.0011420249938964|0.0020382404327392
48|39|0.7962962962962963|0.0010960102081298|0.0020368099212646
48|40|0.7870370370370371|0.001162052154541|0.0020282268524169
48|41|0.7870370370370371|0.0010938644409179|0.0021071434020996
48|42|0.7962962962962963|0.0011148452758789|0.002089500427246
48|43|0.7870370370370371|0.0010991096496582|0.0021462440490722
48|44|0.7870370370370371|0.0011613368988037|0.0021917819976806
48|45|0.7962962962962963|0.0011224746704101|0.0022690296173095
48|46|0.8055555555555556|0.0011873245239257|0.0022535324096679
48|47|0.7777777777777778|0.0011327266693115|0.0023224353790283
48|48|0.7962962962962963|0.0012202262878417|0.0023484230041503
48|49|0.7962962962962963|0.0011858940124511|0.0023982524871826
48|50|0.7777777777777778|0.0012209415435791|0.0024294853210449
48|51|0.7777777777777778|0.0012047290802001|0.0024111270904541
48|52|0.7685185185185185|0.0012366771697998|0.0024778842926025
48|53|0.7777777777777778|0.0012223720550537|0.0025057792663574
48|54|0.7685185185185185|0.0012476444244384|0.002526044845581
48|55|0.7962962962962963|0.0012421607971191|0.0025858879089355
48|56|0.7777777777777778|0.0012788772583007|0.0026230812072753
48|57|0.7962962962962963|0.0012478828430175|0.0026304721832275
48|58|0.7962962962962963|0.0012824535369873|0.0027143955230712
48|59|0.7962962962962963|0.0012619495391845|0.0027446746826171
48|60|0.7962962962962963|0.0013074874877929|0.0027353763580322
48|61|0.7870370370370371|0.0012791156768798|0.0028414726257324
48|62|0.7870370370370371|0.0013329982757568|0.0028228759765625
48|63|0.7870370370370371|0.0013129711151123|0.002845287322998
48|64|0.7962962962962963|0.0013043880462646|0.0028557777404785
48|65|0.7962962962962963|0.0013079643249511|0.0029089450836181
48|66|0.7962962962962963|0.0013046264648437|0.0029902458190917
48|67|0.7870370370370371|0.0013375282287597|0.0030033588409423
48|68|0.7870370370370371|0.0013389587402343|0.0030446052551269
48|69|0.7870370370370371|0.0013737678527832|0.0030305385589599
48|70|0.8333333333333334|0.0013558864593505|0.0030481815338134
48|71|0.8240740740740741|0.0013699531555175|0.0030996799468994
48|72|0.8333333333333334|0.0014054775238037|0.003101110458374
48|73|0.8333333333333334|0.0014176368713378|0.0031375885009765
48|74|0.8148148148148148|0.0014452934265136|0.0031707286834716
48|75|0.8240740740740741|0.0014741420745849|0.0032017230987548
48|76|0.8240740740740741|0.0014853477478027|0.0033013820648193
48|77|0.8240740740740741|0.0014863014221191|0.0033471584320068
48|78|0.8240740740740741|0.0014748573303222|0.0033254623413085
48|79|0.8240740740740741|0.0015122890472412|0.0033512115478515
48|80|0.8240740740740741|0.0015037059783935|0.0033831596374511
48|81|0.8148148148148148|0.0015335083007812|0.0033926963806152
48|82|0.8333333333333334|0.0015540122985839|0.0033819675445556
48|83|0.8333333333333334|0.0015795230865478|0.0034487247467041
48|84|0.8333333333333334|0.0016207695007324|0.0034360885620117
48|85|0.8333333333333334|0.0016534328460693|0.0034708976745605
48|86|0.8425925925925926|0.0017087459564208|0.003587007522583
48|87|0.8425925925925926|0.001704454421997|0.0036220550537109
48|88|0.8425925925925926|0.0017147064208984|0.0035722255706787
48|89|0.8425925925925926|0.0017569065093994|0.0036625862121582
48|90|0.8425925925925926|0.0017502307891845|0.0036854743957519
48|91|0.8425925925925926|0.001732587814331|0.0036554336547851
48|92|0.8425925925925926|0.0017693042755126|0.0037696361541748
48|93|0.8425925925925926|0.001784324645996|0.0037567615509033
48|94|0.8425925925925926|0.0018057823181152|0.003732681274414
48|95|0.8425925925925926|0.0018229484558105|0.003756046295166
48|96|0.8425925925925926|0.0018415451049804|0.0037682056427001
48|97|0.8425925925925926|0.0018413066864013|0.0038070678710937
48|98|0.8425925925925926|0.0018863677978515|0.0038208961486816
48|99|0.8425925925925926|0.0018923282623291|0.0039269924163818
48|100|0.8425925925925926|0.0019097328186035|0.0039546489715576
48|101|0.8425925925925926|0.0019357204437255|0.0039200782775878
48|102|0.8425925925925926|0.0019304752349853|0.0039100646972656
48|103|0.8425925925925926|0.0019667148590087|0.003979206085205
48|104|0.8425925925925926|0.0019590854644775|0.0039277076721191
48|105|0.8425925925925926|0.0019807815551757|0.0040044784545898
48|106|0.8425925925925926|0.0019893646240234|0.0040171146392822
48|107|0.8425925925925926|0.0020034313201904|0.0040194988250732
48|108|0.8425925925925926|0.0020277500152587|0.0040400028228759
48|109|0.8425925925925926|0.002016544342041|0.0040125846862792
48|110|0.8425925925925926|0.0020170211791992|0.0040006637573242
48|111|0.8425925925925926|0.0020301342010498|0.0040335655212402
48|112|0.8425925925925926|0.0020256042480468|0.00408935546875
48|113|0.8425925925925926|0.0020546913146972|0.0040476322174072
48|114|0.8518518518518519|0.0020403861999511|0.0040357112884521
48|115|0.8518518518518519|0.0020694732666015|0.0040802955627441
48|116|0.8518518518518519|0.0021231174468994|0.004138708114624
48|117|0.8518518518518519|0.002124547958374|0.0040979385375976
48|118|0.8518518518518519|0.0021364688873291|0.0042142868041992
48|119|0.8518518518518519|0.0021612644195556|0.0042536258697509
48|120|0.8518518518518519|0.0020713806152343|0.0042121410369873
48|121|0.8518518518518519|0.0021040439605712|0.0041589736938476
48|122|0.8518518518518519|0.0021157264709472|0.0041704177856445
48|123|0.8518518518518519|0.0021374225616455|0.0042593479156494
48|124|0.8518518518518519|0.0021390914916992|0.0041801929473876
48|125|0.8518518518518519|0.0021381378173828|0.0042929649353027
48|126|0.8518518518518519|0.00215744972229|0.0042872428894042
48|127|0.8518518518518519|0.0021548271179199|0.0042536258697509
48|128|0.8518518518518519|0.0021631717681884|0.0042071342468261
48|129|0.8518518518518519|0.0021731853485107|0.0042395591735839
48|130|0.8518518518518519|0.0022218227386474|0.0043189525604248
48|131|0.8518518518518519|0.0022933483123779|0.0042190551757812
48|132|0.8518518518518519|0.0022711753845214|0.0042226314544677
48|133|0.8518518518518519|0.00227952003479|0.0042464733123779
48|134|0.8518518518518519|0.0022804737091064|0.0042407512664794
48|135|0.8518518518518519|0.002293586730957|0.0042624473571777
48|136|0.8518518518518519|0.0022418498992919|0.0042436122894287
48|137|0.8518518518518519|0.0022976398468017|0.0043134689331054
48|138|0.8518518518518519|0.0022363662719726|0.0042862892150878
48|139|0.8518518518518519|0.0023088455200195|0.004267930984497
49|20|0.8148148148148148|0.0012674331665039|
49|21|0.8240740740740741|0.0009794235229492|0.00140380859375
49|22|0.7870370370370371|0.0010395050048828|0.0013744831085205
49|23|0.8240740740740741|0.0010435581207275|0.0014436244964599
49|24|0.8240740740740741|0.0010437965393066|0.0014703273773193
49|25|0.7685185185185185|0.0010173320770263|0.0015199184417724
49|26|0.8611111111111112|0.0010321140289306|0.001563549041748
49|27|0.8055555555555556|0.0010542869567871|0.0015943050384521
49|28|0.7962962962962963|0.001021385192871|0.0015902519226074
49|29|0.7870370370370371|0.0010197162628173|0.001711368560791
49|30|0.8148148148148148|0.0010416507720947|0.0017433166503906
49|31|0.8240740740740741|0.001044750213623|0.0017859935760498
49|32|0.8240740740740741|0.0010559558868408|0.0017604827880859
49|33|0.8055555555555556|0.0010364055633544|0.0018033981323242
49|34|0.8148148148148148|0.0010626316070556|0.0019066333770751
49|35|0.8148148148148148|0.0010650157928466|0.0018770694732666
49|36|0.7962962962962963|0.0010936260223388|0.0019500255584716
49|37|0.7962962962962963|0.001068115234375|0.0019867420196533
49|38|0.7962962962962963|0.001152753829956|0.0020551681518554
49|39|0.7777777777777778|0.0010755062103271|0.0020830631256103
49|40|0.8240740740740741|0.0011401176452636|0.0020737648010253
49|41|0.8333333333333334|0.0010924339294433|0.0021102428436279
49|42|0.8148148148148148|0.0011367797851562|0.0023219585418701
49|43|0.8055555555555556|0.0011200904846191|0.0023684501647949
49|44|0.8148148148148148|0.0011360645294189|0.0023000240325927
49|45|0.8055555555555556|0.001127004623413|0.002389907836914
49|46|0.8333333333333334|0.0011727809906005|0.0023317337036132
49|47|0.8240740740740741|0.0011308193206787|0.0023818016052246
49|48|0.8425925925925926|0.0012059211730957|0.0024242401123046
49|49|0.8518518518518519|0.0012018680572509|0.0024409294128417
49|50|0.8240740740740741|0.0012423992156982|0.0024046897888183
49|51|0.8148148148148148|0.0012671947479248|0.0025751590728759
49|52|0.8333333333333334|0.0012445449829101|0.0025477409362792
49|53|0.8333333333333334|0.0012283325195312|0.0025346279144287
49|54|0.8425925925925926|0.0012855529785156|0.0026438236236572
49|55|0.8611111111111112|0.0012311935424804|0.0026013851165771
49|56|0.8518518518518519|0.0012745857238769|0.0026688575744628
49|57|0.8611111111111112|0.0012862682342529|0.0027353763580322
49|58|0.8518518518518519|0.0013215541839599|0.0029466152191162
49|59|0.8611111111111112|0.0012681484222412|0.0028724670410156
49|60|0.8703703703703703|0.0013275146484375|0.0028510093688964
49|61|0.8611111111111112|0.0012934207916259|0.0028455257415771
49|62|0.8611111111111112|0.0013751983642578|0.0029737949371337
49|63|0.8518518518518519|0.0013632774353027|0.0029947757720947
49|64|0.8333333333333334|0.0013439655303955|0.0029723644256591
49|65|0.8425925925925926|0.0013372898101806|0.0029375553131103
49|66|0.8425925925925926|0.0013432502746582|0.0032141208648681
49|67|0.8425925925925926|0.0013787746429443|0.0031347274780273
49|68|0.8425925925925926|0.0014107227325439|0.0030748844146728
49|69|0.8333333333333334|0.0014035701751708|0.0031771659851074
49|70|0.8425925925925926|0.0014147758483886|0.003293752670288
49|71|0.8425925925925926|0.0014231204986572|0.0031943321228027
49|72|0.8333333333333334|0.0014464855194091|0.0031483173370361
49|73|0.8425925925925926|0.00146484375|0.0034165382385253
49|74|0.8425925925925926|0.0014605522155761|0.0034072399139404
49|75|0.8518518518518519|0.0014619827270507|0.0034577846527099
49|76|0.8518518518518519|0.0014810562133789|0.003462791442871
49|77|0.8425925925925926|0.0014810562133789|0.0033261775970458
49|78|0.8425925925925926|0.001509666442871|0.0035376548767089
49|79|0.8425925925925926|0.0015075206756591|0.0034244060516357
49|80|0.8425925925925926|0.0015158653259277|0.0036587715148925
49|81|0.8518518518518519|0.0015227794647216|0.0034241676330566
49|82|0.8425925925925926|0.0015487670898437|0.0035550594329833
49|83|0.8425925925925926|0.0015656948089599|0.0037004947662353
49|84|0.8611111111111112|0.0015790462493896|0.0036876201629638
49|85|0.8518518518518519|0.0016114711761474|0.0036568641662597
49|86|0.8518518518518519|0.0015950202941894|0.003662109375
49|87|0.8518518518518519|0.001652717590332|0.0037863254547119
49|88|0.8518518518518519|0.0016925334930419|0.0038211345672607
49|89|0.8518518518518519|0.0016994476318359|0.0040650367736816
49|90|0.8518518518518519|0.0016980171203613|0.0039875507354736
49|91|0.8518518518518519|0.0016999244689941|0.0038485527038574
49|92|0.8425925925925926|0.0017335414886474|0.0039255619049072
49|93|0.8425925925925926|0.0017204284667968|0.0037572383880615
49|94|0.8333333333333334|0.0017547607421875|0.0039899349212646
49|95|0.8333333333333334|0.0017392635345458|0.0039980411529541
49|96|0.8425925925925926|0.0017869472503662|0.0039064884185791
49|97|0.8425925925925926|0.0018036365509033|0.0042946338653564
49|98|0.8425925925925926|0.0018191337585449|0.0041098594665527
49|99|0.8425925925925926|0.0018296241760253|0.0041534900665283
49|100|0.8425925925925926|0.0018844604492187|0.0043215751647949
49|101|0.8425925925925926|0.001838207244873|0.0042030811309814
49|102|0.8425925925925926|0.0018842220306396|0.0039706230163574
49|103|0.8425925925925926|0.0018463134765625|0.004014253616333
49|104|0.8425925925925926|0.0018932819366455|0.0040183067321777
49|105|0.8425925925925926|0.0018894672393798|0.0040695667266845
49|106|0.8425925925925926|0.0019392967224121|0.0042281150817871
49|107|0.8425925925925926|0.001899242401123|0.0040435791015625
49|108|0.8425925925925926|0.0019543170928955|0.0042335987091064
49|109|0.8425925925925926|0.0019178390502929|0.0042572021484375
49|110|0.8425925925925926|0.0019619464874267|0.004134178161621
49|111|0.8425925925925926|0.0019388198852539|0.0042812824249267
49|112|0.8333333333333334|0.0019726753234863|0.0043625831604003
49|113|0.8333333333333334|0.0019648075103759|0.0041203498840332
49|114|0.8333333333333334|0.0019798278808593|0.0041403770446777
49|115|0.8333333333333334|0.0019824504852294|0.0043027400970458
49|116|0.8333333333333334|0.0020012855529785|0.0041654109954833
49|117|0.8333333333333334|0.0020208358764648|0.0046379566192626
49|118|0.8333333333333334|0.0019967555999755|0.0044696331024169
49|119|0.8333333333333334|0.0020368099212646|0.0044500827789306
49|120|0.8333333333333334|0.0020861625671386|0.0041828155517578
49|121|0.8333333333333334|0.0021412372589111|0.0042047500610351
49|122|0.8333333333333334|0.0021619796752929|0.0046019554138183
49|123|0.8333333333333334|0.0021817684173583|0.0044474601745605
49|124|0.8333333333333334|0.0021595954895019|0.0044970512390136
49|125|0.8333333333333334|0.0021913051605224|0.0042827129364013
49|126|0.8333333333333334|0.0021941661834716|0.0042572021484375
49|127|0.8333333333333334|0.0021891593933105|0.0044865608215332
49|128|0.8333333333333334|0.0021948814392089|0.004676342010498
49|129|0.8333333333333334|0.0021381378173828|0.004652976989746
49|130|0.8333333333333334|0.0021331310272216|0.0044975280761718
49|131|0.8333333333333334|0.0021476745605468|0.0045430660247802
49|132|0.8333333333333334|0.0021514892578125|0.0045235157012939
49|133|0.8333333333333334|0.0021672248840332|0.0043036937713623
49|134|0.8333333333333334|0.0022873878479003|0.0045199394226074
49|135|0.8333333333333334|0.0022072792053222|0.0045673847198486
49|136|0.8333333333333334|0.0021939277648925|0.0047721862792968
49|137|0.8333333333333334|0.0022201538085937|0.0043728351593017
49|138|0.8333333333333334|0.002206802368164|0.0045552253723144
49|139|0.8333333333333334|0.002216100692749|0.00433349609375
46|20|0.7962962962962963|0.0012736320495605|
46|21|0.7777777777777778|0.000993013381958|0.0013835430145263
46|22|0.7592592592592593|0.0010275840759277|0.0013556480407714
46|23|0.7777777777777778|0.0009810924530029|0.0013952255249023
46|24|0.8055555555555556|0.0010206699371337|0.0014941692352294
46|25|0.8055555555555556|0.0010046958923339|0.0014646053314208
46|26|0.8055555555555556|0.001007080078125|0.0014901161193847
46|27|0.7870370370370371|0.0010168552398681|0.0015335083007812
46|28|0.7870370370370371|0.0010426044464111|0.0017416477203369
46|29|0.7962962962962963|0.0010316371917724|0.0016236305236816
46|30|0.8055555555555556|0.0010421276092529|0.001708984375
46|31|0.7962962962962963|0.0010416507720947|0.0017981529235839
46|32|0.7777777777777778|0.0010409355163574|0.0018436908721923
46|33|0.8240740740740741|0.0010511875152587|0.001821756362915
46|34|0.8240740740740741|0.0010645389556884|0.0019218921661376
46|35|0.7962962962962963|0.001063585281372|0.0019006729125976
46|36|0.7870370370370371|0.0011181831359863|0.0018956661224365
46|37|0.7870370370370371|0.001065969467163|0.0020029544830322
46|38|0.8148148148148148|0.0011200904846191|0.0019676685333251
46|39|0.8148148148148148|0.001068115234375|0.00215744972229
46|40|0.8148148148148148|0.0011537075042724|0.0021061897277832
46|41|0.8055555555555556|0.0010805130004882|0.0021059513092041
46|42|0.7870370370370371|0.0011436939239501|0.0022709369659423
46|43|0.7685185185185185|0.0011208057403564|0.0022516250610351
46|44|0.7314814814814815|0.0011482238769531|0.0022320747375488
46|45|0.7407407407407407|0.0011384487152099|0.0023205280303955
46|46|0.75|0.0012166500091552|0.0023961067199707
46|47|0.7592592592592593|0.0011463165283203|0.0023820400238037
46|48|0.7870370370370371|0.0011970996856689|0.0024926662445068
46|49|0.7777777777777778|0.0011851787567138|0.0024101734161376
46|50|0.7592592592592593|0.0011913776397705|0.0025131702423095
46|51|0.75|0.0011844635009765|0.00262451171875
46|52|0.7685185185185185|0.0012552738189697|0.0025062561035156
46|53|0.7870370370370371|0.0011980533599853|0.0025410652160644
46|54|0.7962962962962963|0.001246690750122|0.0026261806488037
46|55|0.7870370370370371|0.001249074935913|0.0026965141296386
46|56|0.7777777777777778|0.0012760162353515|0.0026946067810058
46|57|0.7870370370370371|0.0012276172637939|0.0027506351470947
46|58|0.7777777777777778|0.0012798309326171|0.0027546882629394
46|59|0.7870370370370371|0.0012354850769042|0.0027201175689697
46|60|0.7685185185185185|0.0012838840484619|0.00285005569458
46|61|0.7685185185185185|0.0012664794921875|0.0028853416442871
46|62|0.75|0.0013263225555419|0.0028643608093261
46|63|0.7592592592592593|0.0013020038604736|0.0030176639556884
46|64|0.7685185185185185|0.0013277530670166|0.0029985904693603
46|65|0.7777777777777778|0.0013384819030761|0.0029089450836181
46|66|0.7777777777777778|0.0013270378112792|0.0030789375305175
46|67|0.7685185185185185|0.0013308525085449|0.0030553340911865
46|68|0.7777777777777778|0.0013628005981445|0.0032339096069335
46|69|0.7777777777777778|0.0013720989227294|0.0032145977020263
46|70|0.7777777777777778|0.001368761062622|0.0031859874725341
46|71|0.7777777777777778|0.0014028549194335|0.0033333301544189
46|72|0.7777777777777778|0.0014233589172363|0.003307819366455
46|73|0.7777777777777778|0.0014159679412841|0.003345251083374
46|74|0.7592592592592593|0.0014307498931884|0.0033504962921142
46|75|0.7685185185185185|0.0014302730560302|0.0034611225128173
46|76|0.7685185185185185|0.001462697982788|0.0034141540527343
46|77|0.7777777777777778|0.0014665126800537|0.0035159587860107
46|78|0.7962962962962963|0.0014741420745849|0.0034101009368896
46|79|0.7870370370370371|0.001490831375122|0.0035879611968994
46|80|0.7870370370370371|0.0014986991882324|0.0035345554351806
46|81|0.7777777777777778|0.0015275478363037|0.0034267902374267
46|82|0.7777777777777778|0.0015509128570556|0.0036463737487792
46|83|0.7870370370370371|0.00156831741333|0.0036544799804687
46|84|0.7870370370370371|0.0015702247619628|0.0037121772766113
46|85|0.7870370370370371|0.0015640258789062|0.0037429332733154
46|86|0.7777777777777778|0.0015938282012939|0.0037651062011718
46|87|0.7777777777777778|0.0016000270843505|0.0036869049072265
46|88|0.7777777777777778|0.001643419265747|0.003819465637207
46|89|0.7777777777777778|0.0016562938690185|0.0038542747497558
46|90|0.7777777777777778|0.0016589164733886|0.0036859512329101
46|91|0.7777777777777778|0.0017366409301757|0.0039575099945068
46|92|0.7777777777777778|0.0017387866973876|0.0039203166961669
46|93|0.7777777777777778|0.0017614364624023|0.0040209293365478
46|94|0.7870370370370371|0.0017464160919189|0.004105806350708
46|95|0.7870370370370371|0.0017735958099365|0.0039653778076171
46|96|0.7870370370370371|0.001802921295166|0.0039112567901611
46|97|0.7870370370370371|0.0018157958984375|0.0041291713714599
46|98|0.7870370370370371|0.0018634796142578|0.0041418075561523
46|99|0.7870370370370371|0.0018682479858398|0.004122257232666
46|100|0.7962962962962963|0.0018846988677978|0.0042471885681152
46|101|0.7962962962962963|0.0019001960754394|0.0041549205780029
46|102|0.7962962962962963|0.0019044876098632|0.0041813850402832
46|103|0.7962962962962963|0.0019114017486572|0.0039646625518798
46|104|0.7962962962962963|0.0019440650939941|0.0041990280151367
46|105|0.7962962962962963|0.0019357204437255|0.0041432380676269
46|106|0.7870370370370371|0.0019268989562988|0.0042924880981445
46|107|0.7870370370370371|0.0019247531890869|0.0042934417724609
46|108|0.7870370370370371|0.0019247531890869|0.004044771194458
46|109|0.7870370370370371|0.0019700527191162|0.0043089389801025
46|110|0.7870370370370371|0.0019750595092773|0.0040700435638427
46|111|0.7870370370370371|0.0019421577453613|0.0040826797485351
46|112|0.7870370370370371|0.0019667148590087|0.0043394565582275
46|113|0.7870370370370371|0.0019731521606445|0.0042352676391601
46|114|0.7870370370370371|0.0019702911376953|0.0040841102600097
46|115|0.7870370370370371|0.0019710063934326|0.0042831897735595
46|116|0.7870370370370371|0.0019886493682861|0.004235029220581
46|117|0.7870370370370371|0.0020935535430908|0.0043253898620605
46|118|0.7870370370370371|0.0020937919616699|0.0043518543243408
46|119|0.7870370370370371|0.0019993782043457|0.0044095516204833
46|120|0.7870370370370371|0.0020129680633544|0.0043642520904541
46|121|0.7870370370370371|0.0020146369934082|0.0044403076171875
46|122|0.7870370370370371|0.0019922256469726|0.0041620731353759
46|123|0.7870370370370371|0.0020496845245361|0.0044348239898681
46|124|0.7870370370370371|0.002042531967163|0.0044498443603515
46|125|0.7870370370370371|0.0020527839660644|0.0044891834259033
46|126|0.7870370370370371|0.0020709037780761|0.004380464553833
46|127|0.7870370370370371|0.0020639896392822|0.004399299621582
46|128|0.7870370370370371|0.0020980834960937|0.0043694972991943
46|129|0.7870370370370371|0.0020806789398193|0.0041861534118652
46|130|0.7870370370370371|0.0020942687988281|0.0042314529418945
46|131|0.7870370370370371|0.0021400451660156|0.0045876502990722
46|132|0.7870370370370371|0.0021026134490966|0.0044560432434082
46|133|0.7870370370370371|0.0021076202392578|0.0045099258422851
46|134|0.7870370370370371|0.0021436214447021|0.004216194152832
46|135|0.7870370370370371|0.0021862983703613|0.0044260025024414
46|136|0.7870370370370371|0.0022182464599609|0.0044267177581787
46|137|0.7870370370370371|0.0022110939025878|0.0042357444763183
46|138|0.7870370370370371|0.002213716506958|0.0047507286071777
46|139|0.7870370370370371|0.0022096633911132|0.0045256614685058
46|140|0.7870370370370371|0.0022103786468505|0.0042765140533447
42|20|0.7222222222222222|0.0015394687652587|
42|21|0.7962962962962963|0.0009529590606689|0.0013308525085449
42|22|0.8055555555555556|0.0009768009185791|0.0013399124145507
42|23|0.8055555555555556|0.0009570121765136|0.0014381408691406
42|24|0.8240740740740741|0.0010015964508056|0.0015161037445068
42|25|0.8240740740740741|0.0009632110595703|0.0014774799346923
42|26|0.8425925925925926|0.0009775161743164|0.0016405582427978
42|27|0.8055555555555556|0.0009746551513671|0.0016357898712158
42|28|0.8148148148148148|0.0010232925415039|0.001591682434082
42|29|0.8425925925925926|0.0009760856628417|0.0016322135925292
42|30|0.8148148148148148|0.0009863376617431|0.0016863346099853
42|31|0.8148148148148148|0.0009872913360595|0.0017027854919433
42|32|0.8333333333333334|0.0009801387786865|0.0017712116241455
42|33|0.8148148148148148|0.0009808540344238|0.0017814636230468
42|34|0.8148148148148148|0.0010147094726562|0.0018215179443359
42|35|0.8240740740740741|0.0010161399841308|0.0018556118011474
42|36|0.8240740740740741|0.0010328292846679|0.0019764900207519
42|37|0.8425925925925926|0.00101900100708|0.0021286010742187
42|38|0.8148148148148148|0.0010809898376464|0.0019843578338623
42|39|0.8148148148148148|0.0010249614715576|0.0021181106567382
42|40|0.8148148148148148|0.0010778903961181|0.002129316329956
42|41|0.8148148148148148|0.0010461807250976|0.0022578239440917
42|42|0.8148148148148148|0.0010962486267089|0.0022602081298828
42|43|0.8148148148148148|0.0010671615600585|0.0022172927856445
42|44|0.7962962962962963|0.0010862350463867|0.0022954940795898
42|45|0.8055555555555556|0.0010714530944824|0.0023858547210693
42|46|0.8055555555555556|0.0011122226715087|0.0023434162139892
42|47|0.8148148148148148|0.0010831356048583|0.0024361610412597
42|48|0.8055555555555556|0.0011601448059082|0.0025169849395751
42|49|0.8240740740740741|0.001122236251831|0.0024545192718505
42|50|0.8240740740740741|0.001164436340332|0.0025646686553955
42|51|0.8240740740740741|0.0011141300201416|0.0024690628051757
42|52|0.8333333333333334|0.0011649131774902|0.0025739669799804
42|53|0.8333333333333334|0.0011370182037353|0.0025548934936523
42|54|0.8240740740740741|0.0011813640594482|0.0025801658630371
42|55|0.8148148148148148|0.0011639595031738|0.0026178359985351
42|56|0.8148148148148148|0.0011870861053466|0.0026884078979492
42|57|0.8240740740740741|0.0011627674102783|0.002699851989746
42|58|0.8333333333333334|0.0011990070343017|0.0026876926422119
42|59|0.8333333333333334|0.001197338104248|0.0028307437896728
42|60|0.8333333333333334|0.0012323856353759|0.0028266906738281
42|61|0.8333333333333334|0.0012004375457763|0.0028667449951171
42|62|0.8240740740740741|0.0012757778167724|0.0029599666595458
42|63|0.8425925925925926|0.001235008239746|0.0029957294464111
42|64|0.8425925925925926|0.0012366771697998|0.0029799938201904
42|65|0.8425925925925926|0.0012500286102294|0.0030691623687744
42|66|0.8333333333333334|0.0012652873992919|0.0029597282409667
42|67|0.8425925925925926|0.0012736320495605|0.003056526184082
42|68|0.8425925925925926|0.0013012886047363|0.0030758380889892
42|69|0.8425925925925926|0.0013191699981689|0.0031301975250244
42|70|0.8425925925925926|0.0012958049774169|0.0030875205993652
42|71|0.8240740740740741|0.0013251304626464|0.0032806396484375
42|72|0.8148148148148148|0.0013132095336914|0.0033442974090576
42|73|0.8148148148148148|0.0013456344604492|0.003286600112915
42|74|0.8148148148148148|0.0013594627380371|0.0033750534057617
42|75|0.8240740740740741|0.0013520717620849|0.0032558441162109
42|76|0.8240740740740741|0.001392126083374|0.0033299922943115
42|77|0.8240740740740741|0.0014114379882812|0.0033211708068847
42|78|0.8240740740740741|0.0014166831970214|0.0034863948822021
42|79|0.8240740740740741|0.0014224052429199|0.0034189224243164
42|80|0.8333333333333334|0.0014371871948242|0.003446340560913
42|81|0.8333333333333334|0.0014646053314208|0.003443956375122
42|82|0.8333333333333334|0.0023837089538574|0.0059545040130615
42|83|0.8425925925925926|0.0024566650390625|0.0063841342926025
42|84|0.8425925925925926|0.0024259090423583|0.0064175128936767
42|85|0.8425925925925926|0.0024342536926269|0.0064666271209716
42|86|0.8333333333333334|0.0015845298767089|0.0054149627685546
42|87|0.8333333333333334|0.0015897750854492|0.0036664009094238
42|88|0.8333333333333334|0.0015897750854492|0.0036518573760986
42|89|0.8333333333333334|0.0015928745269775|0.0041217803955078
42|90|0.8425925925925926|0.0016026496887207|0.0038232803344726
42|91|0.8425925925925926|0.0016555786132812|0.0038387775421142
42|92|0.8425925925925926|0.0016443729400634|0.0037713050842285
42|93|0.8518518518518519|0.0016689300537109|0.0038318634033203
42|94|0.8518518518518519|0.0016849040985107|0.0038604736328125
42|95|0.8518518518518519|0.0017018318176269|0.0040206909179687
42|96|0.8518518518518519|0.0017175674438476|0.0040802955627441
42|97|0.8518518518518519|0.0017035007476806|0.0040516853332519
42|98|0.8518518518518519|0.0017249584197998|0.0039854049682617
42|99|0.8518518518518519|0.0017454624176025|0.0041210651397705
42|100|0.8518518518518519|0.0017793178558349|0.0040795803070068
42|101|0.8518518518518519|0.0017726421356201|0.0042042732238769
42|102|0.8518518518518519|0.001781940460205|0.0041549205780029
42|103|0.8518518518518519|0.0018203258514404|0.0040557384490966
42|104|0.8425925925925926|0.0017721652984619|0.0040705204010009
42|105|0.8425925925925926|0.0017812252044677|0.0040814876556396
42|106|0.8518518518518519|0.0017778873443603|0.0040266513824462
42|107|0.8518518518518519|0.0017890930175781|0.0040709972381591
42|108|0.8518518518518519|0.0017931461334228|0.00411057472229
42|109|0.8518518518518519|0.001814842224121|0.0040590763092041
42|110|0.8333333333333334|0.0018379688262939|0.0041353702545166
42|111|0.8425925925925926|0.0018627643585205|0.0043191909790039
42|112|0.8425925925925926|0.0018718242645263|0.0041918754577636
42|113|0.8425925925925926|0.0018754005432128|0.0042495727539062
42|114|0.8425925925925926|0.0018928050994873|0.0041844844818115
42|115|0.8425925925925926|0.0019056797027587|0.0042951107025146
42|116|0.8425925925925926|0.0019068717956542|0.0044021606445312
42|117|0.8425925925925926|0.001927375793457|0.0042603015899658
42|118|0.8425925925925926|0.0019302368164062|0.0042610168457031
42|119|0.8425925925925926|0.0019454956054687|0.0042996406555175
42|120|0.8425925925925926|0.0019433498382568|0.0042464733123779
42|121|0.8425925925925926|0.0019512176513671|0.0042753219604492
42|122|0.8425925925925926|0.0019783973693847|0.0042436122894287
42|123|0.8425925925925926|0.002030611038208|0.0043988227844238
42|124|0.8425925925925926|0.0020060539245605|0.0044836997985839
42|125|0.8425925925925926|0.0020070075988769|0.0043294429779052
42|126|0.8333333333333334|0.0020003318786621|0.0042915344238281
42|127|0.8333333333333334|0.0020122528076171|0.0042855739593505
42|128|0.8333333333333334|0.002012014389038|0.0044252872467041
42|129|0.8333333333333334|0.0020163059234619|0.0043601989746093
42|130|0.8333333333333334|0.0021016597747802|0.0044095516204833
42|131|0.8333333333333334|0.0020914077758789|0.004432201385498
42|132|0.8333333333333334|0.0020980834960937|0.0043718814849853
42|133|0.8333333333333334|0.0021097660064697|0.0045957565307617
42|134|0.8333333333333334|0.0021321773529052|0.0045368671417236
42|135|0.8333333333333334|0.0021324157714843|0.0046019554138183
42|136|0.8333333333333334|0.0021307468414306|0.0044667720794677
42|137|0.8333333333333334|0.0021731853485107|0.0045912265777587
42|138|0.8333333333333334|0.0021770000457763|0.0044586658477783
42|139|0.8333333333333334|0.0021896362304687|0.0046660900115966
41|140|0.8796296296296297|0.0021860599517822|0.0044755935668945
41|141|0.8796296296296297|0.0021886825561523|0.0045053958892822
41|142|0.8796296296296297|0.0022096633911132|0.0045199394226074
41|143|0.8796296296296297|0.0022149085998535|0.0044896602630615
41|144|0.8796296296296297|0.0022065639495849|0.0045161247253417
41|145|0.8796296296296297|0.0022423267364501|0.0045506954193115
41|146|0.8796296296296297|0.002249002456665|0.0045297145843505
41|147|0.8796296296296297|0.0022439956665039|0.0044972896575927
41|148|0.8796296296296297|0.0022675991058349|0.0044553279876708
41|149|0.8796296296296297|0.0022499561309814|0.0045368671417236
41|150|0.8796296296296297|0.0022690296173095|0.0045266151428222
41|151|0.8796296296296297|0.0022602081298828|0.0045022964477539
41|152|0.8796296296296297|0.0022714138031005|0.0045752525329589
41|153|0.8796296296296297|0.0023050308227539|0.0045220851898193
41|154|0.8796296296296297|0.0022907257080078|0.0044546127319335
41|155|0.8796296296296297|0.0023167133331298|0.0045070648193359
41|156|0.8796296296296297|0.0023090839385986|0.0046157836914062
41|157|0.8703703703703703|0.0022814273834228|0.0044095516204833
41|158|0.8703703703703703|0.0024080276489257|0.0046191215515136
41|159|0.8703703703703703|0.0023767948150634|0.0045475959777832
41|160|0.8703703703703703|0.0023419857025146|0.0044186115264892
41|161|0.8703703703703703|0.0023846626281738|0.0045094490051269
41|162|0.8703703703703703|0.0023601055145263|0.004533052444458
47|141|0.7592592592592593|0.0021438598632812|0.0043041706085205
47|142|0.7592592592592593|0.0021209716796875|0.0050799846649169
47|143|0.7685185185185185|0.0021116733551025|0.0044965744018554
47|144|0.7685185185185185|0.0021190643310546|0.0046586990356445
47|145|0.7685185185185185|0.0021693706512451|0.0043864250183105
47|146|0.7685185185185185|0.0021338462829589|0.004493236541748
47|147|0.7685185185185185|0.0021722316741943|0.004504919052124
47|148|0.7685185185185185|0.0021417140960693|0.0043282508850097
47|149|0.7685185185185185|0.0021705627441406|0.0045430660247802
47|150|0.7685185185185185|0.0021777153015136|0.004645824432373
47|151|0.7685185185185185|0.002169132232666|0.0044567584991455
47|152|0.7685185185185185|0.0022006034851074|0.0043418407440185
47|153|0.7685185185185185|0.0022070407867431|0.0045936107635498
47|154|0.7685185185185185|0.0021953582763671|0.0047781467437744
47|155|0.7685185185185185|0.002223253250122|0.0044608116149902
47|156|0.7685185185185185|0.0022387504577636|0.0043165683746337
47|157|0.7685185185185185|0.0022203922271728|0.0050745010375976
47|158|0.7685185185185185|0.003164529800415|0.0062479972839355
47|159|0.7685185185185185|0.0022737979888916|0.00455904006958
47|160|0.7685185185185185|0.0022766590118408|0.0047252178192138
47|161|0.7685185185185185|0.0035867691040039|0.0048582553863525
47|162|0.7685185185185185|0.0024073123931884|0.004671573638916
43|139|0.8796296296296297|0.0021250247955322|0.0044631958007812
43|140|0.8796296296296297|0.0021555423736572|0.004521369934082
43|141|0.8796296296296297|0.0021498203277587|0.0044989585876464
43|142|0.8796296296296297|0.0021619796752929|0.0048303604125976
43|143|0.8796296296296297|0.0022675991058349|0.0044455528259277
43|144|0.8796296296296297|0.002176284790039|0.0044848918914794
43|145|0.8796296296296297|0.0021808147430419|0.0044922828674316
43|146|0.8796296296296297|0.0022017955780029|0.0045063495635986
43|147|0.8796296296296297|0.002169132232666|0.0044572353363037
43|148|0.8796296296296297|0.0021731853485107|0.0045323371887207
43|149|0.8796296296296297|0.0021860599517822|0.004488468170166
43|150|0.8796296296296297|0.0021860599517822|0.0044631958007812
43|151|0.8796296296296297|0.0021922588348388|0.004486083984375
43|152|0.8796296296296297|0.0022075176239013|0.0045108795166015
43|153|0.8796296296296297|0.0022282600402832|0.0045106410980224
43|154|0.8796296296296297|0.0022246837615966|0.0044882297515869
43|155|0.8796296296296297|0.0022535324096679|0.0044796466827392
43|156|0.8796296296296297|0.0022604465484619|0.0045161247253417
43|157|0.8796296296296297|0.002251386642456|0.0045232772827148
43|158|0.8796296296296297|0.002497911453247|0.0046155452728271
43|159|0.8796296296296297|0.0022950172424316|0.004547119140625
43|160|0.8796296296296297|0.0022740364074707|0.0045316219329833
43|161|0.8796296296296297|0.0024464130401611|0.004507303237915
43|162|0.8796296296296297|0.0024926662445068|0.0045053958892822
44|140|0.8148148148148148|0.0020818710327148|0.0047087669372558
44|141|0.8148148148148148|0.0021212100982666|0.0045444965362548
44|142|0.8148148148148148|0.0020759105682373|0.0044705867767333
44|143|0.8148148148148148|0.0021789073944091|0.0045812129974365
44|144|0.8148148148148148|0.0020945072174072|0.0046634674072265
44|145|0.8148148148148148|0.0020902156829833|0.004460334777832
44|146|0.8148148148148148|0.0021283626556396|0.0047314167022705
44|147|0.8148148148148148|0.00215744972229|0.0045688152313232
44|148|0.8148148148148148|0.0021204948425292|0.0045945644378662
44|149|0.8148148148148148|0.0021333694458007|0.0049879550933837
44|150|0.8148148148148148|0.0021116733551025|0.0049054622650146
44|151|0.8148148148148148|0.0021297931671142|0.0043342113494873
44|152|0.8148148148148148|0.0021421909332275|0.0047144889831542
44|153|0.8148148148148148|0.0021748542785644|0.0044810771942138
44|154|0.8148148148148148|0.0021872520446777|0.00496506690979
44|155|0.8148148148148148|0.002171516418457|0.0043270587921142
44|156|0.8148148148148148|0.0022304058074951|0.0048968791961669
44|157|0.8148148148148148|0.002197265625|0.0045695304870605
44|158|0.8148148148148148|0.0022149085998535|0.0044386386871337
44|159|0.8148148148148148|0.0022251605987548|0.0048446655273437
44|160|0.8148148148148148|0.0023164749145507|0.0044620037078857
44|161|0.8148148148148148|0.0023493766784667|0.004791259765625
44|162|0.8148148148148148|0.0024738311767578|0.0047082901000976
40|140|0.8333333333333334|0.0021758079528808|0.0045094490051269
40|141|0.8333333333333334|0.0021784305572509|0.0044963359832763
40|142|0.8333333333333334|0.0022060871124267|0.0046577453613281
40|143|0.8333333333333334|0.0021975040435791|0.0044646263122558
40|144|0.8333333333333334|0.0022041797637939|0.0045986175537109
40|145|0.8333333333333334|0.0022168159484863|0.004533052444458
40|146|0.8333333333333334|0.0022146701812744|0.0044739246368408
40|147|0.8333333333333334|0.0022292137145996|0.0045971870422363
40|148|0.8333333333333334|0.0022487640380859|0.0045802593231201
40|149|0.8333333333333334|0.0022149085998535|0.0046281814575195
40|150|0.8333333333333334|0.0022196769714355|0.0044412612915039
40|151|0.8333333333333334|0.0024549961090087|0.0046420097351074
40|152|0.8333333333333334|0.0022530555725097|0.0046916007995605
40|153|0.8333333333333334|0.0022976398468017|0.0045526027679443
40|154|0.8333333333333334|0.0022675991058349|0.004483938217163
40|155|0.8333333333333334|0.0022807121276855|0.0045430660247802
40|156|0.8333333333333334|0.0023393630981445|0.0046088695526123
40|157|0.8333333333333334|0.0024213790893554|0.0046305656433105
40|158|0.8333333333333334|0.0024881362915039|0.0046772956848144
40|159|0.8333333333333334|0.0025413036346435|0.0045185089111328
40|160|0.8333333333333334|0.0025594234466552|0.0046560764312744
40|161|0.8333333333333334|0.0025904178619384|0.004587173461914
40|162|0.8333333333333334|0.0025103092193603|0.0045588016510009
45|140|0.8518518518518519|0.0023186206817626|0.0046265125274658
45|141|0.8518518518518519|0.002328872680664|0.004448652267456
45|142|0.8518518518518519|0.002371072769165|0.00455904006958
45|143|0.8518518518518519|0.0023567676544189|0.0047452449798583
45|144|0.8518518518518519|0.0023677349090576|0.004894733428955
45|145|0.8518518518518519|0.0023708343505859|0.0044522285461425
45|146|0.8518518518518519|0.0024194717407226|0.0047290325164794
45|147|0.8518518518518519|0.0024173259735107|0.0047476291656494
45|148|0.8518518518518519|0.0024025440216064|0.0047461986541748
45|149|0.8518518518518519|0.0024042129516601|0.0044653415679931
45|150|0.8518518518518519|0.0024502277374267|0.004667043685913
45|151|0.8518518518518519|0.0024034976959228|0.0047996044158935
45|152|0.8518518518518519|0.0023500919342041|0.0046372413635253
45|153|0.8518518518518519|0.002375841140747|0.0044457912445068
45|154|0.8518518518518519|0.002368688583374|0.0047762393951416
45|155|0.8518518518518519|0.0028638839721679|0.0050239562988281
45|156|0.8518518518518519|0.0023965835571289|0.0044562816619873
45|157|0.8518518518518519|0.0024075508117675|0.0047979354858398
45|158|0.8518518518518519|0.002455711364746|0.0047063827514648
45|159|0.8518518518518519|0.0024459362030029|0.0044639110565185
45|160|0.8518518518518519|0.0024263858795166|0.0044503211975097
45|161|0.8518518518518519|0.0024304389953613|0.0048160552978515
45|162|0.8518518518518519|0.0024394989013671|0.0044825077056884
48|140|0.8518518518518519|0.0022494792938232|0.0042693614959716
48|141|0.8518518518518519|0.0023441314697265|0.0043051242828369
48|142|0.8518518518518519|0.0023486614227294|0.0043411254882812
48|143|0.8518518518518519|0.0023386478424072|0.0044164657592773
48|144|0.8425925925925926|0.0023643970489501|0.0044453144073486
48|145|0.8425925925925926|0.00240159034729|0.0044665336608886
48|146|0.8425925925925926|0.0023951530456542|0.0044665336608886
48|147|0.8425925925925926|0.0024003982543945|0.0044126510620117
48|148|0.8425925925925926|0.0024161338806152|0.0045034885406494
48|149|0.8425925925925926|0.0024287700653076|0.0044741630554199
48|150|0.8425925925925926|0.002432107925415|0.0044076442718505
48|151|0.8425925925925926|0.0024504661560058|0.0044343471527099
48|152|0.8425925925925926|0.0024769306182861|0.0044102668762207
48|153|0.8425925925925926|0.0024657249450683|0.0044140815734863
48|154|0.8425925925925926|0.0024752616882324|0.0045130252838134
48|155|0.8425925925925926|0.0024850368499755|0.0044362545013427
48|156|0.8425925925925926|0.0025115013122558|0.0044143199920654
48|157|0.8425925925925926|0.0024971961975097|0.0045230388641357
48|158|0.8425925925925926|0.0027399063110351|0.0045070648193359
48|159|0.8425925925925926|0.0025293827056884|0.0044331550598144
48|160|0.8425925925925926|0.0025148391723632|0.0045135021209716
48|161|0.8425925925925926|0.0025594234466552|0.0044267177581787
48|162|0.8425925925925926|0.0025348663330078|0.0044865608215332
49|140|0.8333333333333334|0.0022473335266113|0.0045514106750488
49|141|0.8333333333333334|0.0022439956665039|0.0045580863952636
49|142|0.8333333333333334|0.0022530555725097|0.0043370723724365
49|143|0.8333333333333334|0.0022890567779541|0.004575490951538
49|144|0.8333333333333334|0.0022697448730468|0.0046048164367675
49|145|0.8333333333333334|0.0022845268249511|0.0043830871582031
49|146|0.8333333333333334|0.0023016929626464|0.0045230388641357
49|147|0.8333333333333334|0.0023117065429687|0.0046486854553222
49|148|0.8333333333333334|0.0023086071014404|0.0043623447418212
49|149|0.8333333333333334|0.002312421798706|0.0045170783996582
49|150|0.8333333333333334|0.0023212432861328|0.0045166015625
49|151|0.8333333333333334|0.0023250579833984|0.0043966770172119
49|152|0.8333333333333334|0.0023884773254394|0.0045852661132812
49|153|0.8333333333333334|0.0023589134216308|0.0046722888946533
49|154|0.8333333333333334|0.0024042129516601|0.0044069290161132
49|155|0.8333333333333334|0.002453327178955|0.0046124458312988
49|156|0.8333333333333334|0.0023977756500244|0.0043997764587402
49|157|0.8333333333333334|0.0034823417663574|0.0061902999877929
49|158|0.8333333333333334|0.0024347305297851|0.004622459411621
49|159|0.8333333333333334|0.0024433135986328|0.0044159889221191
49|160|0.8333333333333334|0.0024445056915283|0.0044338703155517
49|161|0.8333333333333334|0.0024654865264892|0.0045466423034667
49|162|0.8333333333333334|0.0025229454040527|0.0044386386871337
46|141|0.7870370370370371|0.0022089481353759|0.0044870376586914
46|142|0.7870370370370371|0.0022242069244384|0.0042731761932373
46|143|0.7870370370370371|0.0022127628326416|0.0044929981231689
46|144|0.7870370370370371|0.0022253990173339|0.0046138763427734
46|145|0.7870370370370371|0.0022144317626953|0.0044429302215576
46|146|0.7870370370370371|0.0022192001342773|0.0044083595275878
46|147|0.7870370370370371|0.0022456645965576|0.0045111179351806
46|148|0.7870370370370371|0.0022568702697753|0.0046930313110351
46|149|0.7870370370370371|0.0023348331451416|0.0049910545349121
46|150|0.7870370370370371|0.0023214817047119|0.0046086311340332
46|151|0.7870370370370371|0.0023143291473388|0.0042915344238281
46|152|0.7870370370370371|0.0034091472625732|0.0062012672424316
46|153|0.7870370370370371|0.0023095607757568|0.0046517848968505
46|154|0.7870370370370371|0.002324104309082|0.0042982101440429
46|155|0.7870370370370371|0.0023648738861083|0.004378318786621
46|156|0.7870370370370371|0.002349853515625|0.0050444602966308
46|157|0.7870370370370371|0.0023162364959716|0.0043213367462158
46|158|0.7870370370370371|0.0023024082183837|0.0042989253997802
46|159|0.7870370370370371|0.0023009777069091|0.0045645236968994
46|160|0.7870370370370371|0.0023181438446044|0.0045287609100341
46|161|0.7870370370370371|0.0025036334991455|0.0043141841888427
46|162|0.7870370370370371|0.0025784969329833|0.0045864582061767
42|140|0.8333333333333334|0.0022134780883789|0.0045893192291259
42|141|0.8333333333333334|0.0022056102752685|0.0044870376586914
42|142|0.8333333333333334|0.0032110214233398|0.0060327053070068
42|143|0.8333333333333334|0.0022597312927246|0.0046582221984863
42|144|0.8333333333333334|0.0022506713867187|0.0046846866607666
42|145|0.8333333333333334|0.0022449493408203|0.0045068264007568
42|146|0.8333333333333334|0.0022668838500976|0.0047810077667236
42|147|0.8333333333333334|0.0022881031036376|0.0045139789581298
42|148|0.8333333333333334|0.0023057460784912|0.004772663116455
42|149|0.8333333333333334|0.0022780895233154|0.004875898361206
42|150|0.8333333333333334|0.002427339553833|0.0045480728149414
42|151|0.8333333333333334|0.0024566650390625|0.0046913623809814
42|152|0.8333333333333334|0.0025782585144042|0.0046291351318359
42|153|0.8333333333333334|0.0026183128356933|0.0045773983001708
42|154|0.8333333333333334|0.0026981830596923|0.0047113895416259
42|155|0.8333333333333334|0.0027196407318115|0.0046560764312744
42|156|0.8333333333333334|0.0025286674499511|0.0045797824859619
42|157|0.8333333333333334|0.0024394989013671|0.004467487335205
42|158|0.8333333333333334|0.0025033950805664|0.0045382976531982
42|159|0.8333333333333334|0.0024566650390625|0.0043568611145019
42|160|0.8333333333333334|0.0023138523101806|0.0045595169067382
42|161|0.8333333333333334|0.002204418182373|0.0041897296905517
42|162|0.8333333333333334|0.0022084712982177|0.0044691562652587
50|20|0.7685185185185185|0.0013606548309326|
50|21|0.7777777777777778|0.0010526180267333|0.0014040470123291
50|22|0.7777777777777778|0.0011193752288818|0.0014338493347167
50|23|0.7777777777777778|0.0010664463043212|0.0014796257019042
50|24|0.7314814814814815|0.0010480880737304|0.001490831375122
50|25|0.75|0.0010402202606201|0.0014865398406982
50|26|0.7592592592592593|0.0010552406311035|0.00160813331604
50|27|0.7685185185185185|0.0010488033294677|0.0015935897827148
50|28|0.75|0.0010631084442138|0.0016481876373291
50|29|0.7777777777777778|0.0010480880737304|0.0016918182373046
50|30|0.7870370370370371|0.0010797977447509|0.0017476081848144
50|31|0.7777777777777778|0.0011181831359863|0.0018134117126464
50|32|0.7314814814814815|0.0010287761688232|0.0017423629760742
50|33|0.7962962962962963|0.0010387897491455|0.0018069744110107
50|34|0.8240740740740741|0.0010645389556884|0.0019021034240722
50|35|0.8055555555555556|0.0010740756988525|0.0019605159759521
50|36|0.8055555555555556|0.0011141300201416|0.0019235610961914
50|37|0.8055555555555556|0.001108169555664|0.0020020008087158
50|38|0.8148148148148148|0.001131534576416|0.0019748210906982
50|39|0.8055555555555556|0.0010950565338134|0.0019960403442382
50|40|0.8333333333333334|0.0011448860168457|0.0021185874938964
50|41|0.8425925925925926|0.0011072158813476|0.0021352767944335
50|42|0.8425925925925926|0.001133918762207|0.0021097660064697
50|43|0.8333333333333334|0.0011408329010009|0.0021319389343261
50|44|0.8055555555555556|0.0011548995971679|0.0022680759429931
50|45|0.8240740740740741|0.0011351108551025|0.0022280216217041
50|46|0.8240740740740741|0.0011847019195556|0.0023183822631835
50|47|0.8425925925925926|0.0011563301086425|0.0023741722106933
50|48|0.7962962962962963|0.0012059211730957|0.002427339553833
50|49|0.8148148148148148|0.0011656284332275|0.0024747848510742
50|50|0.8333333333333334|0.0012099742889404|0.0025649070739746
50|51|0.8240740740740741|0.0011665821075439|0.002465009689331
50|52|0.8148148148148148|0.0012385845184326|0.0025229454040527
50|53|0.8333333333333334|0.0012180805206298|0.0026273727416992
50|54|0.8240740740740741|0.0012574195861816|0.0026822090148925
50|55|0.8148148148148148|0.0012557506561279|0.0027301311492919
50|56|0.8055555555555556|0.0012784004211425|0.0028162002563476
50|57|0.8148148148148148|0.0012571811676025|0.0027461051940917
50|58|0.8240740740740741|0.001310110092163|0.0027425289154052
50|59|0.8148148148148148|0.0012831687927246|0.0028555393218994
50|60|0.8055555555555556|0.0013067722320556|0.002894639968872
50|61|0.8148148148148148|0.0012810230255126|0.0028450489044189
50|62|0.8148148148148148|0.0013394355773925|0.0029280185699462
50|63|0.8240740740740741|0.0013153553009033|0.0030539035797119
50|64|0.8240740740740741|0.0013110637664794|0.0029966831207275
50|65|0.8240740740740741|0.0013275146484375|0.0030562877655029
50|66|0.8240740740740741|0.0013108253479003|0.0030379295349121
50|67|0.8240740740740741|0.0013279914855957|0.0030927658081054
50|68|0.8240740740740741|0.0013248920440673|0.0030527114868164
50|69|0.8333333333333334|0.0013370513916015|0.0030333995819091
50|70|0.8333333333333334|0.0013682842254638|0.0032024383544921
50|71|0.8333333333333334|0.0013737678527832|0.0033416748046875
50|72|0.8240740740740741|0.0014374256134033|0.0032994747161865
50|73|0.8333333333333334|0.0013842582702636|0.0033721923828125
50|74|0.8333333333333334|0.0014111995697021|0.0032496452331542
50|75|0.8333333333333334|0.0014393329620361|0.003382921218872
50|76|0.8333333333333334|0.0014615058898925|0.0034313201904296
50|77|0.8055555555555556|0.001483678817749|0.0035970211029052
50|78|0.7962962962962963|0.0014629364013671|0.0034708976745605
50|79|0.7962962962962963|0.0014820098876953|0.0034320354461669
50|80|0.8055555555555556|0.0014944076538085|0.0035400390625
50|81|0.8055555555555556|0.0014889240264892|0.0033512115478515
50|82|0.8148148148148148|0.0015254020690917|0.0033934116363525
50|83|0.8055555555555556|0.001563549041748|0.0037059783935546
50|84|0.8055555555555556|0.0015163421630859|0.0037190914154052
50|85|0.8148148148148148|0.0015637874603271|0.0035362243652343
50|86|0.8148148148148148|0.0016136169433593|0.0037992000579833
50|87|0.8240740740740741|0.001617431640625|0.0035169124603271
50|88|0.8240740740740741|0.0015923976898193|0.0037431716918945
50|89|0.8240740740740741|0.0016431808471679|0.0037641525268554
50|90|0.8148148148148148|0.0016291141510009|0.003591775894165
50|91|0.8148148148148148|0.0016367435455322|0.0036115646362304
50|92|0.8148148148148148|0.0016725063323974|0.0037665367126464
50|93|0.8148148148148148|0.0018010139465332|0.0041146278381347
50|94|0.8148148148148148|0.0017549991607666|0.0036923885345458
50|95|0.8148148148148148|0.0017652511596679|0.0039830207824707
50|96|0.8148148148148148|0.0017781257629394|0.0039644241333007
50|97|0.8148148148148148|0.001807689666748|0.0041825771331787
50|98|0.8148148148148148|0.0018661022186279|0.0039265155792236
50|99|0.8148148148148148|0.0018491744995117|0.0041921138763427
50|100|0.8148148148148148|0.0017988681793212|0.0041117668151855
50|101|0.8148148148148148|0.0018534660339355|0.0041122436523437
50|102|0.8148148148148148|0.0018551349639892|0.0043501853942871
50|103|0.8148148148148148|0.0019056797027587|0.0039074420928955
50|104|0.8148148148148148|0.0018770694732666|0.0042090415954589
50|105|0.8148148148148148|0.0019359588623046|0.0041186809539794
50|106|0.8148148148148148|0.0019800662994384|0.0041995048522949
50|107|0.8148148148148148|0.0019638538360595|0.0042495727539062
50|108|0.8148148148148148|0.0019216537475585|0.0042355060577392
50|109|0.8148148148148148|0.0019218921661376|0.0040230751037597
50|110|0.8148148148148148|0.0019166469573974|0.00407075881958
50|111|0.8148148148148148|0.0020031929016113|0.0040452480316162
50|112|0.8148148148148148|0.0019705295562744|0.0041675567626953
50|113|0.8148148148148148|0.0019986629486083|0.0040631294250488
50|114|0.8148148148148148|0.0020020008087158|0.0041015148162841
50|115|0.8148148148148148|0.0020859241485595|0.0043191909790039
50|116|0.8148148148148148|0.0020313262939453|0.0043330192565917
50|117|0.8148148148148148|0.0020754337310791|0.0043766498565673
50|118|0.8148148148148148|0.0020265579223632|0.0044240951538085
50|119|0.8148148148148148|0.0021488666534423|0.0043785572052001
50|120|0.8148148148148148|0.0021202564239501|0.0046634674072265
50|121|0.8148148148148148|0.0021665096282958|0.0045244693756103
50|122|0.8148148148148148|0.0021302700042724|0.0045435428619384
50|123|0.8148148148148148|0.0021147727966308|0.0045528411865234
50|124|0.8148148148148148|0.0021069049835205|0.0045769214630126
50|125|0.8148148148148148|0.0021193027496337|0.0043034553527832
50|126|0.8148148148148148|0.0021641254425048|0.0042617321014404
50|127|0.8148148148148148|0.0021929740905761|0.0046131610870361
50|128|0.8148148148148148|0.0021994113922119|0.0043511390686035
50|129|0.8148148148148148|0.0022058486938476|0.0046637058258056
50|130|0.8148148148148148|0.0022566318511962|0.0045125484466552
50|131|0.8148148148148148|0.0022797584533691|0.0046513080596923
50|132|0.8148148148148148|0.0022926330566406|0.0046167373657226
50|133|0.8148148148148148|0.0022597312927246|0.0046064853668212
50|134|0.8148148148148148|0.0022416114807128|0.0043103694915771
50|135|0.8148148148148148|0.0022716522216796|0.0047125816345214
50|136|0.8148148148148148|0.0023322105407714|0.0044789314270019
50|137|0.8148148148148148|0.0023238658905029|0.0046684741973876
50|138|0.8055555555555556|0.0023086071014404|0.0048174858093261
50|139|0.8055555555555556|0.0023198127746582|0.0050201416015625
52|20|0.7592592592592593|0.0013773441314697|
52|21|0.7592592592592593|0.0009865760803222|0.001359224319458
52|22|0.7870370370370371|0.0010371208190917|0.0013644695281982
52|23|0.7777777777777778|0.0010039806365966|0.001401662826538
52|24|0.7870370370370371|0.0010476112365722|0.0014324188232421
52|25|0.7962962962962963|0.0010328292846679|0.0015151500701904
52|26|0.7962962962962963|0.0010547637939453|0.0015218257904052
52|27|0.7870370370370371|0.0010349750518798|0.0015435218811035
52|28|0.7777777777777778|0.0010797977447509|0.0016157627105712
52|29|0.7592592592592593|0.0010919570922851|0.0016355514526367
52|30|0.7592592592592593|0.0010974407196044|0.0016565322875976
52|31|0.75|0.0011100769042968|0.0016853809356689
52|32|0.75|0.0011038780212402|0.0018355846405029
52|33|0.7407407407407407|0.0011038780212402|0.0018210411071777
52|34|0.75|0.0011696815490722|0.0018353462219238
52|35|0.7592592592592593|0.0011482238769531|0.001957893371582
52|36|0.7777777777777778|0.001204490661621|0.0018858909606933
52|37|0.75|0.0011696815490722|0.001960277557373
52|38|0.7685185185185185|0.0012178421020507|0.001993179321289
52|39|0.7962962962962963|0.0011756420135498|0.002079963684082
52|40|0.7685185185185185|0.0011990070343017|0.0020754337310791
52|41|0.7777777777777778|0.0011863708496093|0.0021042823791503
52|42|0.7592592592592593|0.0011935234069824|0.0021402835845947
52|43|0.7685185185185185|0.0012094974517822|0.0022962093353271
52|44|0.7685185185185185|0.001227855682373|0.0022418498992919
52|45|0.7962962962962963|0.0011799335479736|0.0022706985473632
52|46|0.7962962962962963|0.001190185546875|0.0023305416107177
52|47|0.7870370370370371|0.0011844635009765|0.002410888671875
52|48|0.7777777777777778|0.0012004375457763|0.0024020671844482
52|49|0.7870370370370371|0.0012009143829345|0.0024349689483642
52|50|0.7870370370370371|0.0012776851654052|0.0024526119232177
52|51|0.7962962962962963|0.0012218952178955|0.0025761127471923
52|52|0.7962962962962963|0.001265525817871|0.0024878978729248
52|53|0.8055555555555556|0.0012774467468261|0.0025727748870849
52|54|0.8055555555555556|0.001340627670288|0.0026304721832275
52|55|0.8055555555555556|0.0012567043304443|0.0026710033416748
52|56|0.8148148148148148|0.0013160705566406|0.00266695022583
52|57|0.8148148148148148|0.0012881755828857|0.0026600360870361
52|58|0.7870370370370371|0.0013651847839355|0.0026869773864746
52|59|0.7962962962962963|0.0012729167938232|0.0026719570159912
52|60|0.7962962962962963|0.0013320446014404|0.0027780532836914
52|61|0.8148148148148148|0.0012950897216796|0.0027658939361572
52|62|0.8055555555555556|0.0013763904571533|0.0027778148651123
52|63|0.8148148148148148|0.001314640045166|0.0028553009033203
52|64|0.8148148148148148|0.0013384819030761|0.0029175281524658
52|65|0.8148148148148148|0.001317024230957|0.0028941631317138
52|66|0.8240740740740741|0.0013444423675537|0.0029265880584716
52|67|0.8148148148148148|0.0013492107391357|0.0029799938201904
52|68|0.8055555555555556|0.0013420581817626|0.0030171871185302
52|69|0.8055555555555556|0.0013632774353027|0.0030925273895263
52|70|0.8055555555555556|0.0013709068298339|0.0030741691589355
52|71|0.8055555555555556|0.0013961791992187|0.0030713081359863
52|72|0.8055555555555556|0.0014452934265136|0.003119945526123
52|73|0.8055555555555556|0.0014519691467285|0.0031907558441162
52|74|0.8055555555555556|0.0014824867248535|0.0031280517578125
52|75|0.8055555555555556|0.0014765262603759|0.0033149719238281
52|76|0.8055555555555556|0.0015227794647216|0.0032720565795898
52|77|0.8055555555555556|0.0015201568603515|0.0032835006713867
52|78|0.8055555555555556|0.0015273094177246|0.0033648014068603
52|79|0.8055555555555556|0.0015413761138916|0.0033013820648193
52|80|0.7962962962962963|0.0015397071838378|0.0033948421478271
52|81|0.7962962962962963|0.001575231552124|0.0034248828887939
52|82|0.7962962962962963|0.0015935897827148|0.0034215450286865
52|83|0.7962962962962963|0.001591682434082|0.0034897327423095
52|84|0.7962962962962963|0.0016067028045654|0.0034713745117187
52|85|0.7962962962962963|0.0016324520111083|0.0035066604614257
52|86|0.7962962962962963|0.0016493797302246|0.003594160079956
52|87|0.7962962962962963|0.0016536712646484|0.0036783218383789
52|88|0.8055555555555556|0.0016756057739257|0.00358247756958
52|89|0.8055555555555556|0.0017240047454833|0.0035958290100097
52|90|0.8055555555555556|0.0017213821411132|0.0037043094635009
52|91|0.8148148148148148|0.0017414093017578|0.0036585330963134
52|92|0.8055555555555556|0.0017454624176025|0.0037286281585693
52|93|0.8148148148148148|0.0017623901367187|0.0037221908569335
52|94|0.8148148148148148|0.00181245803833|0.0037858486175537
52|95|0.8148148148148148|0.0018093585968017|0.0038716793060302
52|96|0.8148148148148148|0.0018367767333984|0.0037963390350341
52|97|0.8055555555555556|0.0018563270568847|0.0039021968841552
52|98|0.8055555555555556|0.0018582344055175|0.0040202140808105
52|99|0.7870370370370371|0.0018341541290283|0.0039951801300048
52|100|0.7870370370370371|0.0018839836120605|0.0039138793945312
52|101|0.7870370370370371|0.0019090175628662|0.0040371417999267
52|102|0.7962962962962963|0.0019073486328125|0.0039093494415283
52|103|0.7962962962962963|0.0018835067749023|0.0040032863616943
52|104|0.7962962962962963|0.0018913745880126|0.0040977001190185
52|105|0.7962962962962963|0.0018908977508544|0.0039222240447998
52|106|0.7962962962962963|0.0019145011901855|0.0039241313934326
52|107|0.7962962962962963|0.0019104480743408|0.0040411949157714
52|108|0.7962962962962963|0.0019452571868896|0.0042221546173095
52|109|0.7962962962962963|0.0019278526306152|0.0039875507354736
52|110|0.7962962962962963|0.001957893371582|0.0041851997375488
52|111|0.7962962962962963|0.0019478797912597|0.0042908191680908
52|112|0.7962962962962963|0.0019876956939697|0.0041499137878417
52|113|0.7962962962962963|0.0030109882354736|0.0058543682098388
52|114|0.7962962962962963|0.0020363330841064|0.0041301250457763
52|115|0.7962962962962963|0.0020689964294433|0.0040194988250732
52|116|0.7962962962962963|0.0020172595977783|0.0042724609375
52|117|0.7962962962962963|0.0020532608032226|0.0040555000305175
52|118|0.7962962962962963|0.0020158290863037|0.0041286945343017
52|119|0.7962962962962963|0.0021171569824218|0.0042591094970703
52|120|0.7962962962962963|0.0020034313201904|0.0041499137878417
52|121|0.7962962962962963|0.0020983219146728|0.0041475296020507
52|122|0.7962962962962963|0.0020725727081298|0.0042941570281982
52|123|0.7962962962962963|0.0021064281463623|0.0043826103210449
52|124|0.7962962962962963|0.0021328926086425|0.0041735172271728
52|125|0.7962962962962963|0.0020983219146728|0.0042316913604736
52|126|0.7962962962962963|0.0021278858184814|0.0043754577636718
52|127|0.7962962962962963|0.0021395683288574|0.004296064376831
52|128|0.7962962962962963|0.0021502971649169|0.0043957233428955
52|129|0.7962962962962963|0.0021643638610839|0.0043056011199951
52|130|0.7962962962962963|0.002152681350708|0.0043373107910156
52|131|0.7962962962962963|0.0021631717681884|0.0043787956237792
52|132|0.7962962962962963|0.0021939277648925|0.0044200420379638
52|133|0.7962962962962963|0.0021839141845703|0.0044589042663574
52|134|0.7962962962962963|0.0021827220916748|0.0044741630554199
52|135|0.7962962962962963|0.0022308826446533|0.0043861865997314
52|136|0.7962962962962963|0.0022084712982177|0.0043730735778808
52|137|0.7962962962962963|0.0022211074829101|0.0043668746948242
52|138|0.7962962962962963|0.0022435188293457|0.0042698383331298
52|139|0.7962962962962963|0.0022251605987548|0.0045833587646484
56|20|0.7314814814814815|0.0016796588897705|
56|21|0.75|0.0009634494781494|0.0013933181762695
56|22|0.7685185185185185|0.0011930465698242|0.001371145248413
56|23|0.8240740740740741|0.0010080337524414|0.0014624595642089
56|24|0.8333333333333334|0.0011658668518066|0.0015356540679931
56|25|0.8055555555555556|0.0010180473327636|0.001497745513916
56|26|0.75|0.0010609626770019|0.001516580581665
56|27|0.7685185185185185|0.001086950302124|0.0015664100646972
56|28|0.7592592592592593|0.0010573863983154|0.0016367435455322
56|29|0.7870370370370371|0.0010700225830078|0.0016238689422607
56|30|0.8240740740740741|0.0010938644409179|0.0016703605651855
56|31|0.7870370370370371|0.0010480880737304|0.0017130374908447
56|32|0.7685185185185185|0.0010867118835449|0.0017642974853515
56|33|0.7870370370370371|0.0010352134704589|0.0018389225006103
56|34|0.7777777777777778|0.0010721683502197|0.0018022060394287
56|35|0.7870370370370371|0.0010206699371337|0.001826524734497
56|36|0.7962962962962963|0.0011794567108154|0.0018794536590576
56|37|0.8055555555555556|0.0010187625885009|0.0019145011901855
56|38|0.7962962962962963|0.0012094974517822|0.0019812583923339
56|39|0.8055555555555556|0.0010633468627929|0.0021033287048339
56|40|0.8148148148148148|0.001258373260498|0.0020375251770019
56|41|0.8240740740740741|0.0010459423065185|0.0020992755889892
56|42|0.8240740740740741|0.0011878013610839|0.0022165775299072
56|43|0.8333333333333334|0.0010707378387451|0.0022895336151123
56|44|0.8240740740740741|0.0011556148529052|0.0022244453430175
56|45|0.8148148148148148|0.0010676383972167|0.0022573471069335
56|46|0.8055555555555556|0.0012454986572265|0.0022821426391601
56|47|0.8240740740740741|0.0010826587677001|0.00234055519104
56|48|0.8148148148148148|0.0012378692626953|0.0024147033691406
56|49|0.8240740740740741|0.0010988712310791|0.0025610923767089
56|50|0.8148148148148148|0.0012109279632568|0.0026216506958007
56|51|0.8240740740740741|0.0011186599731445|0.0026235580444335
56|52|0.8240740740740741|0.0012438297271728|0.0025408267974853
56|53|0.8333333333333334|0.001145601272583|0.002575397491455
56|54|0.8240740740740741|0.0013420581817626|0.002619981765747
56|55|0.8240740740740741|0.0013041496276855|0.0028121471405029
56|56|0.8148148148148148|0.0013060569763183|0.0026679039001464
56|57|0.8425925925925926|0.0011677742004394|0.0027387142181396
56|58|0.8425925925925926|0.0013537406921386|0.0027613639831542
56|59|0.8425925925925926|0.0011897087097167|0.0027909278869628
56|60|0.8425925925925926|0.0013723373413085|0.0028753280639648
56|61|0.8333333333333334|0.0012075901031494|0.0028920173645019
56|62|0.8425925925925926|0.0013477802276611|0.0029482841491699
56|63|0.8425925925925926|0.0012271404266357|0.0030105113983154
56|64|0.8425925925925926|0.0012629032135009|0.0029795169830322
56|65|0.8425925925925926|0.0012285709381103|0.0029640197753906
56|66|0.8333333333333334|0.0012567043304443|0.0031688213348388
56|67|0.8425925925925926|0.0012638568878173|0.0030102729797363
56|68|0.8518518518518519|0.0012869834899902|0.0032927989959716
56|69|0.8518518518518519|0.0012664794921875|0.0032010078430175
56|70|0.8425925925925926|0.0012731552124023|0.0031065940856933
56|71|0.8425925925925926|0.0012745857238769|0.0033369064331054
56|72|0.8240740740740741|0.0012848377227783|0.0032284259796142
56|73|0.8240740740740741|0.0013301372528076|0.0031700134277343
56|74|0.8333333333333334|0.0013251304626464|0.0034229755401611
56|75|0.8333333333333334|0.0013306140899658|0.0034666061401367
56|76|0.8425925925925926|0.0013325214385986|0.0036873817443847
56|77|0.8425925925925926|0.0013694763183593|0.0034520626068115
56|78|0.8425925925925926|0.0013597011566162|0.0033550262451171
56|79|0.8425925925925926|0.0014078617095947|0.0033934116363525
56|80|0.8425925925925926|0.0013892650604248|0.00341796875
56|81|0.8425925925925926|0.0013980865478515|0.0033731460571289
56|82|0.8425925925925926|0.001460313796997|0.0034337043762207
56|83|0.8425925925925926|0.001462697982788|0.0036978721618652
56|84|0.8425925925925926|0.0014564990997314|0.0034906864166259
56|85|0.8425925925925926|0.0014703273773193|0.0035021305084228
56|86|0.8425925925925926|0.0014677047729492|0.0036449432373046
56|87|0.8425925925925926|0.0015068054199218|0.0035490989685058
56|88|0.8425925925925926|0.0014903545379638|0.0036349296569824
56|89|0.8425925925925926|0.0015082359313964|0.0036594867706298
56|90|0.8425925925925926|0.0015358924865722|0.0036356449127197
56|91|0.8425925925925926|0.0018539428710937|0.0037968158721923
56|92|0.8425925925925926|0.0016007423400878|0.0037333965301513
56|93|0.8425925925925926|0.001596450805664|0.0037875175476074
56|94|0.8425925925925926|0.0016248226165771|0.0037813186645507
56|95|0.8425925925925926|0.0019490718841552|0.0039544105529785
56|96|0.8425925925925926|0.0016689300537109|0.0042407512664794
56|97|0.8425925925925926|0.0016472339630126|0.0039243698120117
56|98|0.8240740740740741|0.0016853809356689|0.0040690898895263
56|99|0.8425925925925926|0.0016870498657226|0.0040249824523925
56|100|0.8425925925925926|0.00169038772583|0.0040619373321533
56|101|0.8425925925925926|0.0017275810241699|0.0039303302764892
56|102|0.8425925925925926|0.0017426013946533|0.0042695999145507
56|103|0.8425925925925926|0.001800537109375|0.0039777755737304
56|104|0.8425925925925926|0.00175142288208|0.0041077136993408
56|105|0.8425925925925926|0.0017478466033935|0.0041429996490478
56|106|0.8425925925925926|0.0017549991607666|0.0040292739868164
56|107|0.8425925925925926|0.0017991065979003|0.0040149688720703
56|108|0.8425925925925926|0.0018122196197509|0.0040411949157714
56|109|0.8425925925925926|0.0017855167388916|0.0041480064392089
56|110|0.8425925925925926|0.0017764568328857|0.0040717124938964
56|111|0.8425925925925926|0.0018856525421142|0.0041697025299072
56|112|0.8425925925925926|0.0018017292022705|0.004380464553833
56|113|0.8425925925925926|0.0018377304077148|0.004080057144165
56|114|0.8425925925925926|0.0018260478973388|0.0041401386260986
56|115|0.8425925925925926|0.0018742084503173|0.0041291713714599
56|116|0.8425925925925926|0.0018270015716552|0.004373550415039
56|117|0.8425925925925926|0.001842975616455|0.0041279792785644
56|118|0.8425925925925926|0.0018441677093505|0.0042054653167724
56|119|0.8425925925925926|0.0018870830535888|0.0042483806610107
56|120|0.8425925925925926|0.0018563270568847|0.0044014453887939
56|121|0.8425925925925926|0.0018825531005859|0.0041782855987548
56|122|0.8425925925925926|0.0018718242645263|0.0043177604675292
56|123|0.8333333333333334|0.0019571781158447|0.0042243003845214
56|124|0.8333333333333334|0.0019211769104003|0.0042781829833984
56|125|0.8333333333333334|0.0019254684448242|0.0042591094970703
56|126|0.8333333333333334|0.0019659996032714|0.0045564174652099
56|127|0.8333333333333334|0.0019447803497314|0.00459885597229
56|128|0.8333333333333334|0.0019941329956054|0.0042643547058105
56|129|0.8333333333333334|0.0019443035125732|0.0045139789581298
56|130|0.8333333333333334|0.0021538734436035|0.0044257640838623
56|131|0.8333333333333334|0.0019741058349609|0.0044660568237304
56|132|0.8333333333333334|0.0020663738250732|0.0046460628509521
56|133|0.8333333333333334|0.0020437240600585|0.004338264465332
56|134|0.8333333333333334|0.0020554065704345|0.0047073364257812
56|135|0.8333333333333334|0.002070665359497|0.0046489238739013
56|136|0.8333333333333334|0.0020794868469238|0.0044779777526855
56|137|0.8333333333333334|0.0020689964294433|0.0044066905975341
56|138|0.8333333333333334|0.0021400451660156|0.0043644905090332
56|139|0.8333333333333334|0.0020992755889892|0.0045869350433349
59|20|0.7592592592592593|0.001493215560913|
59|21|0.7870370370370371|0.0009903907775878|0.0013399124145507
59|22|0.7777777777777778|0.0010185241699218|0.0013370513916015
59|23|0.7685185185185185|0.0010187625885009|0.0013949871063232
59|24|0.7592592592592593|0.0009932518005371|0.0013964176177978
59|25|0.7592592592592593|0.0009779930114746|0.0014634132385253
59|26|0.7870370370370371|0.0010211467742919|0.0014989376068115
59|27|0.7870370370370371|0.001033067703247|0.001579999923706
59|28|0.7962962962962963|0.001035451889038|0.0016341209411621
59|29|0.7685185185185185|0.0010063648223876|0.0016577243804931
59|30|0.7777777777777778|0.0010161399841308|0.0016589164733886
59|31|0.7685185185185185|0.0010240077972412|0.0017273426055908
59|32|0.7962962962962963|0.0010266304016113|0.0017197132110595
59|33|0.7777777777777778|0.0009882450103759|0.0017495155334472
59|34|0.7870370370370371|0.0010290145874023|0.0018105506896972
59|35|0.8055555555555556|0.0010149478912353|0.0018322467803955
59|36|0.7870370370370371|0.001033067703247|0.0019433498382568
59|37|0.7777777777777778|0.0010364055633544|0.0018956661224365
59|38|0.7777777777777778|0.0010764598846435|0.0019707679748535
59|39|0.7685185185185185|0.0010499954223632|0.0019748210906982
59|40|0.7777777777777778|0.0010943412780761|0.0020320415496826
59|41|0.8055555555555556|0.0010530948638916|0.0021491050720214
59|42|0.7962962962962963|0.0010831356048583|0.0021765232086181
59|43|0.7870370370370371|0.0010886192321777|0.0021774768829345
59|44|0.7777777777777778|0.0011296272277832|0.0021905899047851
59|45|0.7870370370370371|0.0010981559753417|0.0022234916687011
59|46|0.75|0.00115966796875|0.0022625923156738
59|47|0.7685185185185185|0.0010972023010253|0.0022823810577392
59|48|0.8055555555555556|0.0011651515960693|0.0023798942565917
59|49|0.7962962962962963|0.0011031627655029|0.0023591518402099
59|50|0.8055555555555556|0.0011506080627441|0.0023832321166992
59|51|0.8148148148148148|0.0011310577392578|0.0024192333221435
59|52|0.7777777777777778|0.0011749267578125|0.0025861263275146
59|53|0.7870370370370371|0.0011353492736816|0.0024924278259277
59|54|0.7685185185185185|0.0011811256408691|0.0026164054870605
59|55|0.7777777777777778|0.0011827945709228|0.0026800632476806
59|56|0.7870370370370371|0.0012009143829345|0.0025959014892578
59|57|0.8240740740740741|0.0011608600616455|0.0026705265045166
59|58|0.8148148148148148|0.0012197494506835|0.0026464462280273
59|59|0.8148148148148148|0.0011968612670898|0.0028138160705566
59|60|0.8148148148148148|0.0012338161468505|0.0027320384979248
59|61|0.8148148148148148|0.0012011528015136|0.0028057098388671
59|62|0.8148148148148148|0.0012643337249755|0.0028872489929199
59|63|0.8148148148148148|0.0012300014495849|0.0028653144836425
59|64|0.8240740740740741|0.0012633800506591|0.0029058456420898
59|65|0.8240740740740741|0.0012750625610351|0.0028893947601318
59|66|0.8240740740740741|0.0012741088867187|0.0028913021087646
59|67|0.8148148148148148|0.0012567043304443|0.0029609203338623
59|68|0.8148148148148148|0.0012814998626708|0.0030338764190673
59|69|0.8148148148148148|0.0012867450714111|0.0030725002288818
59|70|0.8240740740740741|0.0013091564178466|0.0030665397644042
59|71|0.8333333333333334|0.001307725906372|0.0031473636627197
59|72|0.8333333333333334|0.0013082027435302|0.0031690597534179
59|73|0.8333333333333334|0.0013427734375|0.0031821727752685
59|74|0.8240740740740741|0.0013668537139892|0.0032219886779785
59|75|0.8240740740740741|0.0013773441314697|0.0032620429992675
59|76|0.8240740740740741|0.0013697147369384|0.0034065246582031
59|77|0.8240740740740741|0.0013802051544189|0.0032978057861328
59|78|0.8240740740740741|0.0014173984527587|0.0033597946166992
59|79|0.8333333333333334|0.0014314651489257|0.0033576488494873
59|80|0.8240740740740741|0.001434326171875|0.003411054611206
59|81|0.8240740740740741|0.0014288425445556|0.0036306381225585
59|82|0.8240740740740741|0.001455545425415|0.0035023689270019
59|83|0.8240740740740741|0.0014877319335937|0.0034329891204833
59|84|0.8333333333333334|0.0014898777008056|0.0034966468811035
59|85|0.8333333333333334|0.0015029907226562|0.0035207271575927
59|86|0.8333333333333334|0.0015182495117187|0.0034961700439453
59|87|0.8333333333333334|0.0015478134155273|0.0035405158996582
59|88|0.8333333333333334|0.0015506744384765|0.0035951137542724
59|89|0.8333333333333334|0.0015537738800048|0.0035889148712158
59|90|0.8333333333333334|0.0015802383422851|0.0036280155181884
59|91|0.8333333333333334|0.0018806457519531|0.0039234161376953
59|92|0.8333333333333334|0.0016355514526367|0.0036940574645996
59|93|0.8333333333333334|0.0025920867919921|0.0068635940551757
59|94|0.8333333333333334|0.0025644302368164|0.0069339275360107
59|95|0.8240740740740741|0.0026774406433105|0.0070517063140869
59|96|0.8425925925925926|0.0017127990722656|0.0066020488739013
59|97|0.8425925925925926|0.0017023086547851|0.0038754940032958
59|98|0.8425925925925926|0.0017099380493164|0.0041451454162597
59|99|0.8333333333333334|0.0017509460449218|0.0038414001464843
59|100|0.8333333333333334|0.0017287731170654|0.0042293071746826
59|101|0.8333333333333334|0.0017251968383789|0.0039050579071044
59|102|0.8333333333333334|0.0017602443695068|0.0040013790130615
59|103|0.8333333333333334|0.0017838478088378|0.0040059089660644
59|104|0.8333333333333334|0.0017476081848144|0.0041954517364501
59|105|0.8333333333333334|0.0017518997192382|0.0039477348327636
59|106|0.8333333333333334|0.0017707347869873|0.0042083263397216
59|107|0.8333333333333334|0.0018420219421386|0.0042653083801269
59|108|0.8333333333333334|0.0017874240875244|0.003983736038208
59|109|0.8333333333333334|0.0017733573913574|0.0039911270141601
59|110|0.8333333333333334|0.0017919540405273|0.0042030811309814
59|111|0.8333333333333334|0.0019097328186035|0.004094123840332
59|112|0.8333333333333334|0.0017974376678466|0.0041162967681884
59|113|0.8333333333333334|0.0018281936645507|0.0040833950042724
59|114|0.8333333333333334|0.0018222332000732|0.0041236877441406
59|115|0.8333333333333334|0.0019090175628662|0.0040857791900634
59|116|0.8333333333333334|0.0018424987792968|0.0041391849517822
59|117|0.8333333333333334|0.0018558502197265|0.0042634010314941
59|118|0.8333333333333334|0.0018486976623535|0.00435471534729
59|119|0.8333333333333334|0.0019128322601318|0.0041804313659667
59|120|0.8333333333333334|0.0018675327301025|0.0041604042053222
59|121|0.8333333333333334|0.0018789768218994|0.0042979717254638
59|122|0.8333333333333334|0.0018801689147949|0.0040977001190185
59|123|0.8333333333333334|0.0019080638885498|0.0041046142578125
59|124|0.8333333333333334|0.0018978118896484|0.0041744709014892
59|125|0.8333333333333334|0.0019035339355468|0.0041406154632568
59|126|0.8333333333333334|0.0019114017486572|0.0042314529418945
59|127|0.8333333333333334|0.0019268989562988|0.0041663646697998
59|128|0.8333333333333334|0.0020341873168945|0.0042004585266113
59|129|0.8333333333333334|0.0019221305847167|0.0041828155517578
59|130|0.8333333333333334|0.0019640922546386|0.0041811466217041
59|131|0.8333333333333334|0.0019536018371582|0.0042955875396728
59|132|0.8333333333333334|0.0019395351409912|0.0042178630828857
59|133|0.8333333333333334|0.001971960067749|0.0042047500610351
59|134|0.8333333333333334|0.0019671916961669|0.0042285919189453
59|135|0.8333333333333334|0.0019817352294921|0.0042147636413574
59|136|0.8333333333333334|0.00197434425354|0.0042345523834228
59|137|0.8333333333333334|0.001983642578125|0.0042178630828857
59|138|0.8333333333333334|0.0019757747650146|0.0042526721954345
59|139|0.8333333333333334|0.0020263195037841|0.0042312145233154
53|20|0.8148148148148148|0.0012576580047607|
53|21|0.8055555555555556|0.0009698867797851|0.0012919902801513
53|22|0.8148148148148148|0.0009942054748535|0.0013594627380371
53|23|0.8333333333333334|0.0009500980377197|0.0014073848724365
53|24|0.8611111111111112|0.0009810924530029|0.0014302730560302
53|25|0.8425925925925926|0.0009818077087402|0.001436710357666
53|26|0.8240740740740741|0.0009748935699462|0.0014646053314208
53|27|0.8240740740740741|0.000962495803833|0.0015015602111816
53|28|0.7777777777777778|0.000981330871582|0.001596450805664
53|29|0.8425925925925926|0.0009732246398925|0.0015704631805419
53|30|0.8611111111111112|0.0010013580322265|0.001692771911621
53|31|0.8703703703703703|0.0009913444519042|0.0016541481018066
53|32|0.8796296296296297|0.0010170936584472|0.0017235279083251
53|33|0.8518518518518519|0.0009920597076416|0.0017380714416503
53|34|0.8425925925925926|0.0010116100311279|0.0017793178558349
53|35|0.8703703703703703|0.0010082721710205|0.0019347667694091
53|36|0.8425925925925926|0.0010576248168945|0.0019137859344482
53|37|0.8611111111111112|0.0010209083557128|0.0019319057464599
53|38|0.8333333333333334|0.0010645389556884|0.0019800662994384
53|39|0.8611111111111112|0.0010335445404052|0.0020163059234619
53|40|0.8240740740740741|0.0011014938354492|0.0020520687103271
53|41|0.8148148148148148|0.0010368824005126|0.0020666122436523
53|42|0.8148148148148148|0.0010693073272705|0.0021250247955322
53|43|0.8148148148148148|0.0010607242584228|0.002159833908081
53|44|0.8333333333333334|0.0010826587677001|0.0021502971649169
53|45|0.8425925925925926|0.0010628700256347|0.0022566318511962
53|46|0.8611111111111112|0.0011100769042968|0.0022227764129638
53|47|0.8611111111111112|0.0010926723480224|0.0022885799407958
53|48|0.8518518518518519|0.0011265277862548|0.0024440288543701
53|49|0.8518518518518519|0.0010907649993896|0.0025265216827392
53|50|0.8518518518518519|0.0011413097381591|0.0023775100708007
53|51|0.8518518518518519|0.0011141300201416|0.0024807453155517
53|52|0.8518518518518519|0.001124620437622|0.0024459362030029
53|53|0.8518518518518519|0.0011072158813476|0.0024774074554443
53|54|0.8518518518518519|0.0011627674102783|0.0026936531066894
53|55|0.8611111111111112|0.0011439323425292|0.0025365352630615
53|56|0.8333333333333334|0.001169204711914|0.002570629119873
53|57|0.8240740740740741|0.0011568069458007|0.002662181854248
53|58|0.8333333333333334|0.0011820793151855|0.0028290748596191
53|59|0.8240740740740741|0.0011773109436035|0.0026760101318359
53|60|0.8425925925925926|0.0011999607086181|0.0029540061950683
53|61|0.8425925925925926|0.001190185546875|0.0028369426727294
53|62|0.8240740740740741|0.0012323856353759|0.0027744770050048
53|63|0.8333333333333334|0.0012018680572509|0.0028061866760253
53|64|0.8425925925925926|0.0012147426605224|0.0029206275939941
53|65|0.8425925925925926|0.0012259483337402|0.0029482841491699
53|66|0.8425925925925926|0.0012295246124267|0.0029132366180419
53|67|0.8518518518518519|0.0012383460998535|0.0029306411743164
53|68|0.8425925925925926|0.0012493133544921|0.0029709339141845
53|69|0.8425925925925926|0.0012557506561279|0.0030512809753417
53|70|0.8518518518518519|0.0012848377227783|0.0030367374420166
53|71|0.8425925925925926|0.0012993812561035|0.0030758380889892
53|72|0.8333333333333334|0.0012731552124023|0.0030922889709472
53|73|0.8425925925925926|0.0012788772583007|0.0031864643096923
53|74|0.8425925925925926|0.0013179779052734|0.0032262802124023
53|75|0.8425925925925926|0.0013275146484375|0.0031445026397705
53|76|0.8425925925925926|0.0013201236724853|0.0032293796539306
53|77|0.8425925925925926|0.0013246536254882|0.0033137798309326
53|78|0.8425925925925926|0.0013585090637207|0.0035247802734375
53|79|0.8425925925925926|0.0013759136199951|0.0033526420593261
53|80|0.8425925925925926|0.0013768672943115|0.003312349319458
53|81|0.8518518518518519|0.001680850982666|0.003427505493164
53|82|0.8518518518518519|0.0014317035675048|0.003392219543457
53|83|0.8518518518518519|0.0014982223510742|0.0033767223358154
53|84|0.8518518518518519|0.0014717578887939|0.0035922527313232
53|85|0.8518518518518519|0.0014705657958984|0.0034544467926025
53|86|0.8425925925925926|0.001504898071289|0.0034637451171875
53|87|0.8518518518518519|0.0015320777893066|0.0035171508789062
53|88|0.8518518518518519|0.0015041828155517|0.0035274028778076
53|89|0.8518518518518519|0.001523733139038|0.0036139488220214
53|90|0.8425925925925926|0.001563549041748|0.0037660598754882
53|91|0.8425925925925926|0.0016138553619384|0.0037233829498291
53|92|0.8425925925925926|0.0015811920166015|0.0037627220153808
53|93|0.8425925925925926|0.0015861988067626|0.0036664009094238
53|94|0.8425925925925926|0.001633882522583|0.0036714076995849
53|95|0.8425925925925926|0.0016341209411621|0.0037319660186767
53|96|0.8425925925925926|0.0016374588012695|0.0040109157562255
53|97|0.8425925925925926|0.0016682147979736|0.0037713050842285
53|98|0.8425925925925926|0.0016782283782958|0.0038962364196777
53|99|0.8425925925925926|0.0017225742340087|0.0038692951202392
53|100|0.8425925925925926|0.0017769336700439|0.0038471221923828
53|101|0.8425925925925926|0.001767873764038|0.0038833618164062
53|102|0.8425925925925926|0.0017869472503662|0.0038833618164062
53|103|0.8425925925925926|0.0018031597137451|0.0039410591125488
53|104|0.8425925925925926|0.0017528533935546|0.0039312839508056
53|105|0.8425925925925926|0.0017423629760742|0.0039899349212646
53|106|0.8425925925925926|0.0017883777618408|0.0039887428283691
53|107|0.8425925925925926|0.0018494129180908|0.0040884017944335
53|108|0.8425925925925926|0.0018227100372314|0.0040259361267089
53|109|0.8425925925925926|0.0018336772918701|0.0040225982666015
53|110|0.8425925925925926|0.0018188953399658|0.0041582584381103
53|111|0.8425925925925926|0.0018839836120605|0.0040240287780761
53|112|0.8425925925925926|0.0018355846405029|0.0041391849517822
53|113|0.8425925925925926|0.0018510818481445|0.0040502548217773
53|114|0.8425925925925926|0.0018355846405029|0.0041034221649169
53|115|0.8425925925925926|0.0018844604492187|0.0041017532348632
53|116|0.8425925925925926|0.001875877380371|0.0041120052337646
53|117|0.8425925925925926|0.001857042312622|0.0041239261627197
53|118|0.8425925925925926|0.0018646717071533|0.0041847229003906
53|119|0.8425925925925926|0.0019178390502929|0.004169225692749
53|120|0.8425925925925926|0.0018820762634277|0.004152774810791
53|121|0.8425925925925926|0.0018987655639648|0.0044267177581787
53|122|0.8425925925925926|0.0018858909606933|0.0041754245758056
53|123|0.8425925925925926|0.0019528865814208|0.0042653083801269
53|124|0.8425925925925926|0.0019168853759765|0.0041606426239013
53|125|0.8425925925925926|0.0019712448120117|0.0041813850402832
53|126|0.8425925925925926|0.0019547939300537|0.0044386386871337
53|127|0.8425925925925926|0.0020227432250976|0.0042119026184082
53|128|0.8425925925925926|0.0020227432250976|0.0042657852172851
53|129|0.8425925925925926|0.0020110607147216|0.0042734146118164
53|130|0.8425925925925926|0.0020239353179931|0.0043847560882568
53|131|0.8425925925925926|0.0020341873168945|0.0042982101440429
53|132|0.8425925925925926|0.0020644664764404|0.0042564868927001
53|133|0.8425925925925926|0.0020387172698974|0.0043010711669921
53|134|0.8425925925925926|0.0020933151245117|0.0046451091766357
53|135|0.8425925925925926|0.0020840167999267|0.0042991638183593
53|136|0.8425925925925926|0.0020813941955566|0.0043206214904785
53|137|0.8425925925925926|0.0021522045135498|0.004429817199707
53|138|0.8425925925925926|0.0020923614501953|0.0047008991241455
55|20|0.7685185185185185|0.0013034343719482|
55|21|0.7777777777777778|0.0009613037109375|0.0013587474822998
55|22|0.7685185185185185|0.0009875297546386|0.0013179779052734
55|23|0.7777777777777778|0.0009462833404541|0.001422643661499
55|24|0.7962962962962963|0.0009818077087402|0.0013878345489501
55|25|0.7870370370370371|0.0009787082672119|0.0014190673828125
55|26|0.8055555555555556|0.0009675025939941|0.0015318393707275
55|27|0.8240740740740741|0.0009832382202148|0.0015144348144531
55|28|0.8240740740740741|0.000986099243164|0.0015652179718017
55|29|0.8055555555555556|0.0009808540344238|0.0016181468963623
55|30|0.8055555555555556|0.0010066032409667|0.0017149448394775
55|31|0.8240740740740741|0.0010652542114257|0.001774787902832
55|32|0.8240740740740741|0.0009913444519042|0.0017523765563964
55|33|0.8425925925925926|0.0009989738464355|0.0018179416656494
55|34|0.8333333333333334|0.001016616821289|0.0018117427825927
55|35|0.8425925925925926|0.0010101795196533|0.00185227394104
55|36|0.8148148148148148|0.0010643005371093|0.0019421577453613
55|37|0.8333333333333334|0.0010092258453369|0.001922607421875
55|38|0.8148148148148148|0.0010831356048583|0.0019807815551757
55|39|0.8518518518518519|0.001016616821289|0.0019731521606445
55|40|0.8333333333333334|0.0010645389556884|0.0020985603332519
55|41|0.8333333333333334|0.001021385192871|0.0021610260009765
55|42|0.8148148148148148|0.0010602474212646|0.0021424293518066
55|43|0.8240740740740741|0.0010607242584228|0.0022196769714355
55|44|0.8240740740740741|0.0010819435119628|0.0022439956665039
55|45|0.8240740740740741|0.0010454654693603|0.0022187232971191
55|46|0.8240740740740741|0.0011122226715087|0.0022683143615722
55|47|0.8240740740740741|0.0010643005371093|0.0022904872894287
55|48|0.7962962962962963|0.0011155605316162|0.0024387836456298
55|49|0.8055555555555556|0.0010771751403808|0.0024161338806152
55|50|0.8055555555555556|0.0011146068572998|0.0024867057800292
55|51|0.8055555555555556|0.0010960102081298|0.0024209022521972
55|52|0.7962962962962963|0.0011365413665771|0.002457857131958
55|53|0.7962962962962963|0.0011091232299804|0.0025665760040283
55|54|0.7962962962962963|0.0011601448059082|0.0026509761810302
55|55|0.8055555555555556|0.0011239051818847|0.0026547908782958
55|56|0.8055555555555556|0.0012192726135253|0.0026142597198486
55|57|0.7962962962962963|0.0011630058288574|0.0026953220367431
55|58|0.7962962962962963|0.0012123584747314|0.0027906894683837
55|59|0.7962962962962963|0.0011637210845947|0.0028071403503417
55|60|0.7962962962962963|0.001220703125|0.0028645992279052
55|61|0.7962962962962963|0.0012083053588867|0.0028634071350097
55|62|0.7777777777777778|0.0012390613555908|0.0029630661010742
55|63|0.7777777777777778|0.0012028217315673|0.0028915405273437
55|64|0.7870370370370371|0.0012404918670654|0.0029778480529785
55|65|0.7962962962962963|0.0012240409851074|0.00291109085083
55|66|0.8148148148148148|0.0012464523315429|0.0030646324157714
55|67|0.8055555555555556|0.0012507438659667|0.0030984878540039
55|68|0.7962962962962963|0.0012497901916503|0.0031414031982421
55|69|0.8055555555555556|0.0012550354003906|0.0031726360321044
55|70|0.8148148148148148|0.0012941360473632|0.0031793117523193
55|71|0.8055555555555556|0.0013084411621093|0.0030581951141357
55|72|0.7962962962962963|0.0012919902801513|0.0032851696014404
55|73|0.8055555555555556|0.0013067722320556|0.003131628036499
55|74|0.8055555555555556|0.0013275146484375|0.0033438205718994
55|75|0.7962962962962963|0.0013542175292968|0.0032956600189208
55|76|0.7962962962962963|0.0013279914855957|0.0034041404724121
55|77|0.7870370370370371|0.0013878345489501|0.0033314228057861
55|78|0.7870370370370371|0.0013527870178222|0.0034716129302978
55|79|0.7870370370370371|0.0013918876647949|0.003413438796997
55|80|0.7870370370370371|0.0013811588287353|0.003411054611206
55|81|0.7962962962962963|0.0014076232910156|0.0034949779510498
55|82|0.7962962962962963|0.0014276504516601|0.0033881664276123
55|83|0.7870370370370371|0.0014548301696777|0.0035803318023681
55|84|0.7870370370370371|0.0014328956604003|0.0035212039947509
55|85|0.7870370370370371|0.0014646053314208|0.0035517215728759
55|86|0.7870370370370371|0.0015034675598144|0.0036420822143554
55|87|0.7870370370370371|0.0014936923980712|0.0036742687225341
55|88|0.7870370370370371|0.0014905929565429|0.0036923885345458
55|89|0.7870370370370371|0.0015156269073486|0.0035419464111328
55|90|0.7870370370370371|0.0015294551849365|0.0036454200744628
55|91|0.7870370370370371|0.0015621185302734|0.0037136077880859
55|92|0.7870370370370371|0.0015616416931152|0.0038957595825195
55|93|0.7870370370370371|0.00154709815979|0.0036697387695312
55|94|0.7870370370370371|0.0015866756439208|0.0037908554077148
55|95|0.7870370370370371|0.0015933513641357|0.0037062168121337
55|96|0.7870370370370371|0.0016243457794189|0.0037777423858642
55|97|0.7870370370370371|0.0016183853149414|0.00392746925354
55|98|0.7870370370370371|0.0016725063323974|0.0038914680480957
55|99|0.7870370370370371|0.0016577243804931|0.0039613246917724
55|100|0.7870370370370371|0.0016767978668212|0.0038282871246337
55|101|0.7870370370370371|0.0017004013061523|0.0038931369781494
55|102|0.7870370370370371|0.0017147064208984|0.0040810108184814
55|103|0.7870370370370371|0.0017280578613281|0.0040066242218017
55|104|0.7870370370370371|0.0017261505126953|0.0040686130523681
55|105|0.7870370370370371|0.0017714500427246|0.004152774810791
55|106|0.7962962962962963|0.0017354488372802|0.0040087699890136
55|107|0.7962962962962963|0.001746654510498|0.0041038990020751
55|108|0.7962962962962963|0.0027005672454833|0.0058813095092773
55|109|0.7962962962962963|0.0018110275268554|0.0041351318359375
55|110|0.7962962962962963|0.0017995834350585|0.004265546798706
55|111|0.7962962962962963|0.0018675327301025|0.0042407512664794
55|112|0.7962962962962963|0.001816987991333|0.0040335655212402
55|113|0.7962962962962963|0.0018510818481445|0.0042304992675781
55|114|0.7962962962962963|0.0018200874328613|0.0041024684906005
55|115|0.7962962962962963|0.0018889904022216|0.0042665004730224
55|116|0.7962962962962963|0.0018506050109863|0.0041778087615966
55|117|0.7962962962962963|0.0018770694732666|0.00433349609375
55|118|0.7962962962962963|0.0018632411956787|0.0043392181396484
55|119|0.7962962962962963|0.0019381046295166|0.0042953491210937
55|120|0.7962962962962963|0.0018692016601562|0.0042214393615722
55|121|0.7962962962962963|0.0019280910491943|0.004345417022705
55|122|0.7962962962962963|0.0018832683563232|0.0043056011199951
55|123|0.7962962962962963|0.0019104480743408|0.0044357776641845
55|124|0.7962962962962963|0.0019054412841796|0.0043158531188964
55|125|0.7962962962962963|0.0019233226776123|0.0043544769287109
55|126|0.7962962962962963|0.0019314289093017|0.0041191577911376
55|127|0.7962962962962963|0.0019381046295166|0.0044023990631103
55|128|0.7962962962962963|0.0019543170928955|0.0041525363922119
55|129|0.7962962962962963|0.0019471645355224|0.0042405128479003
55|130|0.7962962962962963|0.0019495487213134|0.0043835639953613
55|131|0.7962962962962963|0.0019493103027343|0.0043628215789794
55|132|0.7962962962962963|0.0019314289093017|0.0043225288391113
55|133|0.7962962962962963|0.0019550323486328|0.0043835639953613
55|134|0.7962962962962963|0.0019862651824951|0.0043413639068603
55|135|0.7962962962962963|0.0019600391387939|0.0042798519134521
55|136|0.7962962962962963|0.0020620822906494|0.0043439865112304
55|137|0.7962962962962963|0.002063512802124|0.0043303966522216
55|138|0.7962962962962963|0.0020573139190673|0.0044202804565429
55|139|0.7962962962962963|0.0020618438720703|0.0045266151428222
57|20|0.6944444444444444|0.0012478828430175|
57|21|0.7222222222222222|0.0009338855743408|0.0013113021850585
57|22|0.7314814814814815|0.0009987354278564|0.0013041496276855
57|23|0.7777777777777778|0.0009779930114746|0.0013849735260009
57|24|0.7685185185185185|0.0009703636169433|0.0014023780822753
57|25|0.7962962962962963|0.0009598731994628|0.0014338493347167
57|26|0.8333333333333334|0.0009725093841552|0.0014917850494384
57|27|0.8240740740740741|0.0009775161743164|0.001504898071289
57|28|0.8240740740740741|0.000981330871582|0.001554250717163
57|29|0.8148148148148148|0.0009748935699462|0.0015976428985595
57|30|0.7962962962962963|0.0010197162628173|0.0016572475433349
57|31|0.8333333333333334|0.0009920597076416|0.001706838607788
57|32|0.8333333333333334|0.0009872913360595|0.0017187595367431
57|33|0.7962962962962963|0.0009810924530029|0.0017626285552978
57|34|0.7962962962962963|0.001007080078125|0.0018229484558105
57|35|0.7962962962962963|0.0010223388671875|0.0018296241760253
57|36|0.7962962962962963|0.0010409355163574|0.00187349319458
57|37|0.8148148148148148|0.0010092258453369|0.0019004344940185
57|38|0.8425925925925926|0.0010576248168945|0.0019977092742919
57|39|0.8333333333333334|0.0010476112365722|0.0020143985748291
57|40|0.8333333333333334|0.0010795593261718|0.0020651817321777
57|41|0.8333333333333334|0.0010633468627929|0.0020699501037597
57|42|0.8333333333333334|0.0010671615600585|0.0021064281463623
57|43|0.8333333333333334|0.0010559558868408|0.0021429061889648
57|44|0.8425925925925926|0.00108003616333|0.0022313594818115
57|45|0.8425925925925926|0.00105881690979|0.0022978782653808
57|46|0.8425925925925926|0.0011160373687744|0.0022830963134765
57|47|0.8425925925925926|0.0010921955108642|0.0023174285888671
57|48|0.8425925925925926|0.0011155605316162|0.0023586750030517
57|49|0.8240740740740741|0.0010859966278076|0.0023858547210693
57|50|0.8425925925925926|0.0011374950408935|0.0024096965789794
57|51|0.8333333333333334|0.001131534576416|0.0024573802947998
57|52|0.8333333333333334|0.0011446475982666|0.0025415420532226
57|53|0.8333333333333334|0.001117467880249|0.0025036334991455
57|54|0.8425925925925926|0.0011422634124755|0.0025501251220703
57|55|0.8518518518518519|0.0011553764343261|0.0025751590728759
57|56|0.8425925925925926|0.0011916160583496|0.0026144981384277
57|57|0.8333333333333334|0.0011520385742187|0.0026576519012451
57|58|0.8333333333333334|0.0011875629425048|0.0026853084564208
57|59|0.8425925925925926|0.0011844635009765|0.002716064453125
57|60|0.8425925925925926|0.0012142658233642|0.0027472972869873
57|61|0.8425925925925926|0.0012073516845703|0.0027821063995361
57|62|0.8425925925925926|0.0012500286102294|0.0027992725372314
57|63|0.8425925925925926|0.0012538433074951|0.0028307437896728
57|64|0.8518518518518519|0.0012726783752441|0.0028793811798095
57|65|0.8518518518518519|0.0012238025665283|0.002932071685791
57|66|0.8425925925925926|0.0012307167053222|0.0029516220092773
57|67|0.8518518518518519|0.0012426376342773|0.0029942989349365
57|68|0.8518518518518519|0.0012633800506591|0.0030088424682617
57|69|0.8518518518518519|0.0012991428375244|0.0030484199523925
57|70|0.8518518518518519|0.0012907981872558|0.003084659576416
57|71|0.8425925925925926|0.0013027191162109|0.0031170845031738
57|72|0.8425925925925926|0.0013151168823242|0.003131628036499
57|73|0.8518518518518519|0.001359224319458|0.0031623840332031
57|74|0.8518518518518519|0.0013308525085449|0.0032076835632324
57|75|0.8518518518518519|0.0013575553894042|0.0032131671905517
57|76|0.8518518518518519|0.0013749599456787|0.0032398700714111
57|77|0.8518518518518519|0.0013790130615234|0.0032863616943359
57|78|0.8518518518518519|0.0013761520385742|0.0033087730407714
57|79|0.8518518518518519|0.0014276504516601|0.0033118724822998
57|80|0.8425925925925926|0.0024430751800537|0.0047225952148437
57|81|0.8518518518518519|0.0014300346374511|0.0034396648406982
57|82|0.8518518518518519|0.0015103816986083|0.0034008026123046
57|83|0.8518518518518519|0.00152587890625|0.0034465789794921
57|84|0.8518518518518519|0.0015022754669189|0.0034782886505126
57|85|0.8518518518518519|0.0015101432800292|0.0035252571105957
57|86|0.8518518518518519|0.0015316009521484|0.0035405158996582
57|87|0.8518518518518519|0.0015516281127929|0.0035796165466308
57|88|0.8611111111111112|0.0015773773193359|0.0036728382110595
57|89|0.8611111111111112|0.0015673637390136|0.0036017894744873
57|90|0.8611111111111112|0.001603364944458|0.0036549568176269
57|91|0.8611111111111112|0.0016233921051025|0.0036804676055908
57|92|0.8518518518518519|0.0016286373138427|0.0037024021148681
57|93|0.8611111111111112|0.0016286373138427|0.0037446022033691
57|94|0.8611111111111112|0.0017118453979492|0.0037286281585693
57|95|0.8518518518518519|0.0017290115356445|0.0037906169891357
57|96|0.8518518518518519|0.0016646385192871|0.0038156509399414
57|97|0.8518518518518519|0.0016789436340332|0.0038251876831054
57|98|0.8611111111111112|0.0017530918121337|0.0038473606109619
57|99|0.8611111111111112|0.0017766952514648|0.0038635730743408
57|100|0.8611111111111112|0.001723289489746|0.0038988590240478
57|101|0.8611111111111112|0.0017120838165283|0.0039114952087402
57|102|0.8611111111111112|0.0017337799072265|0.0039155483245849
57|103|0.8611111111111112|0.001755952835083|0.0039281845092773
57|104|0.8611111111111112|0.001868724822998|0.0039150714874267
57|105|0.8611111111111112|0.0017838478088378|0.0039551258087158
57|106|0.8518518518518519|0.0017576217651367|0.00396728515625
57|107|0.8518518518518519|0.0018239021301269|0.0039830207824707
57|108|0.8518518518518519|0.0018038749694824|0.0040309429168701
57|109|0.8518518518518519|0.0018110275268554|0.0040445327758789
57|110|0.8518518518518519|0.0018084049224853|0.0040574073791503
57|111|0.8518518518518519|0.0018987655639648|0.0040576457977294
57|112|0.8518518518518519|0.0018312931060791|0.0041000843048095
57|113|0.8518518518518519|0.0018393993377685|0.0040783882141113
57|114|0.8518518518518519|0.0018515586853027|0.0041217803955078
57|115|0.8518518518518519|0.0018913745880126|0.0040929317474365
57|116|0.8518518518518519|0.0018632411956787|0.0041368007659912
57|117|0.8518518518518519|0.0018582344055175|0.0041131973266601
57|118|0.8518518518518519|0.001896858215332|0.0041844844818115
57|119|0.8518518518518519|0.0018923282623291|0.0041661262512207
57|120|0.8518518518518519|0.0019059181213378|0.0041368007659912
57|121|0.8518518518518519|0.0018715858459472|0.0041494369506835
57|122|0.8518518518518519|0.0019464492797851|0.0041563510894775
57|123|0.8518518518518519|0.0019755363464355|0.0041804313659667
57|124|0.8518518518518519|0.0019476413726806|0.004204511642456
57|125|0.8518518518518519|0.0019760131835937|0.0041823387145996
57|126|0.8518518518518519|0.0019652843475341|0.0042238235473632
57|127|0.8518518518518519|0.0020244121551513|0.0042057037353515
57|128|0.8518518518518519|0.0019943714141845|0.0042243003845214
57|129|0.8518518518518519|0.0019991397857666|0.0042388439178466
57|130|0.8518518518518519|0.0020112991333007|0.0042130947113037
57|131|0.8518518518518519|0.0020062923431396|0.0042445659637451
57|132|0.8425925925925926|0.0020530223846435|0.0042314529418945
57|133|0.8425925925925926|0.0020666122436523|0.0043199062347412
57|134|0.8425925925925926|0.0020997524261474|0.0044021606445312
57|135|0.8425925925925926|0.0021066665649414|0.0042943954467773
57|136|0.8425925925925926|0.0020952224731445|0.0043346881866455
57|137|0.8425925925925926|0.0021178722381591|0.0043098926544189
57|138|0.8425925925925926|0.0021185874938964|0.004352331161499
51|20|0.5555555555555556|0.0014278888702392|
51|21|0.6481481481481481|0.0010573863983154|0.0013229846954345
51|22|0.5740740740740741|0.0010666847229003|0.0013558864593505
51|23|0.6851851851851852|0.0009734630584716|0.0013306140899658
51|24|0.6851851851851852|0.00111985206604|0.001434326171875
51|25|0.7407407407407407|0.0010766983032226|0.001436710357666
51|26|0.6574074074074074|0.0010251998901367|0.0014872550964355
51|27|0.6666666666666666|0.0010101795196533|0.0015285015106201
51|28|0.7129629629629629|0.0011069774627685|0.0015826225280761
51|29|0.7129629629629629|0.0010998249053955|0.0016009807586669
51|30|0.7222222222222222|0.0010678768157958|0.0016908645629882
51|31|0.6851851851851852|0.0010383129119873|0.0016872882843017
51|32|0.7407407407407407|0.0010299682617187|0.0017032623291015
51|33|0.6944444444444444|0.0010666847229003|0.0018012523651123
51|34|0.7777777777777778|0.0010962486267089|0.0017831325531005
51|35|0.7777777777777778|0.0010647773742675|0.0018308162689208
51|36|0.7962962962962963|0.0011579990386962|0.0018575191497802
51|37|0.7962962962962963|0.0010726451873779|0.0018963813781738
51|38|0.7685185185185185|0.001169204711914|0.0019693374633789
51|39|0.7685185185185185|0.0010771751403808|0.0019812583923339
51|40|0.7962962962962963|0.0011582374572753|0.0020060539245605
51|41|0.7962962962962963|0.0010766983032226|0.0020368099212646
51|42|0.8055555555555556|0.001145601272583|0.0020740032196044
51|43|0.8148148148148148|0.0011045932769775|0.0021071434020996
51|44|0.7962962962962963|0.0011773109436035|0.0021684169769287
51|45|0.8148148148148148|0.0011179447174072|0.0022096633911132
51|46|0.8148148148148148|0.0012099742889404|0.0022363662719726
51|47|0.8148148148148148|0.0011458396911621|0.0022916793823242
51|48|0.8055555555555556|0.0012176036834716|0.0023767948150634
51|49|0.8055555555555556|0.0011780261993408|0.0024061203002929
51|50|0.7962962962962963|0.0012681484222412|0.002385139465332
51|51|0.7962962962962963|0.0011646747589111|0.002415657043457
51|52|0.8148148148148148|0.0012989044189453|0.0024609565734863
51|53|0.8055555555555556|0.0012152194976806|0.0024976730346679
51|54|0.8148148148148148|0.0012433528900146|0.0025417804718017
51|55|0.7962962962962963|0.0012097358703613|0.0025382041931152
51|56|0.7962962962962963|0.0012760162353515|0.0025620460510253
51|57|0.7870370370370371|0.0012164115905761|0.0025992393493652
51|58|0.7962962962962963|0.0013892650604248|0.002640962600708
51|59|0.8055555555555556|0.0012896060943603|0.0026764869689941
51|60|0.7870370370370371|0.0013515949249267|0.0027034282684326
51|61|0.7870370370370371|0.0012745857238769|0.00274658203125
51|62|0.7962962962962963|0.0013384819030761|0.0028088092803955
51|63|0.7870370370370371|0.0012845993041992|0.0028128623962402
51|64|0.7870370370370371|0.001314640045166|0.0028374195098876
51|65|0.7685185185185185|0.001331090927124|0.0029208660125732
51|66|0.7870370370370371|0.0013258457183837|0.0028965473175048
51|67|0.7962962962962963|0.0012893676757812|0.0029442310333251
51|68|0.7870370370370371|0.0013184547424316|0.0029518604278564
51|69|0.7685185185185185|0.0013189315795898|0.0029711723327636
51|70|0.7870370370370371|0.0013625621795654|0.0030052661895751
51|71|0.7870370370370371|0.0013937950134277|0.0030508041381835
51|72|0.7870370370370371|0.0013937950134277|0.0030872821807861
51|73|0.8055555555555556|0.0014030933380126|0.0031230449676513
51|74|0.7962962962962963|0.0014119148254394|0.0031325817108154
51|75|0.7962962962962963|0.0013961791992187|0.0031681060791015
51|76|0.7962962962962963|0.0014288425445556|0.0031971931457519
51|77|0.8055555555555556|0.0014300346374511|0.0031986236572265
51|78|0.8148148148148148|0.0014474391937255|0.0032718181610107
51|79|0.8055555555555556|0.0014820098876953|0.0032846927642822
51|80|0.8055555555555556|0.0014846324920654|0.0032908916473388
51|81|0.8055555555555556|0.0014934539794921|0.0033283233642578
51|82|0.7870370370370371|0.001561164855957|0.0033411979675292
51|83|0.7962962962962963|0.0017344951629638|0.0034010410308837
51|84|0.7962962962962963|0.0015456676483154|0.0034143924713134
51|85|0.7962962962962963|0.0016212463378906|0.0034384727478027
51|86|0.7962962962962963|0.0016429424285888|0.0034708976745605
51|87|0.7962962962962963|0.0016114711761474|0.0035111904144287
51|88|0.7962962962962963|0.0016112327575683|0.00352144241333
51|89|0.7962962962962963|0.0016200542449951|0.0035552978515625
51|90|0.7962962962962963|0.0016422271728515|0.0035789012908935
51|91|0.7870370370370371|0.0016405582427978|0.0035851001739501
51|92|0.7870370370370371|0.0016703605651855|0.0036475658416748
51|93|0.7870370370370371|0.0016703605651855|0.0036823749542236
51|94|0.7870370370370371|0.0017392635345458|0.0036795139312744
51|95|0.7870370370370371|0.0017755031585693|0.0037007331848144
51|96|0.7962962962962963|0.0017485618591308|0.0037479400634765
51|97|0.7962962962962963|0.0018033981323242|0.0037591457366943
51|98|0.7962962962962963|0.0018181800842285|0.0037989616394042
51|99|0.7962962962962963|0.0018501281738281|0.0038154125213623
51|100|0.7962962962962963|0.0038409233093261|0.0038459300994873
51|101|0.8055555555555556|0.001960277557373|0.0039832592010498
51|102|0.8055555555555556|0.0018880367279052|0.0039188861846923
51|103|0.8055555555555556|0.0019223690032958|0.0039503574371337
51|104|0.8055555555555556|0.0019760131835937|0.0039732456207275
51|105|0.8055555555555556|0.001927375793457|0.004061222076416
51|106|0.8055555555555556|0.0019264221191406|0.0040047168731689
51|107|0.8055555555555556|0.0019309520721435|0.0040171146392822
51|108|0.8055555555555556|0.0019166469573974|0.0040085315704345
51|109|0.8055555555555556|0.0019905567169189|0.0040044784545898
51|110|0.8055555555555556|0.0019819736480712|0.0040502548217773
51|111|0.8055555555555556|0.0020475387573242|0.0040373802185058
51|112|0.8055555555555556|0.0019798278808593|0.0040559768676757
51|113|0.8055555555555556|0.001962661743164|0.0040869712829589
51|114|0.8055555555555556|0.0020084381103515|0.0040905475616455
51|115|0.8055555555555556|0.0020604133605957|0.0040979385375976
51|116|0.8055555555555556|0.0020341873168945|0.0041003227233886
51|117|0.8055555555555556|0.0020291805267333|0.0041165351867675
51|118|0.8055555555555556|0.0020191669464111|0.0041675567626953
51|119|0.7962962962962963|0.0021741390228271|0.004218578338623
51|120|0.7962962962962963|0.0020949840545654|0.0041861534118652
51|121|0.7962962962962963|0.0021204948425292|0.0041732788085937
51|122|0.7962962962962963|0.0020809173583984|0.0041658878326416
51|123|0.7962962962962963|0.0021419525146484|0.0042037963867187
51|124|0.7962962962962963|0.0021018981933593|0.0041837692260742
51|125|0.7962962962962963|0.0021724700927734|0.0041987895965576
51|126|0.7962962962962963|0.0022094249725341|0.0042011737823486
51|127|0.7962962962962963|0.0021872520446777|0.0042181015014648
51|128|0.7962962962962963|0.0022201538085937|0.0042304992675781
51|129|0.7962962962962963|0.0022082328796386|0.0042338371276855
51|130|0.7962962962962963|0.0022473335266113|0.0042638778686523
51|131|0.7962962962962963|0.0022594928741455|0.0042407512664794
51|132|0.7962962962962963|0.0022394657135009|0.0042862892150878
51|133|0.7870370370370371|0.0022187232971191|0.0042917728424072
51|134|0.7870370370370371|0.002197265625|0.0042643547058105
51|135|0.7870370370370371|0.0022079944610595|0.0042769908905029
51|136|0.7870370370370371|0.0022151470184326|0.0043022632598876
51|137|0.7870370370370371|0.0022211074829101|0.0042700767517089
51|138|0.7870370370370371|0.0022177696228027|0.0042979717254638
51|139|0.7870370370370371|0.0022380352020263|0.0042767524719238
54|20|0.7777777777777778|0.0012235641479492|
54|21|0.7962962962962963|0.0009286403656005|0.0013344287872314
54|22|0.8333333333333334|0.000960350036621|0.001357078552246
54|23|0.8055555555555556|0.0009453296661376|0.0013275146484375
54|24|0.7962962962962963|0.0009524822235107|0.0014371871948242
54|25|0.8240740740740741|0.0009472370147705|0.0014369487762451
54|26|0.8425925925925926|0.0009727478027343|0.0014865398406982
54|27|0.8240740740740741|0.000953197479248|0.0015995502471923
54|28|0.8333333333333334|0.0009808540344238|0.0015559196472167
54|29|0.8055555555555556|0.0009577274322509|0.00160813331604
54|30|0.8240740740740741|0.000981330871582|0.0017013549804687
54|31|0.8518518518518519|0.0009799003601074|0.001688003540039
54|32|0.8240740740740741|0.0009834766387939|0.0017714500427246
54|33|0.8240740740740741|0.000978946685791|0.001744270324707
54|34|0.8425925925925926|0.001004934310913|0.0018162727355957
54|35|0.8240740740740741|0.0010004043579101|0.0018837451934814
54|36|0.8055555555555556|0.0010347366333007|0.0019202232360839
54|37|0.8240740740740741|0.0010099411010742|0.0020201206207275
54|38|0.8425925925925926|0.0010530948638916|0.0020389556884765
54|39|0.8240740740740741|0.0010275840759277|0.002032995223999
54|40|0.8240740740740741|0.0010697841644287|0.0020837783813476
54|41|0.8148148148148148|0.0010411739349365|0.0021421909332275
54|42|0.8148148148148148|0.0010552406311035|0.0021538734436035
54|43|0.8148148148148148|0.0010421276092529|0.0022604465484619
54|44|0.8055555555555556|0.001075267791748|0.002195119857788
54|45|0.7870370370370371|0.0010554790496826|0.0022468566894531
54|46|0.8055555555555556|0.001110553741455|0.0023379325866699
54|47|0.8240740740740741|0.0010538101196289|0.0023274421691894
54|48|0.8333333333333334|0.0011043548583984|0.0023367404937744
54|49|0.8240740740740741|0.0010676383972167|0.0023443698883056
54|50|0.8240740740740741|0.0011122226715087|0.0024271011352539
54|51|0.8333333333333334|0.0010859966278076|0.0024538040161132
54|52|0.8333333333333334|0.0011508464813232|0.0025634765625
54|53|0.8148148148148148|0.0011177062988281|0.0025889873504638
54|54|0.7962962962962963|0.0011427402496337|0.0026948451995849
54|55|0.8148148148148148|0.0011317729949951|0.0027530193328857
54|56|0.8240740740740741|0.0011529922485351|0.0027403831481933
54|57|0.8148148148148148|0.001143455505371|0.002763032913208
54|58|0.8148148148148148|0.0012013912200927|0.0026941299438476
54|59|0.8055555555555556|0.0011613368988037|0.0027854442596435
54|60|0.8240740740740741|0.0012121200561523|0.0028719902038574
54|61|0.8333333333333334|0.0011723041534423|0.0029399394989013
54|62|0.8333333333333334|0.0012259483337402|0.0028967857360839
54|63|0.8240740740740741|0.0011987686157226|0.0029497146606445
54|64|0.8240740740740741|0.0012078285217285|0.0028314590454101
54|65|0.8333333333333334|0.0012280941009521|0.0030422210693359
54|66|0.8333333333333334|0.0012168884277343|0.0029873847961425
54|67|0.8333333333333334|0.0012209415435791|0.0029184818267822
54|68|0.8240740740740741|0.0012452602386474|0.0032176971435546
54|69|0.8333333333333334|0.0029213428497314|0.0032124519348144
54|70|0.8240740740740741|0.0012693405151367|0.0030922889709472
54|71|0.8333333333333334|0.0013000965118408|0.0032007694244384
54|72|0.8240740740740741|0.0013279914855957|0.003227949142456
54|73|0.8333333333333334|0.0013306140899658|0.0032527446746826
54|74|0.8148148148148148|0.0013532638549804|0.0032992362976074
54|75|0.8148148148148148|0.0013740062713623|0.0033128261566162
54|76|0.8148148148148148|0.0013582706451416|0.0032885074615478
54|77|0.8148148148148148|0.0013818740844726|0.0033745765686035
54|78|0.8148148148148148|0.0013883113861083|0.0034096240997314
54|79|0.8148148148148148|0.0014817714691162|0.0035262107849121
54|80|0.8333333333333334|0.0015063285827636|0.0033352375030517
54|81|0.8240740740740741|0.0014572143554687|0.0034844875335693
54|82|0.8333333333333334|0.0014419555664062|0.0033884048461914
54|83|0.8333333333333334|0.0015008449554443|0.0033934116363525
54|84|0.8333333333333334|0.0014755725860595|0.0034339427947998
54|85|0.8333333333333334|0.0015070438385009|0.003671646118164
54|86|0.8333333333333334|0.001521348953247|0.0035908222198486
54|87|0.8333333333333334|0.0015537738800048|0.0038225650787353
54|88|0.8333333333333334|0.0015420913696289|0.0037744045257568
54|89|0.8333333333333334|0.0015633106231689|0.0038843154907226
54|90|0.8333333333333334|0.001554250717163|0.0037977695465087
54|91|0.8333333333333334|0.001624584197998|0.0038545131683349
54|92|0.8333333333333334|0.0016307830810546|0.0040228366851806
54|93|0.8333333333333334|0.0016002655029296|0.0039317607879638
54|94|0.8333333333333334|0.0015945434570312|0.0038704872131347
54|95|0.8333333333333334|0.0016546249389648|0.0039622783660888
54|96|0.8333333333333334|0.001603364944458|0.0037569999694824
54|97|0.8333333333333334|0.0016090869903564|0.0039789676666259
54|98|0.8333333333333334|0.0016207695007324|0.0039947032928466
54|99|0.8333333333333334|0.0016989707946777|0.0038955211639404
54|100|0.8240740740740741|0.0016641616821289|0.0038259029388427
54|101|0.8240740740740741|0.0016729831695556|0.0040857791900634
54|102|0.8240740740740741|0.0016920566558837|0.0039393901824951
54|103|0.8148148148148148|0.0017457008361816|0.0038418769836425
54|104|0.8148148148148148|0.0017533302307128|0.0040628910064697
54|105|0.8148148148148148|0.001734972000122|0.0039212703704833
54|106|0.8148148148148148|0.0017917156219482|0.004075288772583
54|107|0.8148148148148148|0.001777172088623|0.0040757656097412
54|108|0.8148148148148148|0.0017988681793212|0.004096508026123
54|109|0.8148148148148148|0.001774787902832|0.0041072368621826
54|110|0.8148148148148148|0.0018110275268554|0.0041778087615966
54|111|0.8148148148148148|0.0018332004547119|0.0041515827178955
54|112|0.8148148148148148|0.0018541812896728|0.0040159225463867
54|113|0.8148148148148148|0.0018465518951416|0.0042970180511474
54|114|0.8148148148148148|0.0018589496612548|0.0042834281921386
54|115|0.8148148148148148|0.001875877380371|0.0042886734008789
54|116|0.8148148148148148|0.0018715858459472|0.0042505264282226
54|117|0.8148148148148148|0.0018813610076904|0.0041933059692382
54|118|0.8148148148148148|0.001875877380371|0.0044102668762207
54|119|0.8148148148148148|0.0019083023071289|0.0044524669647216
54|120|0.8148148148148148|0.0019018650054931|0.0043957233428955
54|121|0.8148148148148148|0.0018901824951171|0.0043990612030029
54|122|0.8148148148148148|0.0018966197967529|0.0042760372161865
54|123|0.8148148148148148|0.0019183158874511|0.004410982131958
54|124|0.8148148148148148|0.00193452835083|0.0043933391571044
54|125|0.8148148148148148|0.0019276142120361|0.0043699741363525
54|126|0.8148148148148148|0.0019323825836181|0.0043184757232666
54|127|0.8148148148148148|0.0019936561584472|0.0044848918914794
54|128|0.8148148148148148|0.0019700527191162|0.0043244361877441
54|129|0.8148148148148148|0.0019822120666503|0.0044000148773193
54|130|0.8148148148148148|0.0019996166229248|0.0044212341308593
54|131|0.8148148148148148|0.0020239353179931|0.0043432712554931
54|132|0.8148148148148148|0.0020093917846679|0.0044515132904052
54|133|0.8148148148148148|0.0020143985748291|0.0045173168182373
54|134|0.8148148148148148|0.0020205974578857|0.0044271945953369
54|135|0.8148148148148148|0.0020639896392822|0.0044717788696289
54|136|0.8148148148148148|0.0020210742950439|0.0046265125274658
54|137|0.8148148148148148|0.0020399093627929|0.0045418739318847
54|138|0.8148148148148148|0.0020294189453125|0.0044240951538085
54|139|0.8148148148148148|0.0020527839660644|0.0044126510620117
58|20|0.7407407407407407|0.0014595985412597|
58|21|0.7592592592592593|0.0009973049163818|0.001338243484497
58|22|0.7870370370370371|0.0010790824890136|0.0013411045074462
58|23|0.7962962962962963|0.0009961128234863|0.0014083385467529
58|24|0.8148148148148148|0.0010890960693359|0.0014042854309082
58|25|0.8055555555555556|0.0010404586791992|0.0014421939849853
58|26|0.8240740740740741|0.0010490417480468|0.0014803409576416
58|27|0.8611111111111112|0.001051902770996|0.0015540122985839
58|28|0.8240740740740741|0.0010044574737548|0.0015454292297363
58|29|0.8055555555555556|0.0010521411895751|0.0015835762023925
58|30|0.7962962962962963|0.0010664463043212|0.001633882522583
58|31|0.8240740740740741|0.0010673999786376|0.0017299652099609
58|32|0.7962962962962963|0.0010576248168945|0.0017006397247314
58|33|0.8148148148148148|0.0010342597961425|0.0017464160919189
58|34|0.7962962962962963|0.0010485649108886|0.0017871856689453
58|35|0.8055555555555556|0.0010440349578857|0.0018112659454345
58|36|0.8055555555555556|0.0011928081512451|0.0018877983093261
58|37|0.7777777777777778|0.0011012554168701|0.0019073486328125
58|38|0.7870370370370371|0.0012140274047851|0.0019512176513671
58|39|0.7685185185185185|0.001082420349121|0.0019845962524414
58|40|0.7962962962962963|0.0012156963348388|0.0020158290863037
58|41|0.8148148148148148|0.0010900497436523|0.0020453929901123
58|42|0.8148148148148148|0.0011606216430664|0.0020966529846191
58|43|0.8240740740740741|0.0011143684387207|0.0021204948425292
58|44|0.8148148148148148|0.0011825561523437|0.0021426677703857
58|45|0.7870370370370371|0.0011398792266845|0.0022001266479492
58|46|0.7962962962962963|0.001253604888916|0.002260684967041
58|47|0.8055555555555556|0.0011336803436279|0.0023043155670166
58|48|0.7777777777777778|0.0012924671173095|0.0022978782653808
58|49|0.7962962962962963|0.0011713504791259|0.0023930072784423
58|50|0.8240740740740741|0.001277208328247|0.0023660659790039
58|51|0.8240740740740741|0.0011680126190185|0.0024049282073974
58|52|0.8240740740740741|0.0013551712036132|0.0024394989013671
58|53|0.8425925925925926|0.0011894702911376|0.0024716854095458
58|54|0.8333333333333334|0.0013585090637207|0.0025086402893066
58|55|0.8240740740740741|0.001230239868164|0.0025408267974853
58|56|0.8148148148148148|0.001319408416748|0.0026087760925292
58|57|0.8148148148148148|0.0012710094451904|0.0026102066040039
58|58|0.8148148148148148|0.0014019012451171|0.0027124881744384
58|59|0.8333333333333334|0.0012557506561279|0.00274658203125
58|60|0.8240740740740741|0.0013940334320068|0.0027205944061279
58|61|0.8425925925925926|0.0012764930725097|0.002748966217041
58|62|0.8333333333333334|0.0014169216156005|0.0027978420257568
58|63|0.8333333333333334|0.0013179779052734|0.0028319358825683
58|64|0.8425925925925926|0.0013012886047363|0.0028679370880126
58|65|0.8333333333333334|0.0013749599456787|0.0028860569000244
58|66|0.8333333333333334|0.001378059387207|0.0029175281524658
58|67|0.8518518518518519|0.0013442039489746|0.0029528141021728
58|68|0.8333333333333334|0.0013198852539062|0.0030152797698974
58|69|0.8425925925925926|0.0013236999511718|0.0030024051666259
58|70|0.8425925925925926|0.0019087791442871|0.005462646484375
58|71|0.8518518518518519|0.0015223026275634|0.0030825138092041
58|72|0.8518518518518519|0.0014793872833251|0.0030920505523681
58|73|0.8611111111111112|0.0013983249664306|0.0031609535217285
58|74|0.8611111111111112|0.0014405250549316|0.0031707286834716
58|75|0.8611111111111112|0.0014715194702148|0.0031733512878417
58|76|0.8703703703703703|0.0014388561248779|0.0032281875610351
58|77|0.8611111111111112|0.0014574527740478|0.0032587051391601
58|78|0.8518518518518519|0.0014548301696777|0.0032596588134765
58|79|0.8611111111111112|0.0014550685882568|0.0033254623413085
58|80|0.8796296296296297|0.0014803409576416|0.0033199787139892
58|81|0.8703703703703703|0.0015687942504882|0.0033400058746337
58|82|0.8796296296296297|0.0015575885772705|0.0033659934997558
58|83|0.8611111111111112|0.0015606880187988|0.0034067630767822
58|84|0.8888888888888888|0.0015175342559814|0.0034286975860595
58|85|0.8703703703703703|0.0015466213226318|0.0034310817718505
58|86|0.8796296296296297|0.0015432834625244|0.0035326480865478
58|87|0.8611111111111112|0.0015821456909179|0.0035159587860107
58|88|0.8518518518518519|0.0015952587127685|0.0035102367401123
58|89|0.8796296296296297|0.0016064643859863|0.0035457611083984
58|90|0.8703703703703703|0.0016255378723144|0.0036070346832275
58|91|0.8703703703703703|0.0016493797302246|0.003650426864624
58|92|0.8703703703703703|0.0016212463378906|0.003624677658081
58|93|0.8611111111111112|0.0016663074493408|0.0036506652832031
58|94|0.8611111111111112|0.0016725063323974|0.0037043094635009
58|95|0.8611111111111112|0.0017051696777343|0.0036895275115966
58|96|0.8703703703703703|0.0017251968383789|0.0037472248077392
58|97|0.8796296296296297|0.0017104148864746|0.003756046295166
58|98|0.8796296296296297|0.0017366409301757|0.0037815570831298
58|99|0.8703703703703703|0.0017528533935546|0.0038135051727294
58|100|0.8796296296296297|0.0017569065093994|0.0038204193115234
58|101|0.8796296296296297|0.0018208026885986|0.0038659572601318
58|102|0.8703703703703703|0.0018436908721923|0.0038697719573974
58|103|0.8796296296296297|0.0019168853759765|0.0038845539093017
58|104|0.8796296296296297|0.0018420219421386|0.0039281845092773
58|105|0.8796296296296297|0.0018701553344726|0.0040454864501953
58|106|0.8796296296296297|0.0018901824951171|0.0039739608764648
58|107|0.8796296296296297|0.0019624233245849|0.0039887428283691
58|108|0.8796296296296297|0.0019223690032958|0.0040116310119628
58|109|0.8796296296296297|0.0018975734710693|0.0041172504425048
58|110|0.8611111111111112|0.0018956661224365|0.0040352344512939
58|111|0.8518518518518519|0.0020496845245361|0.0041553974151611
58|112|0.8518518518518519|0.0019986629486083|0.0041239261627197
58|113|0.8518518518518519|0.002018928527832|0.0040888786315917
58|114|0.8518518518518519|0.0020234584808349|0.0041203498840332
58|115|0.8518518518518519|0.0020759105682373|0.0040981769561767
58|116|0.8518518518518519|0.0020387172698974|0.0041141510009765
58|117|0.8518518518518519|0.0020380020141601|0.0042381286621093
58|118|0.8518518518518519|0.002032995223999|0.0041522979736328
58|119|0.8518518518518519|0.0020298957824707|0.0042018890380859
58|120|0.8518518518518519|0.00201416015625|0.0041298866271972
58|121|0.8518518518518519|0.0020327568054199|0.0042109489440917
58|122|0.8518518518518519|0.0020637512207031|0.004150390625
58|123|0.8518518518518519|0.0020709037780761|0.0042247772216796
58|124|0.8518518518518519|0.0020711421966552|0.0041594505310058
58|125|0.8518518518518519|0.002058982849121|0.0042352676391601
58|126|0.8518518518518519|0.002105712890625|0.0041754245758056
58|127|0.8518518518518519|0.0020878314971923|0.0041930675506591
58|128|0.8518518518518519|0.0021166801452636|0.0043079853057861
58|129|0.8518518518518519|0.0021185874938964|0.0041933059692382
58|130|0.8518518518518519|0.0021371841430664|0.0043489933013916
58|131|0.8518518518518519|0.0021512508392333|0.0042085647583007
58|132|0.8518518518518519|0.0021560192108154|0.0042273998260498
58|133|0.8518518518518519|0.0021491050720214|0.0043311119079589
58|134|0.8518518518518519|0.0022253990173339|0.004227876663208
58|135|0.8518518518518519|0.0022263526916503|0.0042455196380615
58|136|0.8518518518518519|0.0022675991058349|0.0043551921844482
58|137|0.8518518518518519|0.0022213459014892|0.0043082237243652
58|138|0.8518518518518519|0.0022563934326171|0.0042459964752197
58|139|0.8518518518518519|0.0022327899932861|0.0043504238128662
50|140|0.8055555555555556|0.0023090839385986|0.0043911933898925
50|141|0.8055555555555556|0.0023310184478759|0.0044903755187988
50|142|0.8055555555555556|0.0023548603057861|0.0046689510345458
50|143|0.8055555555555556|0.0023741722106933|0.0047688484191894
50|144|0.8055555555555556|0.0023515224456787|0.0045719146728515
50|145|0.8055555555555556|0.0023715496063232|0.0047426223754882
50|146|0.8055555555555556|0.002378225326538|0.0046896934509277
50|147|0.8055555555555556|0.0023791790008544|0.0046076774597167
50|148|0.8055555555555556|0.0023744106292724|0.0046472549438476
50|149|0.8055555555555556|0.0023977756500244|0.004836082458496
50|150|0.8055555555555556|0.0024244785308837|0.0047204494476318
50|151|0.8055555555555556|0.0024120807647705|0.0045452117919921
50|152|0.8055555555555556|0.0024101734161376|0.0044419765472412
50|153|0.8055555555555556|0.002432107925415|0.0046651363372802
50|154|0.8055555555555556|0.0024733543395996|0.0046379566192626
50|155|0.8055555555555556|0.002432107925415|0.0047247409820556
50|156|0.8055555555555556|0.002467393875122|0.004810094833374
50|157|0.8055555555555556|0.0024654865264892|0.0047423839569091
50|158|0.8055555555555556|0.002495527267456|0.0046696662902832
50|159|0.8055555555555556|0.0024805068969726|0.0047333240509033
50|160|0.8055555555555556|0.0025084018707275|0.0050451755523681
50|161|0.8055555555555556|0.0024859905242919|0.0047459602355957
50|162|0.8055555555555556|0.0025177001953125|0.004676342010498
52|140|0.7962962962962963|0.0022718906402587|0.0043699741363525
52|141|0.7962962962962963|0.0023281574249267|0.0045115947723388
52|142|0.7962962962962963|0.0023086071014404|0.004298448562622
52|143|0.7962962962962963|0.0023050308227539|0.0044329166412353
52|144|0.7962962962962963|0.0023338794708251|0.0043134689331054
52|145|0.7962962962962963|0.0023589134216308|0.004556655883789
52|146|0.7962962962962963|0.002373456954956|0.0045199394226074
52|147|0.7962962962962963|0.0023808479309082|0.0045254230499267
52|148|0.7962962962962963|0.0024144649505615|0.0043425559997558
52|149|0.7962962962962963|0.0024225711822509|0.004472017288208
52|150|0.7962962962962963|0.0024189949035644|0.0044009685516357
52|151|0.7962962962962963|0.0024504661560058|0.0044097900390625
52|152|0.7962962962962963|0.0023834705352783|0.0045228004455566
52|153|0.7962962962962963|0.0023882389068603|0.0046412944793701
52|154|0.7962962962962963|0.0023944377899169|0.0043399333953857
52|155|0.7962962962962963|0.0024275779724121|0.00447678565979
52|156|0.7962962962962963|0.0024139881134033|0.0043873786926269
52|157|0.7962962962962963|0.0024120807647705|0.0044236183166503
52|158|0.7962962962962963|0.0024304389953613|0.0043981075286865
52|159|0.7962962962962963|0.0024044513702392|0.0044114589691162
52|160|0.7962962962962963|0.0024077892303466|0.004453420639038
52|161|0.7962962962962963|0.0024173259735107|0.0044944286346435
52|162|0.7962962962962963|0.0024831295013427|0.0043878555297851
56|140|0.8333333333333334|0.0020992755889892|0.0046608448028564
56|141|0.8333333333333334|0.0021629333496093|0.0044507980346679
56|142|0.8333333333333334|0.0020928382873535|0.0045020580291748
56|143|0.8333333333333334|0.002108097076416|0.0047166347503662
56|144|0.8333333333333334|0.0025050640106201|0.0045375823974609
56|145|0.8333333333333334|0.0021352767944335|0.0044105052947998
56|146|0.8333333333333334|0.0021133422851562|0.0045075416564941
56|147|0.8333333333333334|0.0021529197692871|0.0044155120849609
56|148|0.8333333333333334|0.0021216869354248|0.0044279098510742
56|149|0.8333333333333334|0.0021252632141113|0.0045080184936523
56|150|0.8333333333333334|0.002159833908081|0.0046706199645996
56|151|0.8333333333333334|0.0021421909332275|0.0044653415679931
56|152|0.8333333333333334|0.0021491050720214|0.0045616626739501
56|153|0.8333333333333334|0.0022010803222656|0.0044476985931396
56|154|0.8333333333333334|0.0021867752075195|0.0044667720794677
56|155|0.8333333333333334|0.0022029876708984|0.0047671794891357
56|156|0.8333333333333334|0.0022189617156982|0.0044941902160644
56|157|0.8333333333333334|0.0022339820861816|0.0046453475952148
56|158|0.8333333333333334|0.0022182464599609|0.0046596527099609
56|159|0.8333333333333334|0.0022757053375244|0.0046832561492919
56|160|0.8333333333333334|0.0022380352020263|0.004631757736206
56|161|0.8333333333333334|0.0022544860839843|0.0047016143798828
56|162|0.8333333333333334|0.0022525787353515|0.00453782081604
59|140|0.8333333333333334|0.0020005702972412|0.0044395923614501
59|141|0.8333333333333334|0.0020222663879394|0.0042481422424316
59|142|0.8333333333333334|0.0020232200622558|0.0042445659637451
59|143|0.8333333333333334|0.0020294189453125|0.0042965412139892
59|144|0.8333333333333334|0.0020322799682617|0.0043301582336425
59|145|0.8333333333333334|0.0020523071289062|0.0042741298675537
59|146|0.8333333333333334|0.0020608901977539|0.0042681694030761
59|147|0.8333333333333334|0.0020525455474853|0.0042684078216552
59|148|0.8333333333333334|0.0020742416381835|0.0042946338653564
59|149|0.8333333333333334|0.0020637512207031|0.0042846202850341
59|150|0.8333333333333334|0.0020759105682373|0.0045242309570312
59|151|0.8333333333333334|0.0020933151245117|0.0042757987976074
59|152|0.8333333333333334|0.0020785331726074|0.0043191909790039
59|153|0.8333333333333334|0.0021023750305175|0.0042781829833984
59|154|0.8333333333333334|0.0021684169769287|0.0042729377746582
59|155|0.8333333333333334|0.0021696090698242|0.0043196678161621
59|156|0.8333333333333334|0.002197265625|0.0043344497680664
59|157|0.8333333333333334|0.0021882057189941|0.004556655883789
59|158|0.8333333333333334|0.0022034645080566|0.0043282508850097
59|159|0.8333333333333334|0.0022258758544921|0.0045175552368164
59|160|0.8333333333333334|0.0022087097167968|0.004317283630371
59|161|0.8333333333333334|0.0022065639495849|0.0044116973876953
59|162|0.8333333333333334|0.0022270679473876|0.0043568611145019
53|139|0.8425925925925926|0.0021088123321533|0.0043556690216064
53|140|0.8425925925925926|0.0021145343780517|0.0044572353363037
53|141|0.8425925925925926|0.0021302700042724|0.0043721199035644
53|142|0.8425925925925926|0.0021696090698242|0.0043275356292724
53|143|0.8425925925925926|0.0021288394927978|0.0043315887451171
53|144|0.8425925925925926|0.0021426677703857|0.004359483718872
53|145|0.8425925925925926|0.0021839141845703|0.004361867904663
53|146|0.8425925925925926|0.0021615028381347|0.0044302940368652
53|147|0.8425925925925926|0.0021693706512451|0.0045187473297119
53|148|0.8425925925925926|0.0021731853485107|0.004335880279541
53|149|0.8425925925925926|0.0021617412567138|0.0043675899505615
53|150|0.8425925925925926|0.0021765232086181|0.0043666362762451
53|151|0.8425925925925926|0.0021698474884033|0.0043883323669433
53|152|0.8425925925925926|0.002181053161621|0.0045320987701416
53|153|0.8425925925925926|0.0022423267364501|0.0043363571166992
53|154|0.8425925925925926|0.0022039413452148|0.0047645568847656
53|155|0.8425925925925926|0.0022089481353759|0.0043880939483642
53|156|0.8425925925925926|0.0022511482238769|0.004343032836914
53|157|0.8425925925925926|0.0022280216217041|0.0043754577636718
53|158|0.8425925925925926|0.0022354125976562|0.0043890476226806
53|159|0.8425925925925926|0.0022752285003662|0.0043439865112304
53|160|0.8425925925925926|0.0022861957550048|0.0043904781341552
53|161|0.8425925925925926|0.0024614334106445|0.0047523975372314
53|162|0.8425925925925926|0.0025162696838378|0.0047132968902587
55|140|0.7962962962962963|0.0020811557769775|0.0043227672576904
55|141|0.7962962962962963|0.002089500427246|0.0045216083526611
55|142|0.7962962962962963|0.0020604133605957|0.0042612552642822
55|143|0.7962962962962963|0.0020792484283447|0.004591941833496
55|144|0.7962962962962963|0.0021669864654541|0.0044770240783691
55|145|0.7962962962962963|0.002166748046875|0.0043790340423583
55|146|0.7962962962962963|0.0021955966949462|0.0043649673461914
55|147|0.7962962962962963|0.0021812915802001|0.004399299621582
55|148|0.7962962962962963|0.0021560192108154|0.0043475627899169
55|149|0.7962962962962963|0.0021913051605224|0.0044567584991455
55|150|0.7962962962962963|0.0021743774414062|0.0044717788696289
55|151|0.7962962962962963|0.0021758079528808|0.0043270587921142
55|152|0.7962962962962963|0.0021889209747314|0.004479169845581
55|153|0.7962962962962963|0.0022034645080566|0.0045380592346191
55|154|0.7962962962962963|0.0022294521331787|0.0043072700500488
55|155|0.7962962962962963|0.0022106170654296|0.0044150352478027
55|156|0.7962962962962963|0.0022211074829101|0.004535436630249
55|157|0.7962962962962963|0.0022530555725097|0.0043411254882812
55|158|0.7962962962962963|0.0022332668304443|0.0043127536773681
55|159|0.7962962962962963|0.0022411346435546|0.0045328140258789
55|160|0.7962962962962963|0.0023412704467773|0.0044696331024169
55|161|0.7962962962962963|0.0024456977844238|0.0044968128204345
55|162|0.7962962962962963|0.002467393875122|0.0046725273132324
57|139|0.8425925925925926|0.0021669864654541|0.0043230056762695
57|140|0.8425925925925926|0.002155065536499|0.0043351650238037
57|141|0.8425925925925926|0.0021677017211914|0.0043611526489257
57|142|0.8425925925925926|0.0021636486053466|0.0043365955352783
57|143|0.8425925925925926|0.0021994113922119|0.0043697357177734
57|144|0.8425925925925926|0.0022275447845458|0.004387617111206
57|145|0.8425925925925926|0.0022075176239013|0.0043835639953613
57|146|0.8425925925925926|0.0022106170654296|0.0044333934783935
57|147|0.8425925925925926|0.0022640228271484|0.0043907165527343
57|148|0.8425925925925926|0.0022251605987548|0.0044000148773193
57|149|0.8425925925925926|0.0022461414337158|0.0044391155242919
57|150|0.8425925925925926|0.0022716522216796|0.0046985149383544
57|151|0.8425925925925926|0.0022506713867187|0.0044021606445312
57|152|0.8425925925925926|0.0022590160369873|0.0044498443603515
57|153|0.8425925925925926|0.0023028850555419|0.004413366317749
57|154|0.8425925925925926|0.002272605895996|0.0044114589691162
57|155|0.8425925925925926|0.0022830963134765|0.0044353008270263
57|156|0.8425925925925926|0.0023150444030761|0.0045061111450195
57|157|0.8425925925925926|0.0023834705352783|0.0044145584106445
57|158|0.8425925925925926|0.0024785995483398|0.0046305656433105
57|159|0.8425925925925926|0.0024924278259277|0.0044906139373779
57|160|0.8425925925925926|0.002650499343872|0.0045087337493896
57|161|0.8425925925925926|0.002699851989746|0.0045616626739501
57|162|0.8425925925925926|0.0027472972869873|0.0045633316040039
51|140|0.7870370370370371|0.0022315979003906|0.0042829513549804
51|141|0.7870370370370371|0.0022437572479248|0.0043163299560546
51|142|0.7870370370370371|0.0022609233856201|0.0042977333068847
51|143|0.7870370370370371|0.002272605895996|0.0043182373046875
51|144|0.7870370370370371|0.0022644996643066|0.0043215751647949
51|145|0.7870370370370371|0.0022873878479003|0.0043222904205322
51|146|0.7870370370370371|0.0023028850555419|0.0043227672576904
51|147|0.7870370370370371|0.0023036003112792|0.0043346881866455
51|148|0.7870370370370371|0.0022981166839599|0.004326581954956
51|149|0.7870370370370371|0.0023105144500732|0.0043349266052246
51|150|0.7870370370370371|0.0023195743560791|0.004349946975708
51|151|0.7870370370370371|0.0023150444030761|0.0043225288391113
51|152|0.7870370370370371|0.0024516582489013|0.0059962272644042
51|153|0.7870370370370371|0.0024828910827636|0.0043647289276123
51|154|0.7870370370370371|0.0025527477264404|0.0044188499450683
51|155|0.7870370370370371|0.0025756359100341|0.0044119358062744
51|156|0.7870370370370371|0.0024330615997314|0.0041980743408203
51|157|0.7870370370370371|0.0024154186248779|0.0042204856872558
51|158|0.7870370370370371|0.0023660659790039|0.0041594505310058
51|159|0.7870370370370371|0.0023200511932373|0.0041525363922119
51|160|0.7870370370370371|0.0023016929626464|0.0041897296905517
51|161|0.7870370370370371|0.0023524761199951|0.0041422843933105
51|162|0.7870370370370371|0.0023081302642822|0.0041453838348388
54|140|0.8148148148148148|0.0020778179168701|0.004561424255371
54|141|0.8148148148148148|0.0020549297332763|0.0045320987701416
54|142|0.8148148148148148|0.0020716190338134|0.0044991970062255
54|143|0.8148148148148148|0.0021371841430664|0.0045335292816162
54|144|0.8148148148148148|0.0020785331726074|0.004523754119873
54|145|0.8148148148148148|0.0021121501922607|0.0046889781951904
54|146|0.8148148148148148|0.002124547958374|0.0042812824249267
54|147|0.8148148148148148|0.0020978450775146|0.0044507980346679
54|148|0.8148148148148148|0.0021438598632812|0.0044796466827392
54|149|0.8148148148148148|0.002129316329956|0.0045223236083984
54|150|0.8148148148148148|0.0023267269134521|0.004483938217163
54|151|0.8148148148148148|0.0023729801177978|0.0045242309570312
54|152|0.8148148148148148|0.0024280548095703|0.0043511390686035
54|153|0.8148148148148148|0.0037338733673095|0.0049958229064941
54|154|0.8148148148148148|0.0038042068481445|0.008105993270874
54|155|0.8148148148148148|0.0038232803344726|0.0081925392150878
54|156|0.8148148148148148|0.0028696060180664|0.007293701171875
54|157|0.8148148148148148|0.0024607181549072|0.0042722225189208
54|158|0.8148148148148148|0.0022506713867187|0.0041429996490478
54|159|0.8148148148148148|0.0020496845245361|0.0043435096740722
54|160|0.8148148148148148|0.0020289421081542|0.0042030811309814
54|161|0.8148148148148148|0.0020322799682617|0.0042271614074707
54|162|0.8148148148148148|0.0020935535430908|0.0043511390686035
58|140|0.8518518518518519|0.0022263526916503|0.0042726993560791
58|141|0.8518518518518519|0.0022754669189453|0.0042767524719238
58|142|0.8518518518518519|0.0022711753845214|0.0044167041778564
58|143|0.8518518518518519|0.0022749900817871|0.0043351650238037
58|144|0.8518518518518519|0.0023200511932373|0.0043272972106933
58|145|0.8518518518518519|0.0023934841156005|0.0043644905090332
58|146|0.8518518518518519|0.002493143081665|0.0043818950653076
58|147|0.8518518518518519|0.0025527477264404|0.0044295787811279
58|148|0.8518518518518519|0.0025041103363037|0.0045382976531982
58|149|0.8518518518518519|0.0023674964904785|0.0042412281036376
58|150|0.8518518518518519|0.0023131370544433|0.0042169094085693
58|151|0.8703703703703703|0.0022614002227783|0.0041608810424804
58|152|0.8703703703703703|0.0022573471069335|0.0042355060577392
58|153|0.8703703703703703|0.0023221969604492|0.0042829513549804
58|154|0.8703703703703703|0.0022826194763183|0.0042395591735839
58|155|0.8703703703703703|0.0022945404052734|0.0042519569396972
58|156|0.8703703703703703|0.0023963451385498|0.0042400360107421
58|157|0.8703703703703703|0.0024642944335937|0.0042569637298583
58|158|0.8703703703703703|0.0025017261505126|0.0042946338653564
58|159|0.8703703703703703|0.0038084983825683|0.0042841434478759
58|160|0.8703703703703703|0.0024552345275878|0.004291296005249
58|161|0.8703703703703703|0.002305269241333|0.004087209701538
58|162|0.8703703703703703|0.0023090839385986|0.00413179397583
65|20|0.5833333333333334|0.001270055770874|
65|21|0.6666666666666666|0.0009779930114746|0.0013489723205566
65|22|0.7407407407407407|0.0010044574737548|0.0013577938079833
65|23|0.7685185185185185|0.0009455680847167|0.0013725757598876
65|24|0.7962962962962963|0.0010120868682861|0.0014030933380126
65|25|0.7962962962962963|0.00095796585083|0.0015168190002441
65|26|0.8148148148148148|0.0009753704071044|0.0016658306121826
65|27|0.7777777777777778|0.0009670257568359|0.0015766620635986
65|28|0.7962962962962963|0.0009865760803222|0.0016298294067382
65|29|0.8055555555555556|0.0009729862213134|0.0017092227935791
65|30|0.7962962962962963|0.0009887218475341|0.0017392635345458
65|31|0.7962962962962963|0.0010352134704589|0.0016868114471435
65|32|0.7962962962962963|0.0010056495666503|0.0017719268798828
65|33|0.7870370370370371|0.0010175704956054|0.0018231868743896
65|34|0.7962962962962963|0.0009984970092773|0.0018341541290283
65|35|0.7870370370370371|0.0009894371032714|0.0018351078033447
65|36|0.7777777777777778|0.0010325908660888|0.0018713474273681
65|37|0.7870370370370371|0.0010128021240234|0.0019378662109375
65|38|0.7870370370370371|0.0010831356048583|0.0020115375518798
65|39|0.7685185185185185|0.0010240077972412|0.0021312236785888
65|40|0.7777777777777778|0.0010697841644287|0.0020747184753417
65|41|0.7962962962962963|0.0010206699371337|0.0020966529846191
65|42|0.8148148148148148|0.001072883605957|0.0020856857299804
65|43|0.8240740740740741|0.0010976791381835|0.0022087097167968
65|44|0.8055555555555556|0.0011458396911621|0.0022416114807128
65|45|0.8148148148148148|0.0012092590332031|0.0023467540740966
65|46|0.8055555555555556|0.0011777877807617|0.0022711753845214
65|47|0.8148148148148148|0.0011134147644042|0.0022974014282226
65|48|0.8148148148148148|0.0011649131774902|0.0022714138031005
65|49|0.8240740740740741|0.0011219978332519|0.0023939609527587
65|50|0.8240740740740741|0.0011637210845947|0.0023961067199707
65|51|0.8425925925925926|0.0011558532714843|0.0024111270904541
65|52|0.8148148148148148|0.0011570453643798|0.0025558471679687
65|53|0.7962962962962963|0.0011355876922607|0.0026946067810058
65|54|0.7685185185185185|0.0011482238769531|0.0026512145996093
65|55|0.8055555555555556|0.0011391639709472|0.0027611255645751
65|56|0.7962962962962963|0.0011682510375976|0.0026159286499023
65|57|0.7962962962962963|0.0011475086212158|0.0026276111602783
65|58|0.7870370370370371|0.0011980533599853|0.0028383731842041
65|59|0.7962962962962963|0.0011720657348632|0.0027887821197509
65|60|0.8055555555555556|0.0012030601501464|0.0028414726257324
65|61|0.8055555555555556|0.0012223720550537|0.0028178691864013
65|62|0.7962962962962963|0.0012357234954833|0.0030276775360107
65|63|0.8055555555555556|0.0011987686157226|0.0028107166290283
65|64|0.8425925925925926|0.0012123584747314|0.0029587745666503
65|65|0.8611111111111112|0.0012159347534179|0.0028696060180664
65|66|0.8425925925925926|0.0012147426605224|0.0029973983764648
65|67|0.8148148148148148|0.0012216567993164|0.0032038688659667
65|68|0.8333333333333334|0.0012624263763427|0.0030491352081298
65|69|0.7962962962962963|0.0012457370758056|0.0032663345336914
65|70|0.8148148148148148|0.0012612342834472|0.0030317306518554
65|71|0.8055555555555556|0.0012907981872558|0.0030837059020996
65|72|0.8055555555555556|0.0012726783752441|0.0033133029937744
65|73|0.8055555555555556|0.0013017654418945|0.0033364295959472
65|74|0.8055555555555556|0.0013227462768554|0.0032427310943603
65|75|0.7962962962962963|0.0013537406921386|0.0033290386199951
65|76|0.7962962962962963|0.0013363361358642|0.0033183097839355
65|77|0.8148148148148148|0.0013284683227539|0.0033371448516845
65|78|0.8148148148148148|0.0013637542724609|0.0033285617828369
65|79|0.8148148148148148|0.001387596130371|0.0034112930297851
65|80|0.7962962962962963|0.0013692378997802|0.0033261775970458
65|81|0.8148148148148148|0.001361608505249|0.0033016204833984
65|82|0.8148148148148148|0.0013818740844726|0.0033512115478515
65|83|0.8240740740740741|0.0014135837554931|0.0033931732177734
65|84|0.8240740740740741|0.0014097690582275|0.0035347938537597
65|85|0.8148148148148148|0.0014495849609375|0.0034084320068359
65|86|0.8240740740740741|0.001450777053833|0.003617525100708
65|87|0.8425925925925926|0.0015032291412353|0.0034737586975097
65|88|0.8240740740740741|0.0014705657958984|0.0036842823028564
65|89|0.8240740740740741|0.0014963150024414|0.0035183429718017
65|90|0.8055555555555556|0.0014963150024414|0.0036110877990722
65|91|0.8240740740740741|0.0015509128570556|0.0037178993225097
65|92|0.8240740740740741|0.001540184020996|0.0037119388580322
65|93|0.8240740740740741|0.0015530586242675|0.0037274360656738
65|94|0.8148148148148148|0.0016388893127441|0.003751516342163
65|95|0.8148148148148148|0.0016355514526367|0.0038783550262451
65|96|0.8148148148148148|0.0016138553619384|0.0038912296295166
65|97|0.8148148148148148|0.001643419265747|0.0038998126983642
65|98|0.8148148148148148|0.0016560554504394|0.0039777755737304
65|99|0.8148148148148148|0.0016920566558837|0.0041666030883789
65|100|0.8148148148148148|0.001694917678833|0.0038301944732666
65|101|0.8148148148148148|0.0016829967498779|0.0038917064666748
65|102|0.8148148148148148|0.0016939640045166|0.0038402080535888
65|103|0.8148148148148148|0.0017383098602294|0.0039219856262207
65|104|0.8148148148148148|0.0017187595367431|0.0038909912109375
65|105|0.8148148148148148|0.0017170906066894|0.0038778781890869
65|106|0.8148148148148148|0.0017073154449462|0.0040960311889648
65|107|0.8148148148148148|0.0017561912536621|0.004204511642456
65|108|0.8148148148148148|0.0017445087432861|0.0039432048797607
65|109|0.8148148148148148|0.0017335414886474|0.0039618015289306
65|110|0.8148148148148148|0.0017447471618652|0.004152774810791
65|111|0.8148148148148148|0.0018239021301269|0.0044896602630615
65|112|0.8148148148148148|0.0017788410186767|0.0041024684906005
65|113|0.8148148148148148|0.0017523765563964|0.0041117668151855
65|114|0.8148148148148148|0.0017991065979003|0.0041542053222656
65|115|0.8148148148148148|0.0018088817596435|0.0040371417999267
65|116|0.8148148148148148|0.0018079280853271|0.0043675899505615
65|117|0.8148148148148148|0.0018048286437988|0.004162311553955
65|118|0.8148148148148148|0.0018098354339599|0.004420518875122
65|119|0.8148148148148148|0.0018374919891357|0.0040831565856933
65|120|0.8148148148148148|0.0018248558044433|0.0042169094085693
65|121|0.8148148148148148|0.0018012523651123|0.0041420459747314
65|122|0.8333333333333334|0.0018553733825683|0.0043177604675292
65|123|0.8333333333333334|0.0018703937530517|0.0041427612304687
65|124|0.8333333333333334|0.0018465518951416|0.0042691230773925
65|125|0.8333333333333334|0.0018723011016845|0.0041780471801757
65|126|0.8333333333333334|0.0019021034240722|0.0042641162872314
65|127|0.8333333333333334|0.0019094944000244|0.0043449401855468
65|128|0.8333333333333334|0.0019338130950927|0.0042781829833984
65|129|0.8333333333333334|0.0019617080688476|0.0045166015625
65|130|0.8333333333333334|0.0019350051879882|0.0041577816009521
65|131|0.8333333333333334|0.0019631385803222|0.0044147968292236
65|132|0.8333333333333334|0.0019333362579345|0.0043015480041503
65|133|0.8333333333333334|0.0019290447235107|0.0043344497680664
65|134|0.8333333333333334|0.0019452571868896|0.0043272972106933
65|135|0.8333333333333334|0.0019598007202148|0.0042455196380615
65|136|0.8333333333333334|0.0019598007202148|0.0041835308074951
65|137|0.8333333333333334|0.0019857883453369|0.0043666362762451
65|138|0.8333333333333334|0.002061128616333|0.0043296813964843
62|20|0.8055555555555556|0.0013403892517089|
62|21|0.8148148148148148|0.0010578632354736|0.0013277530670166
62|22|0.7777777777777778|0.001063585281372|0.0013859272003173
62|23|0.7777777777777778|0.0009844303131103|0.0013487339019775
62|24|0.7870370370370371|0.0010297298431396|0.0015070438385009
62|25|0.75|0.0010356903076171|0.0015211105346679
62|26|0.8148148148148148|0.0009961128234863|0.0014901161193847
62|27|0.7777777777777778|0.0010116100311279|0.0015931129455566
62|28|0.8055555555555556|0.0010256767272949|0.0017211437225341
62|29|0.8055555555555556|0.0010616779327392|0.0016422271728515
62|30|0.8148148148148148|0.0010573863983154|0.001732587814331
62|31|0.8055555555555556|0.0010366439819335|0.0017430782318115
62|32|0.7777777777777778|0.0010538101196289|0.0017650127410888
62|33|0.7685185185185185|0.0010645389556884|0.0019240379333496
62|34|0.7777777777777778|0.0010640621185302|0.0018322467803955
62|35|0.7870370370370371|0.0010631084442138|0.0018539428710937
62|36|0.7870370370370371|0.0011038780212402|0.0019066333770751
62|37|0.8055555555555556|0.0010683536529541|0.0019469261169433
62|38|0.7962962962962963|0.0011210441589355|0.0019948482513427
62|39|0.7592592592592593|0.0010919570922851|0.0021648406982421
62|40|0.7777777777777778|0.0011572837829589|0.0020806789398193
62|41|0.7870370370370371|0.0011062622070312|0.0021843910217285
62|42|0.8148148148148148|0.001129150390625|0.0022313594818115
62|43|0.7685185185185185|0.0011031627655029|0.0021791458129882
62|44|0.7777777777777778|0.0011427402496337|0.0023167133331298
62|45|0.7870370370370371|0.0011143684387207|0.0023636817932128
62|46|0.7870370370370371|0.0011718273162841|0.0023806095123291
62|47|0.7685185185185185|0.0011396408081054|0.0023326873779296
62|48|0.7685185185185185|0.0011959075927734|0.0023920536041259
62|49|0.7592592592592593|0.0012025833129882|0.0025422573089599
62|50|0.7777777777777778|0.0012414455413818|0.0024762153625488
62|51|0.75|0.0012049674987792|0.0024836063385009
62|52|0.7870370370370371|0.0012085437774658|0.0024812221527099
62|53|0.7870370370370371|0.0011982917785644|0.0026099681854248
62|54|0.7962962962962963|0.0012285709381103|0.0025768280029296
62|55|0.8055555555555556|0.0012187957763671|0.0026381015777587
62|56|0.7870370370370371|0.0012576580047607|0.002774953842163
62|57|0.8148148148148148|0.0012283325195312|0.0026557445526123
62|58|0.8148148148148148|0.0012686252593994|0.0027897357940673
62|59|0.8148148148148148|0.0012440681457519|0.0027985572814941
62|60|0.8148148148148148|0.0013003349304199|0.0029764175415039
62|61|0.7962962962962963|0.0012614727020263|0.0029182434082031
62|62|0.7870370370370371|0.001291275024414|0.0027797222137451
62|63|0.7870370370370371|0.0012884140014648|0.0029163360595703
62|64|0.7962962962962963|0.0013000965118408|0.0028493404388427
62|65|0.7962962962962963|0.0012900829315185|0.0029182434082031
62|66|0.8148148148148148|0.0012996196746826|0.0030276775360107
62|67|0.8055555555555556|0.001326560974121|0.0029864311218261
62|68|0.8055555555555556|0.0013270378112792|0.003166913986206
62|69|0.7962962962962963|0.0013294219970703|0.0032014846801757
62|70|0.7962962962962963|0.001373291015625|0.0030562877655029
62|71|0.8240740740740741|0.001368761062622|0.0031993389129638
62|72|0.8333333333333334|0.0014748573303222|0.0031790733337402
62|73|0.8333333333333334|0.0014066696166992|0.0031895637512207
62|74|0.8333333333333334|0.0014069080352783|0.0032157897949218
62|75|0.8055555555555556|0.0014204978942871|0.0032510757446289
62|76|0.8055555555555556|0.0014355182647705|0.0034401416778564
62|77|0.8055555555555556|0.0014541149139404|0.0033290386199951
62|78|0.8055555555555556|0.0014615058898925|0.0032651424407958
62|79|0.8055555555555556|0.00148606300354|0.0033276081085205
62|80|0.8148148148148148|0.0015015602111816|0.0035114288330078
62|81|0.8148148148148148|0.0015170574188232|0.0034213066101074
62|82|0.8240740740740741|0.0015296936035156|0.0035164356231689
62|83|0.8240740740740741|0.0015492439270019|0.0036756992340087
62|84|0.8240740740740741|0.0015463829040527|0.0036647319793701
62|85|0.8240740740740741|0.0015861988067626|0.0034651756286621
62|86|0.8240740740740741|0.0015826225280761|0.0036053657531738
62|87|0.8240740740740741|0.0016193389892578|0.0036802291870117
62|88|0.8240740740740741|0.0016567707061767|0.0035970211029052
62|89|0.8240740740740741|0.0016851425170898|0.0038492679595947
62|90|0.8240740740740741|0.0017430782318115|0.0039331912994384
62|91|0.8240740740740741|0.0017099380493164|0.003627061843872
62|92|0.8240740740740741|0.0017323493957519|0.0039951801300048
62|93|0.8240740740740741|0.002124547958374|0.0039536952972412
62|94|0.8240740740740741|0.0017445087432861|0.0038709640502929
62|95|0.8240740740740741|0.0018684864044189|0.0038182735443115
62|96|0.8240740740740741|0.0018074512481689|0.0041749477386474
62|97|0.8240740740740741|0.0018119812011718|0.0038878917694091
62|98|0.8240740740740741|0.0018439292907714|0.0041277408599853
62|99|0.8240740740740741|0.0018773078918457|0.0039048194885253
62|100|0.8240740740740741|0.0018227100372314|0.0041213035583496
62|101|0.8240740740740741|0.00181245803833|0.004115343093872
62|102|0.8240740740740741|0.0018320083618164|0.0040802955627441
62|103|0.8240740740740741|0.0018684864044189|0.0039200782775878
62|104|0.8240740740740741|0.0018589496612548|0.004051923751831
62|105|0.8240740740740741|0.0018298625946044|0.0041854381561279
62|106|0.8240740740740741|0.0018618106842041|0.0043451786041259
62|107|0.8240740740740741|0.0018799304962158|0.0039794445037841
62|108|0.8240740740740741|0.0019114017486572|0.0042104721069335
62|109|0.8240740740740741|0.0018613338470458|0.0039849281311035
62|110|0.8148148148148148|0.0019428730010986|0.0040712356567382
62|111|0.8148148148148148|0.0019617080688476|0.0041918754577636
62|112|0.8148148148148148|0.0019073486328125|0.0040531158447265
62|113|0.8148148148148148|0.001927375793457|0.0040440559387207
62|114|0.8148148148148148|0.0019721984863281|0.0044662952423095
62|115|0.8148148148148148|0.0019848346710205|0.0040838718414306
62|116|0.8148148148148148|0.0019707679748535|0.004098892211914
62|117|0.8148148148148148|0.0019609928131103|0.0041439533233642
62|118|0.8148148148148148|0.0019845962524414|0.0044505596160888
62|119|0.8148148148148148|0.0019822120666503|0.0045592784881591
62|120|0.8148148148148148|0.0019714832305908|0.0042333602905273
62|121|0.8148148148148148|0.0020203590393066|0.0044379234313964
62|122|0.8148148148148148|0.0020167827606201|0.0041639804840087
62|123|0.8148148148148148|0.0020685195922851|0.0041882991790771
62|124|0.8055555555555556|0.0020296573638916|0.0042502880096435
62|125|0.8055555555555556|0.0020604133605957|0.0044994354248046
62|126|0.8055555555555556|0.0020596981048583|0.0042576789855957
62|127|0.8055555555555556|0.0020632743835449|0.0043575763702392
62|128|0.7962962962962963|0.0021731853485107|0.0042715072631835
62|129|0.7962962962962963|0.002120018005371|0.0042526721954345
62|130|0.7962962962962963|0.0021421909332275|0.0043835639953613
62|131|0.7962962962962963|0.0021429061889648|0.004392385482788
62|132|0.7962962962962963|0.0021626949310302|0.0044038295745849
62|133|0.7962962962962963|0.0021774768829345|0.0043926239013671
62|134|0.7962962962962963|0.0021765232086181|0.0044770240783691
62|135|0.7962962962962963|0.0021858215332031|0.0044224262237548
62|136|0.7962962962962963|0.0022032260894775|0.0045416355133056
62|137|0.7962962962962963|0.0022070407867431|0.0045468807220458
62|138|0.7962962962962963|0.0022101402282714|0.0046238899230957
62|139|0.7962962962962963|0.0022192001342773|0.0046608448028564
67|20|0.8055555555555556|0.0013370513916015|
67|21|0.8148148148148148|0.0009517669677734|0.0012969970703125
67|22|0.8425925925925926|0.0010032653808593|0.0013196468353271
67|23|0.8055555555555556|0.0010132789611816|0.0013391971588134
67|24|0.7685185185185185|0.0009760856628417|0.0013611316680908
67|25|0.7777777777777778|0.0009591579437255|0.0013961791992187
67|26|0.7685185185185185|0.0009844303131103|0.0014519691467285
67|27|0.7592592592592593|0.0009510517120361|0.00148606300354
67|28|0.7777777777777778|0.000981330871582|0.0015313625335693
67|29|0.7962962962962963|0.0009694099426269|0.0016007423400878
67|30|0.8148148148148148|0.0009899139404296|0.0016005039215087
67|31|0.7962962962962963|0.0009787082672119|0.0016694068908691
67|32|0.7870370370370371|0.0009946823120117|0.0017127990722656
67|33|0.7777777777777778|0.0009973049163818|0.0017578601837158
67|34|0.7962962962962963|0.0010492801666259|0.001774787902832
67|35|0.8240740740740741|0.0009987354278564|0.0018048286437988
67|36|0.8240740740740741|0.0010473728179931|0.001838207244873
67|37|0.8425925925925926|0.0010089874267578|0.0018656253814697
67|38|0.8425925925925926|0.0010778903961181|0.0019176006317138
67|39|0.8425925925925926|0.0010411739349365|0.0019440650939941
67|40|0.8425925925925926|0.0010774135589599|0.0020034313201904
67|41|0.8518518518518519|0.001077651977539|0.0020279884338378
67|42|0.8518518518518519|0.0011274814605712|0.002061128616333
67|43|0.8518518518518519|0.0011675357818603|0.0021049976348876
67|44|0.8518518518518519|0.0011322498321533|0.0021443367004394
67|45|0.8518518518518519|0.0011374950408935|0.0022170543670654
67|46|0.8703703703703703|0.0011780261993408|0.0022556781768798
67|47|0.8518518518518519|0.0011425018310546|0.0022621154785156
67|48|0.8518518518518519|0.0011487007141113|0.0022881031036376
67|49|0.8333333333333334|0.001143455505371|0.0023267269134521
67|50|0.8333333333333334|0.0011606216430664|0.0023665428161621
67|51|0.8333333333333334|0.0011191368103027|0.0023918151855468
67|52|0.8425925925925926|0.001150369644165|0.0024185180664062
67|53|0.8333333333333334|0.0011184215545654|0.0024938583374023
67|54|0.7962962962962963|0.00115966796875|0.002509593963623
67|55|0.8240740740740741|0.0011370182037353|0.0025370121002197
67|56|0.8148148148148148|0.0011816024780273|0.0025525093078613
67|57|0.8240740740740741|0.0011553764343261|0.0025985240936279
67|58|0.8240740740740741|0.0012183189392089|0.002640962600708
67|59|0.8240740740740741|0.0011730194091796|0.0026872158050537
67|60|0.8333333333333334|0.0011818408966064|0.0026826858520507
67|61|0.8148148148148148|0.0011730194091796|0.002730369567871
67|62|0.8055555555555556|0.0012769699096679|0.0027616024017333
67|63|0.8240740740740741|0.0012135505676269|0.0028111934661865
67|64|0.8333333333333334|0.0012438297271728|0.0028896331787109
67|65|0.8240740740740741|0.001246690750122|0.0028953552246093
67|66|0.8333333333333334|0.0012717247009277|0.0029420852661132
67|67|0.8333333333333334|0.0012543201446533|0.0029749870300292
67|68|0.8240740740740741|0.0012996196746826|0.0029749870300292
67|69|0.8240740740740741|0.0012962818145751|0.0030241012573242
67|70|0.8240740740740741|0.0012927055358886|0.003082275390625
67|71|0.8333333333333334|0.0013024806976318|0.0031073093414306
67|72|0.8333333333333334|0.001314640045166|0.0031192302703857
67|73|0.8240740740740741|0.0013108253479003|0.0031414031982421
67|74|0.8240740740740741|0.0013229846954345|0.0031399726867675
67|75|0.8333333333333334|0.0013329982757568|0.0031633377075195
67|76|0.8240740740740741|0.0013561248779296|0.0032107830047607
67|77|0.8240740740740741|0.0013513565063476|0.0032289028167724
67|78|0.8240740740740741|0.0013465881347656|0.0032594203948974
67|79|0.8240740740740741|0.0013878345489501|0.0032801628112792
67|80|0.8240740740740741|0.0013818740844726|0.0033128261566162
67|81|0.8240740740740741|0.0013926029205322|0.0033357143402099
67|82|0.8240740740740741|0.0014123916625976|0.0033912658691406
67|83|0.8240740740740741|0.0014510154724121|0.0034096240997314
67|84|0.8333333333333334|0.0014276504516601|0.0034449100494384
67|85|0.8240740740740741|0.0014564990997314|0.0035004615783691
67|86|0.8240740740740741|0.0014824867248535|0.0034773349761962
67|87|0.8240740740740741|0.0014736652374267|0.0035037994384765
67|88|0.8240740740740741|0.0014855861663818|0.0035152435302734
67|89|0.8240740740740741|0.0015020370483398|0.0035538673400878
67|90|0.8333333333333334|0.0015268325805664|0.0035936832427978
67|91|0.8333333333333334|0.0015439987182617|0.0036158561706542
67|92|0.8333333333333334|0.0015599727630615|0.0036189556121826
67|93|0.8425925925925926|0.0015811920166015|0.0036540031433105
67|94|0.8425925925925926|0.0015859603881835|0.00368332862854
67|95|0.8425925925925926|0.0016148090362548|0.0037040710449218
67|96|0.8425925925925926|0.0016260147094726|0.0037324428558349
67|97|0.8425925925925926|0.0016236305236816|0.0037667751312255
67|98|0.8425925925925926|0.0016522407531738|0.0037868022918701
67|99|0.8425925925925926|0.0017225742340087|0.0038387775421142
67|100|0.8425925925925926|0.0017926692962646|0.0038442611694335
67|101|0.8425925925925926|0.001683235168457|0.0038554668426513
67|102|0.8425925925925926|0.001699686050415|0.0038862228393554
67|103|0.8425925925925926|0.001688003540039|0.0038778781890869
67|104|0.8425925925925926|0.0016953945159912|0.003936767578125
67|105|0.8425925925925926|0.0017201900482177|0.0039055347442626
67|106|0.8425925925925926|0.0017240047454833|0.0039231777191162
67|107|0.8425925925925926|0.0017194747924804|0.0039410591125488
67|108|0.8425925925925926|0.0017342567443847|0.0039374828338623
67|109|0.8425925925925926|0.0017411708831787|0.0039813518524169
67|110|0.8425925925925926|0.0017483234405517|0.0039663314819335
67|111|0.8425925925925926|0.001765489578247|0.0039682388305664
67|112|0.8425925925925926|0.00175142288208|0.0039761066436767
67|113|0.8425925925925926|0.001772403717041|0.0039925575256347
67|114|0.8425925925925926|0.0017704963684082|0.0040149688720703
67|115|0.8425925925925926|0.0017886161804199|0.0040161609649658
67|116|0.8425925925925926|0.0017874240875244|0.0040488243103027
67|117|0.8425925925925926|0.001796007156372|0.004040241241455
67|118|0.8425925925925926|0.0020923614501953|0.0041916370391845
67|119|0.8333333333333334|0.0018656253814697|0.0040903091430664
67|120|0.8333333333333334|0.001835823059082|0.0040903091430664
67|121|0.8333333333333334|0.0018291473388671|0.0041315555572509
67|122|0.8333333333333334|0.0018298625946044|0.0040910243988037
67|123|0.8333333333333334|0.0018680095672607|0.0041108131408691
67|124|0.8425925925925926|0.0019094944000244|0.0041050910949707
67|125|0.8425925925925926|0.0019402503967285|0.0041525363922119
67|126|0.8425925925925926|0.0019629001617431|0.0041964054107666
67|127|0.8333333333333334|0.0020058155059814|0.0042214393615722
67|128|0.8333333333333334|0.0020108222961425|0.0042128562927246
67|129|0.8333333333333334|0.0020222663879394|0.0042037963867187
67|130|0.8333333333333334|0.0023345947265625|0.0042176246643066
67|131|0.8333333333333334|0.0020508766174316|0.0042977333068847
67|132|0.8333333333333334|0.0020475387573242|0.0042934417724609
67|133|0.8333333333333334|0.0020744800567626|0.0043103694915771
67|134|0.8333333333333334|0.0021197795867919|0.0043032169342041
67|135|0.8333333333333334|0.0020890235900878|0.0042908191680908
67|136|0.8333333333333334|0.0020697116851806|0.0043272972106933
67|137|0.8333333333333334|0.0020923614501953|0.0043337345123291
67|138|0.8333333333333334|0.0021092891693115|0.0043554306030273
67|139|0.8333333333333334|0.0021355152130126|0.0043282508850097
60|21|0.8703703703703703|0.0009794235229492|0.0012993812561035
60|22|0.8611111111111112|0.0009870529174804|0.0013263225555419
60|23|0.8055555555555556|0.0009889602661132|0.0013785362243652
60|24|0.8425925925925926|0.0014424324035644|0.0014955997467041
60|25|0.8055555555555556|0.000990867614746|0.001511812210083
60|26|0.8240740740740741|0.0009725093841552|0.0018093585968017
60|27|0.8055555555555556|0.0009865760803222|0.0015492439270019
60|28|0.8333333333333334|0.001000165939331|0.001549482345581
60|29|0.8703703703703703|0.0009815692901611|0.001645803451538
60|30|0.8518518518518519|0.0009822845458984|0.0017409324645996
60|31|0.8240740740740741|0.0009984970092773|0.0016825199127197
60|32|0.8425925925925926|0.0009994506835937|0.0017688274383544
60|33|0.8796296296296297|0.0009868144989013|0.001737356185913
60|34|0.8796296296296297|0.000988483428955|0.0018007755279541
60|35|0.8888888888888888|0.0010249614715576|0.0018303394317626
60|36|0.8703703703703703|0.0010197162628173|0.0019187927246093
60|37|0.8981481481481481|0.0010159015655517|0.0019605159759521
60|38|0.8888888888888888|0.0010721683502197|0.0019564628601074
60|39|0.8888888888888888|0.0010199546813964|0.0020630359649658
60|40|0.8796296296296297|0.0010697841644287|0.0021781921386718
60|41|0.8518518518518519|0.0010225772857666|0.002077579498291
60|42|0.8888888888888888|0.0010666847229003|0.0021023750305175
60|43|0.8796296296296297|0.0010542869567871|0.0022580623626708
60|44|0.8796296296296297|0.001075267791748|0.0021538734436035
60|45|0.8888888888888888|0.0010778903961181|0.0023000240325927
60|46|0.8796296296296297|0.0011267662048339|0.0023479461669921
60|47|0.8981481481481481|0.0011613368988037|0.0024125576019287
60|48|0.8611111111111112|0.0012509822845458|0.0023903846740722
60|49|0.8888888888888888|0.0011618137359619|0.0024316310882568
60|50|0.8888888888888888|0.0012075901031494|0.0025014877319335
60|51|0.8981481481481481|0.0011742115020751|0.0025174617767333
60|52|0.8888888888888888|0.0012001991271972|0.0025758743286132
60|53|0.8981481481481481|0.001220703125|0.0026135444641113
60|54|0.8888888888888888|0.0012719631195068|0.0026259422302246
60|55|0.8796296296296297|0.0012927055358886|0.0026478767395019
60|56|0.9074074074074074|0.001178503036499|0.0027699470520019
60|57|0.8981481481481481|0.0011389255523681|0.002659797668457
60|58|0.8981481481481481|0.0011966228485107|0.0028445720672607
60|59|0.8981481481481481|0.0011723041534423|0.0028486251831054
60|60|0.8981481481481481|0.0011987686157226|0.0028839111328125
60|61|0.8888888888888888|0.0011672973632812|0.0028271675109863
60|62|0.8796296296296297|0.0012211799621582|0.0029571056365966
60|63|0.8796296296296297|0.0012097358703613|0.0029561519622802
60|64|0.8611111111111112|0.0012018680572509|0.0028522014617919
60|65|0.8888888888888888|0.0012176036834716|0.0030453205108642
60|66|0.8981481481481481|0.0012502670288085|0.0030891895294189
60|67|0.8981481481481481|0.0012428760528564|0.003166913986206
60|68|0.8888888888888888|0.0012805461883544|0.00299072265625
60|69|0.8888888888888888|0.0012600421905517|0.0030696392059326
60|70|0.9074074074074074|0.0012652873992919|0.0032200813293457
60|71|0.8888888888888888|0.0013155937194824|0.0032794475555419
60|72|0.8888888888888888|0.001291275024414|0.0033304691314697
60|73|0.8888888888888888|0.0012955665588378|0.0031585693359375
60|74|0.8796296296296297|0.0013196468353271|0.0033879280090332
60|75|0.8888888888888888|0.00132417678833|0.0034263134002685
60|76|0.8796296296296297|0.0013525485992431|0.0034079551696777
60|77|0.8703703703703703|0.0013480186462402|0.003411054611206
60|78|0.8703703703703703|0.0013651847839355|0.0034658908843994
60|79|0.8888888888888888|0.0014011859893798|0.0033156871795654
60|80|0.8796296296296297|0.0013506412506103|0.0033919811248779
60|81|0.8796296296296297|0.0013740062713623|0.0035381317138671
60|82|0.8796296296296297|0.0013895034790039|0.0034503936767578
60|83|0.8888888888888888|0.0014395713806152|0.0033690929412841
60|84|0.8703703703703703|0.001418113708496|0.0034544467926025
60|85|0.8703703703703703|0.001439094543457|0.0036797523498535
60|86|0.8796296296296297|0.0014457702636718|0.0036900043487548
60|87|0.8703703703703703|0.0014989376068115|0.003711462020874
60|88|0.8796296296296297|0.0014810562133789|0.0038099288940429
60|89|0.8796296296296297|0.001493215560913|0.0037250518798828
60|90|0.8796296296296297|0.0015091896057128|0.0035946369171142
60|91|0.8796296296296297|0.00152587890625|0.0038990974426269
60|92|0.8888888888888888|0.0015537738800048|0.0036456584930419
60|93|0.8888888888888888|0.0018565654754638|0.0037147998809814
60|94|0.8888888888888888|0.001875877380371|0.0039222240447998
60|95|0.8888888888888888|0.0018067359924316|0.0040340423583984
60|96|0.8888888888888888|0.0018777847290039|0.0039668083190917
60|97|0.8888888888888888|0.0018465518951416|0.0038962364196777
60|98|0.8888888888888888|0.0019001960754394|0.0040919780731201
60|99|0.8888888888888888|0.0019159317016601|0.004105806350708
60|100|0.8888888888888888|0.0019195079803466|0.004098892211914
60|101|0.8888888888888888|0.0019207000732421|0.0039224624633789
60|102|0.8888888888888888|0.0019278526306152|0.0041625499725341
60|103|0.8888888888888888|0.0019569396972656|0.0041744709014892
60|104|0.8888888888888888|0.001988410949707|0.0042378902435302
60|105|0.8981481481481481|0.0019474029541015|0.004180908203125
60|106|0.8981481481481481|0.0020101070404052|0.0042083263397216
60|107|0.8981481481481481|0.0020027160644531|0.004112958908081
60|108|0.8981481481481481|0.0020506381988525|0.0043017864227294
60|109|0.9074074074074074|0.002098798751831|0.0042729377746582
60|110|0.9074074074074074|0.0020813941955566|0.0043215751647949
60|111|0.9074074074074074|0.0020885467529296|0.0043535232543945
60|112|0.9074074074074074|0.0020675659179687|0.004340648651123
60|113|0.9074074074074074|0.002065896987915|0.0044806003570556
60|114|0.9074074074074074|0.0020990371704101|0.0044636726379394
60|115|0.9074074074074074|0.0021300315856933|0.0044648647308349
60|116|0.9074074074074074|0.002152681350708|0.0044517517089843
60|117|0.9074074074074074|0.0019028186798095|0.0044264793395996
60|118|0.9074074074074074|0.0019094944000244|0.0044786930084228
60|119|0.9074074074074074|0.0019476413726806|0.0043747425079345
60|120|0.8981481481481481|0.0019159317016601|0.0043666362762451
60|121|0.8981481481481481|0.0019276142120361|0.0045199394226074
60|122|0.8981481481481481|0.0019457340240478|0.004340648651123
60|123|0.8981481481481481|0.0019481182098388|0.0043451786041259
60|124|0.8981481481481481|0.0019493103027343|0.004530906677246
60|125|0.8981481481481481|0.0019638538360595|0.0042452812194824
60|126|0.8981481481481481|0.0019862651824951|0.0043296813964843
60|127|0.8981481481481481|0.0019888877868652|0.004512071609497
60|128|0.8981481481481481|0.0020012855529785|0.0045292377471923
60|129|0.8981481481481481|0.0020983219146728|0.0043656826019287
60|130|0.8981481481481481|0.0020532608032226|0.0043990612030029
60|131|0.8981481481481481|0.0020923614501953|0.0045874118804931
60|132|0.8981481481481481|0.0021042823791503|0.0043210983276367
60|133|0.8981481481481481|0.0020997524261474|0.0046257972717285
60|134|0.8981481481481481|0.0021193027496337|0.0046463012695312
60|135|0.8981481481481481|0.0021440982818603|0.0046627521514892
60|136|0.8981481481481481|0.0021452903747558|0.0044617652893066
60|137|0.8981481481481481|0.0021569728851318|0.0047247409820556
60|138|0.8981481481481481|0.0022015571594238|0.0045571327209472
60|139|0.8981481481481481|0.0021975040435791|0.0044105052947998
68|20|0.8148148148148148|0.0012807846069335|
68|21|0.8518518518518519|0.0009932518005371|0.0013871192932128
68|22|0.7962962962962963|0.0010511875152587|0.0013842582702636
68|23|0.7962962962962963|0.0010030269622802|0.0014235973358154
68|24|0.7962962962962963|0.0010316371917724|0.0014510154724121
68|25|0.7962962962962963|0.00103759765625|0.0014765262603759
68|26|0.8148148148148148|0.0010209083557128|0.0015232563018798
68|27|0.7777777777777778|0.0010333061218261|0.0015544891357421
68|28|0.8055555555555556|0.0010452270507812|0.0015935897827148
68|29|0.7870370370370371|0.0010473728179931|0.0016324520111083
68|30|0.7777777777777778|0.0010311603546142|0.0016603469848632
68|31|0.7870370370370371|0.0010228157043457|0.0016801357269287
68|32|0.8055555555555556|0.0010271072387695|0.0017175674438476
68|33|0.7962962962962963|0.0010337829589843|0.0017800331115722
68|34|0.7870370370370371|0.0010554790496826|0.0018050670623779
68|35|0.7870370370370371|0.001049518585205|0.001819372177124
68|36|0.7777777777777778|0.0010902881622314|0.0018682479858398
68|37|0.7962962962962963|0.001061201095581|0.0019037723541259
68|38|0.7870370370370371|0.0011243820190429|0.0019714832305908
68|39|0.8055555555555556|0.0011067390441894|0.0019998550415039
68|40|0.7962962962962963|0.0011322498321533|0.0020499229431152
68|41|0.8240740740740741|0.0010950565338134|0.0020570755004882
68|42|0.7870370370370371|0.0011308193206787|0.0020961761474609
68|43|0.7777777777777778|0.001127004623413|0.002131700515747
68|44|0.7685185185185185|0.0011405944824218|0.0021800994873046
68|45|0.7777777777777778|0.0011324882507324|0.0022773742675781
68|46|0.7962962962962963|0.0011727809906005|0.0022919178009033
68|47|0.8240740740740741|0.0011336803436279|0.0023064613342285
68|48|0.8333333333333334|0.0011980533599853|0.0022964477539062
68|49|0.8518518518518519|0.0011627674102783|0.0023646354675292
68|50|0.8425925925925926|0.0012030601501464|0.0023689270019531
68|51|0.8611111111111112|0.0011649131774902|0.0024023056030273
68|52|0.8333333333333334|0.0012152194976806|0.0025033950805664
68|53|0.8611111111111112|0.0011868476867675|0.0024716854095458
68|54|0.8518518518518519|0.0012197494506835|0.0025281906127929
68|55|0.8333333333333334|0.0012009143829345|0.0025482177734375
68|56|0.8055555555555556|0.0012300014495849|0.0026063919067382
68|57|0.7870370370370371|0.0012135505676269|0.0026097297668457
68|58|0.7962962962962963|0.0012667179107666|0.0027122497558593
68|59|0.8240740740740741|0.0012359619140625|0.0026712417602539
68|60|0.8055555555555556|0.0012891292572021|0.0027496814727783
68|61|0.8055555555555556|0.0012555122375488|0.0027620792388916
68|62|0.8055555555555556|0.001312255859375|0.002774953842163
68|63|0.8240740740740741|0.0013098716735839|0.0028333663940429
68|64|0.8148148148148148|0.0013246536254882|0.0028417110443115
68|65|0.8240740740740741|0.0012876987457275|0.0028924942016601
68|66|0.8333333333333334|0.0012967586517333|0.0029728412628173
68|67|0.8425925925925926|0.0013144016265869|0.0030415058135986
68|68|0.8518518518518519|0.0013325214385986|0.0029716491699218
68|69|0.8425925925925926|0.0013468265533447|0.0029938220977783
68|70|0.8240740740740741|0.0013375282287597|0.0030415058135986
68|71|0.8240740740740741|0.0013346672058105|0.0030710697174072
68|72|0.8240740740740741|0.0013597011566162|0.0032532215118408
68|73|0.8333333333333334|0.0013649463653564|0.0031085014343261
68|74|0.8333333333333334|0.0013628005981445|0.0032474994659423
68|75|0.8240740740740741|0.0013761520385742|0.003178596496582
68|76|0.8148148148148148|0.0013985633850097|0.003192663192749
68|77|0.8148148148148148|0.001408576965332|0.0032660961151123
68|78|0.8148148148148148|0.0014283657073974|0.0032486915588378
68|79|0.8240740740740741|0.0014278888702392|0.0034053325653076
68|80|0.8333333333333334|0.0014309883117675|0.003303050994873
68|81|0.8148148148148148|0.0014624595642089|0.0032856464385986
68|82|0.8240740740740741|0.0014431476593017|0.0033698081970214
68|83|0.8240740740740741|0.0014803409576416|0.0033540725708007
68|84|0.8425925925925926|0.0015103816986083|0.0033879280090332
68|85|0.8425925925925926|0.0015130043029785|0.0034286975860595
68|86|0.8240740740740741|0.0015292167663574|0.0035815238952636
68|87|0.8240740740740741|0.0015602111816406|0.0035872459411621
68|88|0.8333333333333334|0.0015649795532226|0.0036761760711669
68|89|0.8425925925925926|0.0015606880187988|0.003627061843872
68|90|0.8333333333333334|0.0015678405761718|0.0035641193389892
68|91|0.8425925925925926|0.0015954971313476|0.0036406517028808
68|92|0.8425925925925926|0.0016334056854248|0.0036509037017822
68|93|0.8333333333333334|0.001641035079956|0.0036725997924804
68|94|0.8333333333333334|0.0017197132110595|0.0036892890930175
68|95|0.8425925925925926|0.0017364025115966|0.0037343502044677
68|96|0.8425925925925926|0.0017271041870117|0.0037066936492919
68|97|0.8425925925925926|0.0018024444580078|0.0038435459136962
68|98|0.8333333333333334|0.0017805099487304|0.0038056373596191
68|99|0.8333333333333334|0.0018103122711181|0.0038089752197265
68|100|0.8333333333333334|0.0017895698547363|0.0039184093475341
68|101|0.8333333333333334|0.0018014907836914|0.0038464069366455
68|102|0.8333333333333334|0.0017926692962646|0.0038473606109619
68|103|0.8240740740740741|0.0018641948699951|0.0038743019104003
68|104|0.8240740740740741|0.0018205642700195|0.0039076805114746
68|105|0.8240740740740741|0.0019259452819824|0.0039629936218261
68|106|0.8240740740740741|0.0019092559814453|0.0039911270141601
68|107|0.8240740740740741|0.0019469261169433|0.00411057472229
68|108|0.8240740740740741|0.0018897056579589|0.0040144920349121
68|109|0.8240740740740741|0.0019116401672363|0.0040323734283447
68|110|0.8240740740740741|0.0019350051879882|0.0040528774261474
68|111|0.8240740740740741|0.0019948482513427|0.0041968822479248
68|112|0.8240740740740741|0.00193452835083|0.0040667057037353
68|113|0.8148148148148148|0.0019519329071044|0.0040507316589355
68|114|0.8148148148148148|0.0019614696502685|0.0041141510009765
68|115|0.8148148148148148|0.0019903182983398|0.004152774810791
68|116|0.8148148148148148|0.0019729137420654|0.0041286945343017
68|117|0.8148148148148148|0.0019881725311279|0.0042903423309326
68|118|0.8148148148148148|0.0019853115081787|0.0041704177856445
68|119|0.8148148148148148|0.002004861831665|0.0041992664337158
68|120|0.8148148148148148|0.0019805431365966|0.0041303634643554
68|121|0.8148148148148148|0.0020170211791992|0.0042133331298828
68|122|0.8148148148148148|0.0020179748535156|0.0041723251342773
68|123|0.8148148148148148|0.002037763595581|0.0042293071746826
68|124|0.8148148148148148|0.0020394325256347|0.004296064376831
68|125|0.8148148148148148|0.0020186901092529|0.0042066574096679
68|126|0.8148148148148148|0.0020616054534912|0.0043163299560546
68|127|0.8148148148148148|0.0020384788513183|0.0041837692260742
68|128|0.8148148148148148|0.0020477771759033|0.0043489933013916
68|129|0.8148148148148148|0.0021116733551025|0.0042266845703125
68|130|0.8148148148148148|0.0021748542785644|0.0043115615844726
68|131|0.8148148148148148|0.0021731853485107|0.0042634010314941
68|132|0.8148148148148148|0.0021874904632568|0.0042710304260253
68|133|0.8148148148148148|0.0021784305572509|0.0044524669647216
68|134|0.8148148148148148|0.0022180080413818|0.0045859813690185
68|135|0.8148148148148148|0.0022194385528564|0.0043723583221435
68|136|0.8148148148148148|0.0022284984588623|0.0044608116149902
68|137|0.8148148148148148|0.002244234085083|0.0043067932128906
68|138|0.8148148148148148|0.0022366046905517|0.0043244361877441
68|139|0.8148148148148148|0.002260684967041|0.0044882297515869
64|20|0.8333333333333334|0.00118088722229|
64|21|0.8703703703703703|0.0009667873382568|0.0013735294342041
64|22|0.8425925925925926|0.0009794235229492|0.0013496875762939
64|23|0.8240740740740741|0.0009996891021728|0.0014407634735107
64|24|0.8333333333333334|0.0009999275207519|0.0014436244964599
64|25|0.8333333333333334|0.001007080078125|0.0015578269958496
64|26|0.8333333333333334|0.001004934310913|0.0016026496887207
64|27|0.8055555555555556|0.0010187625885009|0.0016224384307861
64|28|0.8425925925925926|0.0010223388671875|0.0017518997192382
64|29|0.8148148148148148|0.0010211467742919|0.0017096996307373
64|30|0.8148148148148148|0.0010280609130859|0.0017993450164794
64|31|0.8240740740740741|0.0010294914245605|0.0017802715301513
64|32|0.8148148148148148|0.0010302066802978|0.0018129348754882
64|33|0.8055555555555556|0.0010457038879394|0.001894474029541
64|34|0.8240740740740741|0.0010373592376708|0.0018677711486816
64|35|0.7870370370370371|0.0010554790496826|0.0019576549530029
64|36|0.75|0.001061201095581|0.0019848346710205
64|37|0.7592592592592593|0.0010671615600585|0.002021312713623
64|38|0.7685185185185185|0.00108003616333|0.0019938945770263
64|39|0.7777777777777778|0.0010879039764404|0.0021276473999023
64|40|0.7962962962962963|0.001089334487915|0.0021419525146484
64|41|0.7777777777777778|0.0010864734649658|0.0022003650665283
64|42|0.7870370370370371|0.0010988712310791|0.0022535324096679
64|43|0.7592592592592593|0.0011143684387207|0.0022470951080322
64|44|0.7592592592592593|0.00111985206604|0.0023000240325927
64|45|0.7685185185185185|0.0011107921600341|0.0022246837615966
64|46|0.8055555555555556|0.0011277198791503|0.0023689270019531
64|47|0.8148148148148148|0.0011384487152099|0.0024144649505615
64|48|0.8148148148148148|0.0011506080627441|0.0024580955505371
64|49|0.8055555555555556|0.0011518001556396|0.0024771690368652
64|50|0.8148148148148148|0.001164436340332|0.0024003982543945
64|51|0.7962962962962963|0.0011661052703857|0.0025560855865478
64|52|0.7777777777777778|0.0011868476867675|0.0025026798248291
64|53|0.7592592592592593|0.0011863708496093|0.0025711059570312
64|54|0.7962962962962963|0.0012190341949462|0.0025792121887207
64|55|0.7962962962962963|0.001218557357788|0.002610445022583
64|56|0.8148148148148148|0.0012283325195312|0.0027892589569091
64|57|0.8148148148148148|0.0012454986572265|0.002734899520874
64|58|0.8240740740740741|0.001244306564331|0.0027384757995605
64|59|0.8148148148148148|0.0012633800506591|0.0027375221252441
64|60|0.8055555555555556|0.0012507438659667|0.002845287322998
64|61|0.7962962962962963|0.001255989074707|0.0029389858245849
64|62|0.7962962962962963|0.0012738704681396|0.0029280185699462
64|63|0.8055555555555556|0.0012814998626708|0.0030384063720703
64|64|0.8148148148148148|0.0012810230255126|0.003077745437622
64|65|0.8148148148148148|0.0012791156768798|0.0028614997863769
64|66|0.8148148148148148|0.0012862682342529|0.0030217170715332
64|67|0.7962962962962963|0.0013000965118408|0.0030698776245117
64|68|0.8148148148148148|0.0013315677642822|0.0031259059906005
64|69|0.8333333333333334|0.0013229846954345|0.0032234191894531
64|70|0.8240740740740741|0.0013577938079833|0.0031447410583496
64|71|0.8240740740740741|0.0013284683227539|0.0031390190124511
64|72|0.8333333333333334|0.0013713836669921|0.0031440258026123
64|73|0.8148148148148148|0.001378059387207|0.0031096935272216
64|74|0.8333333333333334|0.001380443572998|0.0032737255096435
64|75|0.8240740740740741|0.001415729522705|0.003333568572998
64|76|0.8240740740740741|0.001441478729248|0.0034499168395996
64|77|0.8333333333333334|0.0014417171478271|0.0033860206604003
64|78|0.8148148148148148|0.0014677047729492|0.0034899711608886
64|79|0.8148148148148148|0.0014820098876953|0.0034625530242919
64|80|0.8148148148148148|0.0014951229095458|0.0034520626068115
64|81|0.8148148148148148|0.0015327930450439|0.0034420490264892
64|82|0.8148148148148148|0.001540184020996|0.0036587715148925
64|83|0.8148148148148148|0.0015358924865722|0.003575325012207
64|84|0.8240740740740741|0.0015532970428466|0.0036418437957763
64|85|0.8240740740740741|0.0015759468078613|0.0034356117248535
64|86|0.8148148148148148|0.00156831741333|0.0036134719848632
64|87|0.8148148148148148|0.0015957355499267|0.0034759044647216
64|88|0.8148148148148148|0.0016486644744873|0.0037198066711425
64|89|0.8148148148148148|0.00162935256958|0.0037634372711181
64|90|0.8148148148148148|0.0016150474548339|0.0038530826568603
64|91|0.8148148148148148|0.0016381740570068|0.0036876201629638
64|92|0.8148148148148148|0.0016484260559082|0.0038237571716308
64|93|0.8148148148148148|0.0016818046569824|0.0038878917694091
64|94|0.8240740740740741|0.0017120838165283|0.0039024353027343
64|95|0.8333333333333334|0.0028126239776611|0.006767988204956
64|96|0.8611111111111112|0.001760721206665|0.0039746761322021
64|97|0.8611111111111112|0.001763105392456|0.0037574768066406
64|98|0.8611111111111112|0.0018043518066406|0.0039255619049072
64|99|0.8611111111111112|0.001826524734497|0.0038642883300781
64|100|0.8611111111111112|0.0017900466918945|0.0038666725158691
64|101|0.8611111111111112|0.0018196105957031|0.0039484500885009
64|102|0.8611111111111112|0.0018496513366699|0.0039021968841552
64|103|0.8611111111111112|0.0018656253814697|0.0039544105529785
64|104|0.8703703703703703|0.0018506050109863|0.0040626525878906
64|105|0.8703703703703703|0.0018866062164306|0.0039417743682861
64|106|0.8703703703703703|0.0019237995147705|0.0039680004119873
64|107|0.8703703703703703|0.0019299983978271|0.0039930343627929
64|108|0.8703703703703703|0.0019731521606445|0.0041487216949462
64|109|0.8703703703703703|0.0019741058349609|0.0041131973266601
64|110|0.8518518518518519|0.001950979232788|0.0040595531463623
64|111|0.8518518518518519|0.0019841194152832|0.004190444946289
64|112|0.8518518518518519|0.0019638538360595|0.0040645599365234
64|113|0.8518518518518519|0.0019662380218505|0.0040662288665771
64|114|0.8518518518518519|0.0020179748535156|0.0041794776916503
64|115|0.8518518518518519|0.0020623207092285|0.004493236541748
64|116|0.8518518518518519|0.0020492076873779|0.0043087005615234
64|117|0.8518518518518519|0.0020492076873779|0.0044209957122802
64|118|0.8518518518518519|0.0020577907562255|0.0043525695800781
64|119|0.8518518518518519|0.0020904541015625|0.0042078495025634
64|120|0.8518518518518519|0.0020780563354492|0.0043468475341796
64|121|0.8518518518518519|0.0020935535430908|0.0043206214904785
64|122|0.8518518518518519|0.0020906925201416|0.0044357776641845
64|123|0.8518518518518519|0.0021276473999023|0.0044503211975097
64|124|0.8425925925925926|0.002162218093872|0.0044147968292236
64|125|0.8425925925925926|0.0021839141845703|0.0044691562652587
64|126|0.8425925925925926|0.0021817684173583|0.0045230388641357
64|127|0.8518518518518519|0.0022499561309814|0.004281997680664
64|128|0.8518518518518519|0.0022733211517333|0.0045480728149414
64|129|0.8518518518518519|0.0022532939910888|0.0045504570007324
64|130|0.8518518518518519|0.0022013187408447|0.0045404434204101
64|131|0.8518518518518519|0.0022273063659667|0.0044803619384765
64|132|0.8518518518518519|0.0022079944610595|0.0043232440948486
64|133|0.8518518518518519|0.0022213459014892|0.0045993328094482
64|134|0.8518518518518519|0.0022528171539306|0.004500389099121
64|135|0.8518518518518519|0.0022399425506591|0.0045263767242431
64|136|0.8518518518518519|0.0022478103637695|0.0046336650848388
64|137|0.8518518518518519|0.0022974014282226|0.0044496059417724
64|138|0.8518518518518519|0.0022511482238769|0.0045654773712158
64|139|0.8518518518518519|0.002293586730957|0.0047643184661865
63|20|0.7962962962962963|0.0025525093078613|
63|21|0.7962962962962963|0.0017178058624267|0.0024847984313964
63|22|0.8055555555555556|0.0019319057464599|0.0024588108062744
63|23|0.7777777777777778|0.0016591548919677|0.0025162696838378
63|24|0.7870370370370371|0.0017740726470947|0.0025782585144042
63|25|0.7870370370370371|0.0010759830474853|0.0014739036560058
63|26|0.7777777777777778|0.0011405944824218|0.0015697479248046
63|27|0.7777777777777778|0.0011026859283447|0.0015826225280761
63|28|0.7777777777777778|0.0011708736419677|0.0015885829925537
63|29|0.7962962962962963|0.0011196136474609|0.0016670227050781
63|30|0.7962962962962963|0.0011439323425292|0.0016820430755615
63|31|0.8240740740740741|0.001138687133789|0.0017557144165039
63|32|0.7870370370370371|0.0011613368988037|0.0018260478973388
63|33|0.7962962962962963|0.0011181831359863|0.0018649101257324
63|34|0.7685185185185185|0.0011470317840576|0.0018653869628906
63|35|0.7777777777777778|0.0011248588562011|0.0018956661224365
63|36|0.7777777777777778|0.0012300014495849|0.0019845962524414
63|37|0.7777777777777778|0.0011320114135742|0.0019819736480712
63|38|0.7962962962962963|0.0012955665588378|0.0019793510437011
63|39|0.8055555555555556|0.0010957717895507|0.0020277500152587
63|40|0.8055555555555556|0.0013344287872314|0.0020825862884521
63|41|0.8148148148148148|0.0011177062988281|0.002143383026123
63|42|0.8055555555555556|0.0012669563293457|0.0020971298217773
63|43|0.8240740740740741|0.0011460781097412|0.0021970272064208
63|44|0.8148148148148148|0.0012500286102294|0.0022327899932861
63|45|0.8055555555555556|0.0011444091796875|0.0022921562194824
63|46|0.8055555555555556|0.0013267993927001|0.0022521018981933
63|47|0.8148148148148148|0.0011706352233886|0.0024302005767822
63|48|0.7870370370370371|0.0012922286987304|0.0023841857910156
63|49|0.8055555555555556|0.0011830329895019|0.0023870468139648
63|50|0.8055555555555556|0.0012948513031005|0.0024890899658203
63|51|0.7777777777777778|0.0012111663818359|0.0025174617767333
63|52|0.7870370370370371|0.0013587474822998|0.0025467872619628
63|53|0.8148148148148148|0.0012238025665283|0.0025944709777832
63|54|0.8055555555555556|0.0014097690582275|0.0026490688323974
63|55|0.8333333333333334|0.001237154006958|0.0026619434356689
63|56|0.8148148148148148|0.0013990402221679|0.0026535987854003
63|57|0.8333333333333334|0.0012915134429931|0.0027284622192382
63|58|0.8240740740740741|0.0014176368713378|0.0027797222137451
63|59|0.8333333333333334|0.0012874603271484|0.0027589797973632
63|60|0.8240740740740741|0.00148606300354|0.0028281211853027
63|61|0.8333333333333334|0.001314640045166|0.0028798580169677
63|62|0.8333333333333334|0.0014774799346923|0.0028071403503417
63|63|0.8240740740740741|0.0013635158538818|0.0028817653656005
63|64|0.8148148148148148|0.0013904571533203|0.0029716491699218
63|65|0.8148148148148148|0.001349925994873|0.0029911994934082
63|66|0.8148148148148148|0.0013983249664306|0.0029633045196533
63|67|0.8148148148148148|0.0013620853424072|0.003068208694458
63|68|0.8055555555555556|0.0013720989227294|0.0030910968780517
63|69|0.8148148148148148|0.0013720989227294|0.0031437873840332
63|70|0.8240740740740741|0.0013859272003173|0.003070592880249
63|71|0.8425925925925926|0.0013902187347412|0.0031466484069824
63|72|0.8148148148148148|0.001413345336914|0.0032069683074951
63|73|0.8240740740740741|0.001490831375122|0.0031428337097167
63|74|0.8240740740740741|0.001439094543457|0.0032718181610107
63|75|0.8148148148148148|0.0014669895172119|0.0034165382385253
63|76|0.8240740740740741|0.0014634132385253|0.0033092498779296
63|77|0.8240740740740741|0.0014674663543701|0.0033597946166992
63|78|0.8240740740740741|0.0015089511871337|0.0032794475555419
63|79|0.8148148148148148|0.0015008449554443|0.003446340560913
63|80|0.8240740740740741|0.0015749931335449|0.0034584999084472
63|81|0.8240740740740741|0.0015416145324707|0.0034871101379394
63|82|0.8148148148148148|0.0015747547149658|0.003603458404541
63|83|0.8148148148148148|0.0015845298767089|0.0035507678985595
63|84|0.8148148148148148|0.0016002655029296|0.0035393238067626
63|85|0.8148148148148148|0.0016088485717773|0.0036120414733886
63|86|0.8148148148148148|0.0016262531280517|0.003516674041748
63|87|0.8148148148148148|0.0016300678253173|0.0035650730133056
63|88|0.8148148148148148|0.0016596317291259|0.0038211345672607
63|89|0.8148148148148148|0.0017385482788085|0.0039448738098144
63|90|0.8148148148148148|0.0017528533935546|0.0036656856536865
63|91|0.8148148148148148|0.0017542839050292|0.0038013458251953
63|92|0.8148148148148148|0.0025305747985839|0.004026174545288
63|93|0.8148148148148148|0.0016360282897949|0.003760814666748
63|94|0.8148148148148148|0.00160813331604|0.0038926601409912
63|95|0.8240740740740741|0.0025629997253417|0.0048499107360839
63|96|0.8240740740740741|0.0016698837280273|0.0037882328033447
63|97|0.8055555555555556|0.0016787052154541|0.0039634704589843
63|98|0.8148148148148148|0.0017108917236328|0.0040738582611083
63|99|0.8148148148148148|0.0018069744110107|0.0040516853332519
63|100|0.8148148148148148|0.0017733573913574|0.0040316581726074
63|101|0.8148148148148148|0.0017101764678955|0.003955602645874
63|102|0.8148148148148148|0.0016918182373046|0.0043032169342041
63|103|0.8148148148148148|0.0018210411071777|0.0040779113769531
63|104|0.8148148148148148|0.0017380714416503|0.0039319992065429
63|105|0.8148148148148148|0.0017461776733398|0.0043258666992187
63|106|0.8148148148148148|0.0017735958099365|0.0043487548828125
63|107|0.8148148148148148|0.0018641948699951|0.0040950775146484
63|108|0.8148148148148148|0.0017533302307128|0.0040581226348876
63|109|0.8148148148148148|0.0017735958099365|0.0041379928588867
63|110|0.8148148148148148|0.0017828941345214|0.0041878223419189
63|111|0.8148148148148148|0.0019898414611816|0.0040781497955322
63|112|0.8148148148148148|0.0018353462219238|0.0041887760162353
63|113|0.8148148148148148|0.0018234252929687|0.0043554306030273
63|114|0.8148148148148148|0.0018527507781982|0.0040509700775146
63|115|0.8148148148148148|0.001981496810913|0.0043880939483642
63|116|0.8148148148148148|0.0018210411071777|0.0043656826019287
63|117|0.8148148148148148|0.0018577575683593|0.0042307376861572
63|118|0.8148148148148148|0.0018455982208251|0.0045671463012695
63|119|0.8148148148148148|0.00197434425354|0.0044276714324951
63|120|0.8148148148148148|0.0018656253814697|0.0043413639068603
63|121|0.8148148148148148|0.0019013881683349|0.0041580200195312
63|122|0.8148148148148148|0.0018908977508544|0.0041580200195312
63|123|0.8148148148148148|0.0019302368164062|0.0043275356292724
63|124|0.8148148148148148|0.0018854141235351|0.0042722225189208
63|125|0.8148148148148148|0.0030274391174316|0.0076866149902343
63|126|0.8148148148148148|0.0030164718627929|0.007645845413208
63|127|0.8240740740740741|0.0030899047851562|0.0076708793640136
63|128|0.8240740740740741|0.0020201206207275|0.0051882266998291
63|129|0.8240740740740741|0.0020029544830322|0.0044543743133544
63|130|0.8240740740740741|0.0019619464874267|0.004312515258789
63|131|0.8240740740740741|0.0020015239715576|0.0043745040893554
63|132|0.8240740740740741|0.0020012855529785|0.0042719841003417
63|133|0.8240740740740741|0.0020153522491455|0.0042724609375
63|134|0.8240740740740741|0.0020201206207275|0.004298448562622
63|135|0.8240740740740741|0.0020079612731933|0.004279613494873
63|136|0.8240740740740741|0.0020246505737304|0.0043344497680664
63|137|0.8240740740740741|0.00203537940979|0.0043165683746337
63|138|0.8240740740740741|0.0020310878753662|0.0042166709899902
63|139|0.8240740740740741|0.0020701885223388|0.004490852355957
66|20|0.75|0.0012338161468505|
66|21|0.7777777777777778|0.0009441375732421|0.0013220310211181
66|22|0.7592592592592593|0.0009901523590087|0.0013699531555175
66|23|0.7685185185185185|0.0009443759918212|0.0013620853424072
66|24|0.7962962962962963|0.0009779930114746|0.0014188289642333
66|25|0.7777777777777778|0.0009601116180419|0.0014543533325195
66|26|0.8055555555555556|0.0010285377502441|0.0014922618865966
66|27|0.7962962962962963|0.0009827613830566|0.0015087127685546
66|28|0.7777777777777778|0.000981330871582|0.0015664100646972
66|29|0.7962962962962963|0.0009808540344238|0.0016276836395263
66|30|0.7685185185185185|0.0010292530059814|0.0016665458679199
66|31|0.7870370370370371|0.0009863376617431|0.0016911029815673
66|32|0.7777777777777778|0.0009958744049072|0.0017695426940917
66|33|0.7870370370370371|0.0009863376617431|0.0017735958099365
66|34|0.7870370370370371|0.0010111331939697|0.0018155574798583
66|35|0.7777777777777778|0.0010492801666259|0.0019009113311767
66|36|0.7962962962962963|0.001039981842041|0.0018818378448486
66|37|0.7685185185185185|0.0010139942169189|0.0019197463989257
66|38|0.8148148148148148|0.0010764598846435|0.0019750595092773
66|39|0.8148148148148148|0.0011096000671386|0.0019986629486083
66|40|0.8148148148148148|0.0011758804321289|0.0021281242370605
66|41|0.8148148148148148|0.0011165142059326|0.0021169185638427
66|42|0.8148148148148148|0.0011470317840576|0.0021259784698486
66|43|0.7870370370370371|0.001117467880249|0.0022222995758056
66|44|0.8148148148148148|0.0011296272277832|0.0021893978118896
66|45|0.8240740740740741|0.0011110305786132|0.0022995471954345
66|46|0.8240740740740741|0.0011515617370605|0.0022811889648437
66|47|0.8148148148148148|0.0011262893676757|0.0022997856140136
66|48|0.8240740740740741|0.0011157989501953|0.0023500919342041
66|49|0.8055555555555556|0.0010774135589599|0.0024230480194091
66|50|0.8055555555555556|0.0011281967163085|0.00246262550354
66|51|0.8148148148148148|0.001122236251831|0.002465009689331
66|52|0.8148148148148148|0.0011379718780517|0.0025215148925781
66|53|0.8055555555555556|0.0011007785797119|0.0025269985198974
66|54|0.8055555555555556|0.0011768341064453|0.0025141239166259
66|55|0.8055555555555556|0.0011572837829589|0.0026929378509521
66|56|0.8148148148148148|0.0011868476867675|0.0026590824127197
66|57|0.8055555555555556|0.0011487007141113|0.0026507377624511
66|58|0.7962962962962963|0.001209020614624|0.0028169155120849
66|59|0.7962962962962963|0.0011887550354003|0.002817153930664
66|60|0.7962962962962963|0.0012357234954833|0.0027358531951904
66|61|0.8055555555555556|0.0011923313140869|0.0028648376464843
66|62|0.8055555555555556|0.0012354850769042|0.0028812885284423
66|63|0.8055555555555556|0.0012164115905761|0.0028574466705322
66|64|0.7962962962962963|0.0012521743774414|0.002892255783081
66|65|0.7962962962962963|0.001237154006958|0.0029387474060058
66|66|0.7870370370370371|0.0012452602386474|0.0030202865600585
66|67|0.7962962962962963|0.0012733936309814|0.0029830932617187
66|68|0.7962962962962963|0.001279592514038|0.003019094467163
66|69|0.8055555555555556|0.0012588500976562|0.0030610561370849
66|70|0.7962962962962963|0.001270055770874|0.0030531883239746
66|71|0.8055555555555556|0.0012967586517333|0.0031704902648925
66|72|0.8055555555555556|0.0013206005096435|0.0031683444976806
66|73|0.8055555555555556|0.0013325214385986|0.0031912326812744
66|74|0.8055555555555556|0.0013461112976074|0.0032305717468261
66|75|0.8148148148148148|0.0013344287872314|0.0033175945281982
66|76|0.8148148148148148|0.0013515949249267|0.0032150745391845
66|77|0.8148148148148148|0.0013618469238281|0.0032403469085693
66|78|0.8148148148148148|0.001375675201416|0.0032708644866943
66|79|0.8148148148148148|0.0014035701751708|0.00333833694458
66|80|0.8148148148148148|0.0014128684997558|0.0033345222473144
66|81|0.8240740740740741|0.0014193058013916|0.0033643245697021
66|82|0.8240740740740741|0.0014562606811523|0.0033841133117675
66|83|0.8240740740740741|0.0014369487762451|0.0034127235412597
66|84|0.8240740740740741|0.0014679431915283|0.0034661293029785
66|85|0.8240740740740741|0.0014731884002685|0.0036115646362304
66|86|0.8148148148148148|0.0014789104461669|0.0035619735717773
66|87|0.8148148148148148|0.0015041828155517|0.0035305023193359
66|88|0.8148148148148148|0.001523733139038|0.0035698413848876
66|89|0.8148148148148148|0.0015337467193603|0.0035891532897949
66|90|0.8148148148148148|0.0015583038330078|0.003636360168457
66|91|0.8148148148148148|0.0025413036346435|0.0052032470703125
66|92|0.8148148148148148|0.0016124248504638|0.0037379264831542
66|93|0.8148148148148148|0.0016067028045654|0.0037965774536132
66|94|0.8148148148148148|0.001624584197998|0.0037174224853515
66|95|0.8148148148148148|0.0016517639160156|0.0037622451782226
66|96|0.8148148148148148|0.0016541481018066|0.003782033920288
66|97|0.8148148148148148|0.0016989707946777|0.0038592815399169
66|98|0.8148148148148148|0.0016791820526123|0.0038464069366455
66|99|0.8148148148148148|0.0017125606536865|0.0040616989135742
66|100|0.8148148148148148|0.0017368793487548|0.0039536952972412
66|101|0.8148148148148148|0.0017139911651611|0.0040290355682373
66|102|0.8148148148148148|0.0017108917236328|0.0039083957672119
66|103|0.8148148148148148|0.0017504692077636|0.0038943290710449
66|104|0.8148148148148148|0.0017359256744384|0.0038948059082031
66|105|0.8240740740740741|0.0017225742340087|0.0040328502655029
66|106|0.8240740740740741|0.0017871856689453|0.0039448738098144
66|107|0.8240740740740741|0.0017397403717041|0.0039441585540771
66|108|0.8240740740740741|0.0017318725585937|0.0041115283966064
66|109|0.8148148148148148|0.0017690658569335|0.0039758682250976
66|110|0.8148148148148148|0.0017561912536621|0.0039782524108886
66|111|0.8148148148148148|0.0018022060394287|0.0040087699890136
66|112|0.8148148148148148|0.0017704963684082|0.0041711330413818
66|113|0.8148148148148148|0.0017821788787841|0.0040211677551269
66|114|0.8148148148148148|0.0018277168273925|0.0041875839233398
66|115|0.8148148148148148|0.0018754005432128|0.004148244857788
66|116|0.8148148148148148|0.0018305778503417|0.0040922164916992
66|117|0.8148148148148148|0.0018255710601806|0.0041203498840332
66|118|0.8148148148148148|0.001838207244873|0.0041525363922119
66|119|0.8148148148148148|0.001882791519165|0.004169225692749
66|120|0.8148148148148148|0.0018572807312011|0.0041251182556152
66|121|0.8148148148148148|0.0018630027770996|0.0041544437408447
66|122|0.8148148148148148|0.0019047260284423|0.0041408538818359
66|123|0.8148148148148148|0.0019147396087646|0.0041704177856445
66|124|0.8148148148148148|0.0018937587738037|0.0043492317199707
66|125|0.8148148148148148|0.0018978118896484|0.0043387413024902
66|126|0.8148148148148148|0.0019941329956054|0.0041708946228027
66|127|0.8148148148148148|0.0019202232360839|0.0041935443878173
66|128|0.8148148148148148|0.0019581317901611|0.0041818618774414
66|129|0.8148148148148148|0.0019683837890625|0.0042417049407958
66|130|0.8148148148148148|0.0019912719726562|0.0042543411254882
66|131|0.8148148148148148|0.0019731521606445|0.0042355060577392
66|132|0.8148148148148148|0.0019967555999755|0.0042495727539062
66|133|0.8148148148148148|0.0020227432250976|0.004378318786621
66|134|0.8148148148148148|0.0020129680633544|0.004267930984497
66|135|0.8148148148148148|0.0020830631256103|0.0043261051177978
66|136|0.8148148148148148|0.0020184516906738|0.004263162612915
66|137|0.8148148148148148|0.00203537940979|0.0042610168457031
66|138|0.8148148148148148|0.0020346641540527|0.004349946975708
66|139|0.8148148148148148|0.0020623207092285|0.0043337345123291
69|20|0.8333333333333334|0.0013303756713867|
69|21|0.8148148148148148|0.0010080337524414|0.0014171600341796
69|22|0.7685185185185185|0.00105881690979|0.0013759136199951
69|23|0.8240740740740741|0.0010147094726562|0.0015137195587158
69|24|0.7870370370370371|0.001035451889038|0.001415729522705
69|25|0.7962962962962963|0.0010211467742919|0.0015416145324707
69|26|0.7314814814814815|0.0010163784027099|0.0014946460723876
69|27|0.75|0.001129150390625|0.0016114711761474
69|28|0.7314814814814815|0.0010309219360351|0.0015985965728759
69|29|0.8055555555555556|0.001035451889038|0.0016520023345947
69|30|0.7870370370370371|0.0010592937469482|0.0017440319061279
69|31|0.7777777777777778|0.0010507106781005|0.0017507076263427
69|32|0.8148148148148148|0.0011012554168701|0.001744270324707
69|33|0.8148148148148148|0.0010523796081542|0.0019416809082031
69|34|0.8240740740740741|0.0010690689086914|0.0018181800842285
69|35|0.8055555555555556|0.0010695457458496|0.0019571781158447
69|36|0.8148148148148148|0.0011141300201416|0.0019092559814453
69|37|0.8055555555555556|0.0011062622070312|0.0020229816436767
69|38|0.8148148148148148|0.0012252330780029|0.0020091533660888
69|39|0.8240740740740741|0.0011670589447021|0.0020282268524169
69|40|0.8240740740740741|0.0011904239654541|0.0021276473999023
69|41|0.8148148148148148|0.0011327266693115|0.0021204948425292
69|42|0.8333333333333334|0.0011579990386962|0.0021305084228515
69|43|0.8425925925925926|0.0011484622955322|0.0022110939025878
69|44|0.8425925925925926|0.0011708736419677|0.0023274421691894
69|45|0.8240740740740741|0.0011475086212158|0.002263069152832
69|46|0.7962962962962963|0.0012052059173583|0.0023045539855957
69|47|0.7777777777777778|0.0011684894561767|0.0024890899658203
69|48|0.7685185185185185|0.0012135505676269|0.0024292469024658
69|49|0.8055555555555556|0.0011777877807617|0.0024192333221435
69|50|0.75|0.001218557357788|0.0024795532226562
69|51|0.7870370370370371|0.0012049674987792|0.0024926662445068
69|52|0.8055555555555556|0.0012528896331787|0.0026168823242187
69|53|0.8148148148148148|0.0012228488922119|0.002570629119873
69|54|0.8240740740740741|0.0012528896331787|0.0026948451995849
69|55|0.8333333333333334|0.0012400150299072|0.002626895904541
69|56|0.8148148148148148|0.0012826919555664|0.0027399063110351
69|57|0.8055555555555556|0.0012643337249755|0.0029265880584716
69|58|0.8055555555555556|0.0013184547424316|0.0027508735656738
69|59|0.7962962962962963|0.0012891292572021|0.0029716491699218
69|60|0.7870370370370371|0.0013325214385986|0.0028729438781738
69|61|0.7962962962962963|0.0013055801391601|0.0029170513153076
69|62|0.7777777777777778|0.001333475112915|0.0030202865600585
69|63|0.8055555555555556|0.0013201236724853|0.0028533935546875
69|64|0.8055555555555556|0.0013229846954345|0.0030205249786376
69|65|0.8240740740740741|0.0013236999511718|0.0029821395874023
69|66|0.8148148148148148|0.0013670921325683|0.0030820369720458
69|67|0.8333333333333334|0.0013339519500732|0.0032296180725097
69|68|0.8240740740740741|0.0013530254364013|0.0031995773315429
69|69|0.8240740740740741|0.0013620853424072|0.0031855106353759
69|70|0.8240740740740741|0.0013754367828369|0.0030851364135742
69|71|0.8333333333333334|0.0014429092407226|0.0034294128417968
69|72|0.8240740740740741|0.0014879703521728|0.0034711360931396
69|73|0.8148148148148148|0.0014338493347167|0.0034317970275878
69|74|0.8148148148148148|0.0014302730560302|0.0032744407653808
69|75|0.8240740740740741|0.0014595985412597|0.0033292770385742
69|76|0.8055555555555556|0.0014891624450683|0.0034177303314208
69|77|0.8333333333333334|0.0014431476593017|0.0034561157226562
69|78|0.8333333333333334|0.00148606300354|0.0034797191619873
69|79|0.8240740740740741|0.0014693737030029|0.0035376548767089
69|80|0.8240740740740741|0.0015273094177246|0.0034577846527099
69|81|0.8240740740740741|0.0015292167663574|0.0037405490875244
69|82|0.8333333333333334|0.0015134811401367|0.00341796875
69|83|0.8240740740740741|0.0015537738800048|0.0036489963531494
69|84|0.8240740740740741|0.0015697479248046|0.0036392211914062
69|85|0.8240740740740741|0.0016005039215087|0.0036120414733886
69|86|0.8333333333333334|0.0016849040985107|0.0038418769836425
69|87|0.8240740740740741|0.0016336441040039|0.0038123130798339
69|88|0.8240740740740741|0.0016360282897949|0.0038404464721679
69|89|0.8240740740740741|0.0016489028930664|0.0037589073181152
69|90|0.8240740740740741|0.0017051696777343|0.0038323402404785
69|91|0.8240740740740741|0.0020582675933837|0.003995656967163
69|92|0.8240740740740741|0.0017428398132324|0.0038208961486816
69|93|0.8240740740740741|0.001706838607788|0.0038764476776123
69|94|0.8240740740740741|0.0017147064208984|0.0039079189300537
69|95|0.8240740740740741|0.0017776489257812|0.003758430480957
69|96|0.8240740740740741|0.0017800331115722|0.003951072692871
69|97|0.8240740740740741|0.0017580986022949|0.0039961338043212
69|98|0.8240740740740741|0.00177001953125|0.0040469169616699
69|99|0.8240740740740741|0.0018346309661865|0.0040886402130126
69|100|0.8240740740740741|0.0018322467803955|0.0038599967956542
69|101|0.8240740740740741|0.0018362998962402|0.0040383338928222
69|102|0.8240740740740741|0.0018620491027832|0.0041875839233398
69|103|0.8240740740740741|0.0019366741180419|0.004241943359375
69|104|0.8240740740740741|0.0018980503082275|0.0042579174041748
69|105|0.8240740740740741|0.0019073486328125|0.0042154788970947
69|106|0.8240740740740741|0.0018947124481201|0.0042228698730468
69|107|0.8240740740740741|0.0019526481628417|0.0042426586151123
69|108|0.8240740740740741|0.0019397735595703|0.0043685436248779
69|109|0.8240740740740741|0.0019342899322509|0.0041344165802001
69|110|0.8240740740740741|0.0019316673278808|0.0044538974761962
69|111|0.8148148148148148|0.0020451545715332|0.0041449069976806
69|112|0.8148148148148148|0.0020091533660888|0.0042817592620849
69|113|0.8148148148148148|0.0019924640655517|0.0041565895080566
69|114|0.8148148148148148|0.0020244121551513|0.0041337013244628
69|115|0.8148148148148148|0.0020506381988525|0.0043582916259765
69|116|0.8148148148148148|0.0020587444305419|0.0043261051177978
69|117|0.8148148148148148|0.0020570755004882|0.0043566226959228
69|118|0.8148148148148148|0.0020368099212646|0.004535436630249
69|119|0.8148148148148148|0.0020802021026611|0.0042297840118408
69|120|0.8148148148148148|0.0020761489868164|0.0043683052062988
69|121|0.8148148148148148|0.0020849704742431|0.0045576095581054
69|122|0.8148148148148148|0.0020651817321777|0.0041718482971191
69|123|0.8148148148148148|0.0021932125091552|0.0043182373046875
69|124|0.8148148148148148|0.0021953582763671|0.0042455196380615
69|125|0.8148148148148148|0.0021748542785644|0.004347801208496
69|126|0.8148148148148148|0.002211570739746|0.0044589042663574
69|127|0.8148148148148148|0.002181053161621|0.0045862197875976
69|128|0.8148148148148148|0.0021843910217285|0.0045533180236816
69|129|0.8148148148148148|0.0022103786468505|0.0044312477111816
69|130|0.8148148148148148|0.0022149085998535|0.004697561264038
69|131|0.8148148148148148|0.0022182464599609|0.0045182704925537
69|132|0.8148148148148148|0.0022501945495605|0.0044684410095214
69|133|0.8148148148148148|0.002249002456665|0.004589557647705
69|134|0.8148148148148148|0.0022242069244384|0.004636526107788
69|135|0.8148148148148148|0.0022573471069335|0.0045886039733886
69|136|0.8148148148148148|0.0022492408752441|0.0047383308410644
69|137|0.8148148148148148|0.0022778511047363|0.0047385692596435
69|138|0.8148148148148148|0.0022661685943603|0.0044507980346679
69|139|0.8148148148148148|0.0022575855255126|0.0045228004455566
65|139|0.8333333333333334|0.0020642280578613|0.004246711730957
65|140|0.8333333333333334|0.0020973682403564|0.0042071342468261
65|141|0.8333333333333334|0.0020594596862792|0.0042171478271484
65|142|0.8333333333333334|0.0020430088043212|0.004366397857666
65|143|0.8333333333333334|0.0020532608032226|0.0043845176696777
65|144|0.8333333333333334|0.0020778179168701|0.0043251514434814
65|145|0.8333333333333334|0.0021343231201171|0.0042648315429687
65|146|0.8333333333333334|0.0020952224731445|0.0046110153198242
65|147|0.8333333333333334|0.002087116241455|0.0043411254882812
65|148|0.8333333333333334|0.0020930767059326|0.004270315170288
65|149|0.8333333333333334|0.0020818710327148|0.0043706893920898
65|150|0.8333333333333334|0.0021309852600097|0.0046288967132568
65|151|0.8333333333333334|0.0021061897277832|0.0049498081207275
65|152|0.8333333333333334|0.0021233558654785|0.0044269561767578
65|153|0.8333333333333334|0.0021440982818603|0.0044090747833251
65|154|0.8333333333333334|0.0021393299102783|0.004814863204956
65|155|0.8333333333333334|0.0021443367004394|0.0045254230499267
65|156|0.8333333333333334|0.0021746158599853|0.004387617111206
65|157|0.8333333333333334|0.0021548271179199|0.0042877197265625
65|158|0.8333333333333334|0.0021946430206298|0.0044217109680175
65|159|0.8333333333333334|0.0021836757659912|0.0046010017395019
65|160|0.8333333333333334|0.0021696090698242|0.0043425559997558
65|161|0.8333333333333334|0.0022065639495849|0.0044214725494384
65|162|0.8333333333333334|0.0022168159484863|0.0046584606170654
67|140|0.8333333333333334|0.0021572113037109|0.0043227672576904
67|141|0.8333333333333334|0.0021250247955322|0.0043785572052001
67|142|0.8333333333333334|0.0021510124206542|0.0043506622314453
67|143|0.8333333333333334|0.0021693706512451|0.0043315887451171
67|144|0.8333333333333334|0.0021734237670898|0.0043628215789794
67|145|0.8333333333333334|0.0025334358215332|0.0043878555297851
67|146|0.8333333333333334|0.0021693706512451|0.0043740272521972
67|147|0.8333333333333334|0.0021967887878417|0.0043702125549316
67|148|0.8333333333333334|0.0022127628326416|0.0043611526489257
67|149|0.8333333333333334|0.0021998882293701|0.004387617111206
67|150|0.8333333333333334|0.0022189617156982|0.0043694972991943
67|151|0.8333333333333334|0.0022001266479492|0.0043697357177734
67|152|0.8333333333333334|0.0022008419036865|0.0043947696685791
67|153|0.8333333333333334|0.0022437572479248|0.0043556690216064
67|154|0.8333333333333334|0.002185583114624|0.0043795108795166
67|155|0.8333333333333334|0.0022389888763427|0.0043778419494628
67|156|0.8333333333333334|0.002253770828247|0.004366397857666
67|157|0.8333333333333334|0.0022494792938232|0.0043921470642089
67|158|0.8333333333333334|0.0022521018981933|0.0044443607330322
67|159|0.8333333333333334|0.002277135848999|0.0043666362762451
67|160|0.8333333333333334|0.0022621154785156|0.0043752193450927
67|161|0.8333333333333334|0.0022852420806884|0.0045082569122314
67|162|0.8333333333333334|0.0022690296173095|0.004392385482788
62|140|0.7962962962962963|0.0022523403167724|0.0046474933624267
62|141|0.7962962962962963|0.0022459030151367|0.0045769214630126
62|142|0.7962962962962963|0.0022668838500976|0.0047581195831298
62|143|0.7962962962962963|0.0022597312927246|0.0043439865112304
62|144|0.7962962962962963|0.0022540092468261|0.0044643878936767
62|145|0.7962962962962963|0.0022649765014648|0.0044705867767333
62|146|0.7962962962962963|0.002328872680664|0.0043914318084716
62|147|0.7962962962962963|0.0023472309112548|0.0046148300170898
62|148|0.7962962962962963|0.0023665428161621|0.0046360492706298
62|149|0.7962962962962963|0.0023558139801025|0.0048098564147949
62|150|0.7962962962962963|0.002349853515625|0.0045039653778076
62|151|0.7962962962962963|0.0023674964904785|0.0044245719909667
62|152|0.7962962962962963|0.0023784637451171|0.0047023296356201
62|153|0.7962962962962963|0.0023903846740722|0.0044975280761718
62|154|0.7962962962962963|0.0024046897888183|0.0044991970062255
62|155|0.7962962962962963|0.0024120807647705|0.0047025680541992
62|156|0.8055555555555556|0.0024449825286865|0.00472092628479
62|157|0.8055555555555556|0.0024433135986328|0.0045175552368164
62|158|0.8055555555555556|0.0024628639221191|0.0048110485076904
62|159|0.8055555555555556|0.0025010108947753|0.0045647621154785
62|160|0.8055555555555556|0.0025026798248291|0.0048997402191162
62|161|0.8055555555555556|0.0024893283843994|0.0047910213470458
62|162|0.8055555555555556|0.0025045871734619|0.0046415328979492
63|140|0.8240740740740741|0.0020594596862792|0.0045607089996337
63|141|0.8240740740740741|0.0020234584808349|0.0046262741088867
63|142|0.8240740740740741|0.0020654201507568|0.004763126373291
63|143|0.8240740740740741|0.0020639896392822|0.0045950412750244
63|144|0.8240740740740741|0.002044677734375|0.0042495727539062
63|145|0.8240740740740741|0.0020763874053955|0.0042729377746582
63|146|0.8240740740740741|0.0020608901977539|0.0045485496520996
63|147|0.8240740740740741|0.0020670890808105|0.0042638778686523
63|148|0.8240740740740741|0.0020694732666015|0.0043444633483886
63|149|0.8240740740740741|0.0021252632141113|0.0043604373931884
63|150|0.8333333333333334|0.002155065536499|0.004274845123291
63|151|0.8333333333333334|0.002122163772583|0.0043790340423583
63|152|0.8333333333333334|0.0021333694458007|0.0044305324554443
63|153|0.8333333333333334|0.0021548271179199|0.0044617652893066
63|154|0.8333333333333334|0.0021533966064453|0.0045781135559082
63|155|0.8333333333333334|0.0021703243255615|0.0046248435974121
63|156|0.8333333333333334|0.0021553039550781|0.0043249130249023
63|157|0.8333333333333334|0.0021839141845703|0.0044264793395996
63|158|0.8333333333333334|0.0021615028381347|0.0046229362487792
63|159|0.8333333333333334|0.0021784305572509|0.0043995380401611
63|160|0.8333333333333334|0.0022013187408447|0.0046274662017822
63|161|0.8333333333333334|0.0022048950195312|0.0044751167297363
63|162|0.8333333333333334|0.0023467540740966|0.0044152736663818
68|140|0.8148148148148148|0.0022690296173095|0.0043134689331054
68|141|0.8148148148148148|0.0022737979888916|0.0043635368347167
68|142|0.8148148148148148|0.0022931098937988|0.004340648651123
68|143|0.8148148148148148|0.0022923946380615|0.0043351650238037
68|144|0.8148148148148148|0.0023066997528076|0.0044660568237304
68|145|0.8148148148148148|0.0023176670074462|0.0044174194335937
68|146|0.8148148148148148|0.002347707748413|0.0044116973876953
68|147|0.8148148148148148|0.0023348331451416|0.0044944286346435
68|148|0.8148148148148148|0.0023396015167236|0.0043747425079345
68|149|0.8148148148148148|0.002357006072998|0.0045356750488281
68|150|0.8148148148148148|0.0023708343505859|0.0044355392456054
68|151|0.8148148148148148|0.0023648738861083|0.0044710636138916
68|152|0.8148148148148148|0.0023815631866455|0.0044386386871337
68|153|0.8148148148148148|0.0023829936981201|0.0046639442443847
68|154|0.8148148148148148|0.0023472309112548|0.0045588016510009
68|155|0.8148148148148148|0.0023536682128906|0.0043859481811523
68|156|0.8148148148148148|0.0023849010467529|0.004408836364746
68|157|0.8148148148148148|0.0023896694183349|0.0045397281646728
68|158|0.8148148148148148|0.0024099349975585|0.0044429302215576
68|159|0.8148148148148148|0.0024170875549316|0.0043704509735107
68|160|0.8148148148148148|0.002396821975708|0.0045540332794189
68|161|0.8148148148148148|0.0024135112762451|0.0045790672302246
68|162|0.8148148148148148|0.002418041229248|0.0044026374816894
64|140|0.8518518518518519|0.0022854804992675|0.0045866966247558
64|141|0.8518518518518519|0.0023303031921386|0.0045773983001708
64|142|0.8518518518518519|0.0023105144500732|0.0046284198760986
64|143|0.8518518518518519|0.0023157596588134|0.0044648647308349
64|144|0.8518518518518519|0.0023341178894042|0.0046958923339843
64|145|0.8518518518518519|0.002317190170288|0.0046408176422119
64|146|0.8518518518518519|0.0023257732391357|0.0049126148223876
64|147|0.8518518518518519|0.0023362636566162|0.0046281814575195
64|148|0.8518518518518519|0.0023665428161621|0.0046677589416503
64|149|0.8518518518518519|0.002345323562622|0.0044715404510498
64|150|0.8518518518518519|0.0023527145385742|0.0047266483306884
64|151|0.8518518518518519|0.0023703575134277|0.0047352313995361
64|152|0.8518518518518519|0.0023753643035888|0.0046560764312744
64|153|0.8518518518518519|0.0024127960205078|0.004688024520874
64|154|0.8518518518518519|0.0024051666259765|0.0045831203460693
64|155|0.8518518518518519|0.0024514198303222|0.004655122756958
64|156|0.8518518518518519|0.002429723739624|0.0045299530029296
64|157|0.8518518518518519|0.002476692199707|0.0048069953918457
64|158|0.8518518518518519|0.0024664402008056|0.0045723915100097
64|159|0.8518518518518519|0.0024750232696533|0.004850149154663
64|160|0.8518518518518519|0.0025036334991455|0.0045881271362304
64|161|0.8518518518518519|0.00248384475708|0.0045726299285888
64|162|0.8518518518518519|0.002516746520996|0.0044710636138916
60|140|0.8981481481481481|0.0022127628326416|0.0045113563537597
60|141|0.8981481481481481|0.0022249221801757|0.004763126373291
60|142|0.8981481481481481|0.0022323131561279|0.0047290325164794
60|143|0.8981481481481481|0.0022597312927246|0.0047309398651123
60|144|0.8981481481481481|0.0022554397583007|0.0048108100891113
60|145|0.8981481481481481|0.0022168159484863|0.0045301914215087
60|146|0.8981481481481481|0.0022461414337158|0.0047254562377929
60|147|0.8981481481481481|0.0023071765899658|0.0045216083526611
60|148|0.8981481481481481|0.0023362636566162|0.0048122406005859
60|149|0.8981481481481481|0.0023467540740966|0.0047972202301025
60|150|0.8981481481481481|0.0023620128631591|0.004798412322998
60|151|0.8981481481481481|0.002371072769165|0.0047900676727294
60|152|0.8981481481481481|0.0023694038391113|0.0045225620269775
60|153|0.8981481481481481|0.002392292022705|0.0047709941864013
60|154|0.8981481481481481|0.0023901462554931|0.0047221183776855
60|155|0.8981481481481481|0.0027375221252441|0.0049409866333007
60|156|0.8981481481481481|0.0024278163909912|0.0047919750213623
60|157|0.8981481481481481|0.0024266242980957|0.0048232078552246
60|158|0.8981481481481481|0.0024302005767822|0.0048103332519531
60|159|0.8981481481481481|0.002429723739624|0.0048580169677734
60|160|0.8981481481481481|0.0024430751800537|0.0048344135284423
60|161|0.8981481481481481|0.0026607513427734|0.004868745803833
60|162|0.8981481481481481|0.0027809143066406|0.0046789646148681
66|140|0.8148148148148148|0.0020647048950195|0.0043389797210693
66|141|0.8148148148148148|0.0020790100097656|0.0044667720794677
66|142|0.8148148148148148|0.0020818710327148|0.0043292045593261
66|143|0.8148148148148148|0.002098798751831|0.0042934417724609
66|144|0.8148148148148148|0.0020844936370849|0.0042891502380371
66|145|0.8148148148148148|0.0021097660064697|0.0043094158172607
66|146|0.8148148148148148|0.0021171569824218|0.0044696331024169
66|147|0.8148148148148148|0.0020866394042968|0.0043244361877441
66|148|0.8148148148148148|0.0021142959594726|0.0044124126434326
66|149|0.8148148148148148|0.0021402835845947|0.0043146610260009
66|150|0.8148148148148148|0.0021133422851562|0.004345417022705
66|151|0.8148148148148148|0.0021395683288574|0.0043227672576904
66|152|0.8148148148148148|0.0021076202392578|0.0043239593505859
66|153|0.8148148148148148|0.0021367073059082|0.0043385028839111
66|154|0.8148148148148148|0.0021493434906005|0.0043179988861083
66|155|0.8148148148148148|0.0021553039550781|0.0044069290161132
66|156|0.8148148148148148|0.0021569728851318|0.0043394565582275
66|157|0.8148148148148148|0.0021753311157226|0.0043303966522216
66|158|0.8148148148148148|0.0021722316741943|0.004418134689331
66|159|0.8148148148148148|0.00215744972229|0.0043385028839111
66|160|0.8148148148148148|0.0035998821258544|0.0060896873474121
66|161|0.8148148148148148|0.0024917125701904|0.0044217109680175
66|162|0.8148148148148148|0.0024785995483398|0.0045382976531982
61|20|0.75|0.0017676353454589|
61|21|0.7685185185185185|0.0009260177612304|0.0013709068298339
61|22|0.7592592592592593|0.0009572505950927|0.0013172626495361
61|23|0.7592592592592593|0.0009262561798095|0.0013141632080078
61|24|0.8055555555555556|0.0009529590606689|0.0018143653869628
61|25|0.8055555555555556|0.0009353160858154|0.0014083385467529
61|26|0.8148148148148148|0.0009407997131347|0.00152587890625
61|27|0.7685185185185185|0.0009403228759765|0.0014960765838623
61|28|0.7870370370370371|0.0009670257568359|0.0015301704406738
61|29|0.7777777777777778|0.0009472370147705|0.0015702247619628
61|30|0.7314814814814815|0.0009641647338867|0.0016858577728271
61|31|0.7777777777777778|0.0009558200836181|0.0017144680023193
61|32|0.8055555555555556|0.0009856224060058|0.0017580986022949
61|33|0.7870370370370371|0.0009701251983642|0.001802921295166
61|34|0.7962962962962963|0.0009808540344238|0.0018134117126464
61|35|0.8055555555555556|0.0009653568267822|0.0019271373748779
61|36|0.8055555555555556|0.001014232635498|0.0019798278808593
61|37|0.8148148148148148|0.0010254383087158|0.0018854141235351
61|38|0.8055555555555556|0.0010380744934082|0.0019910335540771
61|39|0.8425925925925926|0.0009934902191162|0.0019853115081787
61|40|0.8333333333333334|0.0010385513305664|0.0019989013671875
61|41|0.8333333333333334|0.0010054111480712|0.0020136833190917
61|42|0.8240740740740741|0.0010442733764648|0.0021052360534667
61|43|0.8518518518518519|0.0010435581207275|0.0021483898162841
61|44|0.8425925925925926|0.0010454654693603|0.0021774768829345
61|45|0.8333333333333334|0.0013055801391601|0.0022563934326171
61|46|0.8333333333333334|0.0011143684387207|0.0022344589233398
61|47|0.8518518518518519|0.0010724067687988|0.002267837524414
61|48|0.8425925925925926|0.0011093616485595|0.002413272857666
61|49|0.8425925925925926|0.0011014938354492|0.0024337768554687
61|50|0.8611111111111112|0.0011427402496337|0.0025074481964111
61|51|0.8703703703703703|0.0011031627655029|0.0024454593658447
61|52|0.8425925925925926|0.0011518001556396|0.0024671554565429
61|53|0.8148148148148148|0.0011236667633056|0.0026037693023681
61|54|0.7962962962962963|0.0011634826660156|0.002497911453247
61|55|0.8148148148148148|0.0011336803436279|0.0026576519012451
61|56|0.8055555555555556|0.0011920928955078|0.0025827884674072
61|57|0.8148148148148148|0.0011451244354248|0.0027575492858886
61|58|0.8148148148148148|0.0012018680572509|0.0026335716247558
61|59|0.8240740740740741|0.0011804103851318|0.0027556419372558
61|60|0.7962962962962963|0.0012011528015136|0.0028023719787597
61|61|0.8148148148148148|0.0011866092681884|0.0028216838836669
61|62|0.7962962962962963|0.0012292861938476|0.0028517246246337
61|63|0.8055555555555556|0.0012328624725341|0.0027978420257568
61|64|0.7962962962962963|0.0012154579162597|0.0029942989349365
61|65|0.7777777777777778|0.0012078285217285|0.0029313564300537
61|66|0.7777777777777778|0.0012290477752685|0.0028865337371826
61|67|0.8240740740740741|0.001258373260498|0.0029966831207275
61|68|0.7962962962962963|0.0012500286102294|0.0031015872955322
61|69|0.8055555555555556|0.001274824142456|0.0030579566955566
61|70|0.8055555555555556|0.001286506652832|0.003103494644165
61|71|0.8055555555555556|0.0013165473937988|0.0031981468200683
61|72|0.8055555555555556|0.0013189315795898|0.0030872821807861
61|73|0.8148148148148148|0.0013031959533691|0.0031023025512695
61|74|0.8055555555555556|0.0013320446014404|0.0032331943511962
61|75|0.7962962962962963|0.0013856887817382|0.0033602714538574
61|76|0.7962962962962963|0.0013489723205566|0.00325608253479
61|77|0.7962962962962963|0.0013692378997802|0.0033681392669677
61|78|0.8055555555555556|0.0013673305511474|0.0034403800964355
61|79|0.8055555555555556|0.0013973712921142|0.0034611225128173
61|80|0.7962962962962963|0.0013892650604248|0.0034332275390625
61|81|0.8240740740740741|0.0013980865478515|0.0034809112548828
61|82|0.8240740740740741|0.0014095306396484|0.0035874843597412
61|83|0.8240740740740741|0.0014393329620361|0.0035507678985595
61|84|0.8425925925925926|0.0014500617980957|0.0035414695739746
61|85|0.8333333333333334|0.0014369487762451|0.0035505294799804
61|86|0.8425925925925926|0.0014445781707763|0.0034761428833007
61|87|0.8425925925925926|0.0014748573303222|0.0036754608154296
61|88|0.8425925925925926|0.0014989376068115|0.0036206245422363
61|89|0.8425925925925926|0.0015044212341308|0.0035820007324218
61|90|0.8425925925925926|0.0015122890472412|0.0039396286010742
61|91|0.8425925925925926|0.0015304088592529|0.0037887096405029
61|92|0.8425925925925926|0.0015482902526855|0.0039520263671875
61|93|0.8425925925925926|0.0015468597412109|0.0037195682525634
61|94|0.8425925925925926|0.0015673637390136|0.0038049221038818
61|95|0.8425925925925926|0.0016639232635498|0.0038239955902099
61|96|0.8425925925925926|0.0015993118286132|0.0037095546722412
61|97|0.8425925925925926|0.0016131401062011|0.0038826465606689
61|98|0.8425925925925926|0.0016953945159912|0.0037417411804199
61|99|0.8425925925925926|0.0017158985137939|0.0039441585540771
61|100|0.8425925925925926|0.0017066001892089|0.0039904117584228
61|101|0.8425925925925926|0.0016634464263916|0.0040087699890136
61|102|0.8425925925925926|0.0016741752624511|0.0040390491485595
61|103|0.8425925925925926|0.001688003540039|0.0039789676666259
61|104|0.8425925925925926|0.0016820430755615|0.0041563510894775
61|105|0.8425925925925926|0.0017144680023193|0.0041046142578125
61|106|0.8425925925925926|0.0016872882843017|0.0038878917694091
61|107|0.8425925925925926|0.0017423629760742|0.0038893222808837
61|108|0.8425925925925926|0.0017695426940917|0.0039570331573486
61|109|0.8425925925925926|0.0017485618591308|0.0041506290435791
61|110|0.8425925925925926|0.0017566680908203|0.003962755203247
61|111|0.8333333333333334|0.0018074512481689|0.004061222076416
61|112|0.8333333333333334|0.0018131732940673|0.0044248104095458
61|113|0.8333333333333334|0.0017957687377929|0.0042767524719238
61|114|0.8333333333333334|0.0018248558044433|0.0041201114654541
61|115|0.8333333333333334|0.0018301010131835|0.0044043064117431
61|116|0.8333333333333334|0.001847505569458|0.0043592453002929
61|117|0.8333333333333334|0.0018312931060791|0.0042304992675781
61|118|0.8333333333333334|0.0018506050109863|0.0044741630554199
61|119|0.8333333333333334|0.0018599033355712|0.0044963359832763
61|120|0.8333333333333334|0.0018553733825683|0.0043468475341796
61|121|0.8333333333333334|0.0018644332885742|0.0041339397430419
61|122|0.8333333333333334|0.0018754005432128|0.0041837692260742
61|123|0.8333333333333334|0.0018737316131591|0.0042943954467773
61|124|0.8333333333333334|0.001878023147583|0.0043885707855224
61|125|0.8148148148148148|0.0019495487213134|0.004258394241333
61|126|0.8148148148148148|0.0019681453704833|0.0043821334838867
61|127|0.8148148148148148|0.0019586086273193|0.0044014453887939
61|128|0.7962962962962963|0.0019698143005371|0.0042080879211425
61|129|0.7962962962962963|0.0019876956939697|0.0045032501220703
61|130|0.7962962962962963|0.0019998550415039|0.0042986869812011
61|131|0.7962962962962963|0.002028465270996|0.0042524337768554
61|132|0.7962962962962963|0.002169132232666|0.0043330192565917
61|133|0.7962962962962963|0.0022265911102294|0.0044021606445312
61|134|0.7962962962962963|0.0023586750030517|0.0044722557067871
61|135|0.7962962962962963|0.002450942993164|0.0044906139373779
61|136|0.7962962962962963|0.0023591518402099|0.0045406818389892
61|137|0.7962962962962963|0.0024278163909912|0.0043756961822509
61|138|0.7962962962962963|0.0023496150970458|0.004321813583374
61|139|0.7962962962962963|0.0021507740020751|0.0043556690216064
69|140|0.8148148148148148|0.0022549629211425|0.0045039653778076
69|141|0.8148148148148148|0.0023093223571777|0.004410982131958
69|142|0.8148148148148148|0.0022954940795898|0.0043647289276123
69|143|0.8148148148148148|0.0022928714752197|0.0046360492706298
69|144|0.8148148148148148|0.0022993087768554|0.0044636726379394
69|145|0.8148148148148148|0.0022990703582763|0.0045106410980224
69|146|0.8148148148148148|0.0023143291473388|0.0044658184051513
69|147|0.8148148148148148|0.002324104309082|0.004544973373413
69|148|0.8148148148148148|0.0024042129516601|0.0045547485351562
69|149|0.8148148148148148|0.0023982524871826|0.004549503326416
69|150|0.8148148148148148|0.0023972988128662|0.0045535564422607
69|151|0.8148148148148148|0.0024302005767822|0.0045981407165527
69|152|0.8148148148148148|0.0024116039276123|0.0045287609100341
69|153|0.8148148148148148|0.0024538040161132|0.0045530796051025
69|154|0.8148148148148148|0.0024580955505371|0.0047338008880615
69|155|0.8148148148148148|0.0024654865264892|0.0045669078826904
69|156|0.8148148148148148|0.002561330795288|0.0048131942749023
69|157|0.8148148148148148|0.0027711391448974|0.0045604705810546
69|158|0.8148148148148148|0.0028669834136962|0.0048418045043945
69|159|0.8148148148148148|0.0027747154235839|0.0048279762268066
69|160|0.8148148148148148|0.0026836395263671|0.0044991970062255
69|161|0.8148148148148148|0.0024409294128417|0.0042729377746582
69|162|0.8148148148148148|0.0023629665374755|0.0042181015014648
61|140|0.7962962962962963|0.0019435882568359|0.0043249130249023
61|141|0.7962962962962963|0.0019183158874511|0.0041613578796386
61|142|0.7962962962962963|0.0020010471343994|0.004251480102539
61|143|0.7962962962962963|0.0019373893737792|0.0041959285736083
61|144|0.7962962962962963|0.0020234584808349|0.0043377876281738
61|145|0.7962962962962963|0.0028419494628906|0.0053880214691162
61|146|0.7962962962962963|0.0019984245300292|0.004277229309082
61|147|0.7962962962962963|0.0019881725311279|0.0042212009429931
61|148|0.7962962962962963|0.0020070075988769|0.0042307376861572
61|149|0.7962962962962963|0.0019855499267578|0.0042271614074707
61|150|0.7962962962962963|0.0019712448120117|0.0042815208435058
61|151|0.7962962962962963|0.0019929409027099|0.0040986537933349
61|152|0.7962962962962963|0.0019879341125488|0.0042989253997802
61|153|0.7962962962962963|0.0020537376403808|0.0042345523834228
61|154|0.7962962962962963|0.001990795135498|0.0044798851013183
61|155|0.7962962962962963|0.0020184516906738|0.0042946338653564
61|156|0.7962962962962963|0.0020394325256347|0.0043015480041503
61|157|0.7962962962962963|0.0020067691802978|0.0044426918029785
61|158|0.7962962962962963|0.0020623207092285|0.0041072368621826
61|159|0.7962962962962963|0.002032995223999|0.0043599605560302
61|160|0.7962962962962963|0.0021584033966064|0.0041193962097167
61|161|0.7962962962962963|0.0020437240600585|0.0041329860687255
61|162|0.7962962962962963|0.0021030902862548|0.0039737224578857
75|20|0.8148148148148148|0.0013186931610107|
75|21|0.8240740740740741|0.0009467601776123|0.0013775825500488
75|22|0.8425925925925926|0.0010087490081787|0.001338243484497
75|23|0.8333333333333334|0.0009593963623046|0.0014224052429199
75|24|0.8055555555555556|0.0009887218475341|0.0014746189117431
75|25|0.8425925925925926|0.0009694099426269|0.0015356540679931
75|26|0.8333333333333334|0.0009920597076416|0.001551866531372
75|27|0.8148148148148148|0.0010182857513427|0.001612901687622
75|28|0.8333333333333334|0.0009832382202148|0.0016226768493652
75|29|0.8055555555555556|0.0009932518005371|0.001716136932373
75|30|0.8148148148148148|0.0010833740234375|0.0018007755279541
75|31|0.8055555555555556|0.0009911060333251|0.0018236637115478
75|32|0.8055555555555556|0.000990867614746|0.0017778873443603
75|33|0.7962962962962963|0.0009849071502685|0.0018200874328613
75|34|0.7962962962962963|0.0010058879852294|0.0019795894622802
75|35|0.7962962962962963|0.0009913444519042|0.0019271373748779
75|36|0.7962962962962963|0.0010337829589843|0.001990795135498
75|37|0.8055555555555556|0.0010228157043457|0.0019335746765136
75|38|0.7962962962962963|0.0010526180267333|0.002000093460083
75|39|0.8055555555555556|0.0010199546813964|0.002047061920166
75|40|0.8055555555555556|0.0010745525360107|0.0021510124206542
75|41|0.8055555555555556|0.0010778903961181|0.0021398067474365
75|42|0.7870370370370371|0.0010838508605957|0.0022695064544677
75|43|0.7870370370370371|0.0010962486267089|0.002234935760498
75|44|0.7870370370370371|0.0011074542999267|0.0022006034851074
75|45|0.7962962962962963|0.0010528564453125|0.0022625923156738
75|46|0.8055555555555556|0.0010979175567626|0.0023491382598876
75|47|0.8055555555555556|0.0010788440704345|0.0023291110992431
75|48|0.7962962962962963|0.0011026859283447|0.0023367404937744
75|49|0.8148148148148148|0.0010676383972167|0.0024244785308837
75|50|0.8148148148148148|0.0011510848999023|0.0024044513702392
75|51|0.8055555555555556|0.0011301040649414|0.0025112628936767
75|52|0.7962962962962963|0.0011389255523681|0.0025475025177001
75|53|0.8055555555555556|0.0011188983917236|0.0026886463165283
75|54|0.8055555555555556|0.0011582374572753|0.0026252269744873
75|55|0.8055555555555556|0.0011394023895263|0.0026404857635498
75|56|0.8055555555555556|0.00115966796875|0.0026593208312988
75|57|0.8055555555555556|0.0011615753173828|0.0028154850006103
75|58|0.8148148148148148|0.0011923313140869|0.0027813911437988
75|59|0.8148148148148148|0.0011675357818603|0.0028467178344726
75|60|0.8333333333333334|0.0012018680572509|0.0026981830596923
75|61|0.8240740740740741|0.0011827945709228|0.0029764175415039
75|62|0.8055555555555556|0.0012340545654296|0.0030303001403808
75|63|0.8148148148148148|0.0011978149414062|0.00291109085083
75|64|0.8240740740740741|0.0012202262878417|0.0028564929962158
75|65|0.8240740740740741|0.0012125968933105|0.003119945526123
75|66|0.8333333333333334|0.0012488365173339|0.00301194190979
75|67|0.8333333333333334|0.0012834072113037|0.0029423236846923
75|68|0.8425925925925926|0.0012624263763427|0.0031485557556152
75|69|0.8425925925925926|0.0012652873992919|0.0031208992004394
75|70|0.8425925925925926|0.0012810230255126|0.0031392574310302
75|71|0.8333333333333334|0.0013060569763183|0.0031743049621582
75|72|0.8240740740740741|0.0013022422790527|0.003185749053955
75|73|0.8148148148148148|0.0013108253479003|0.0031220912933349
75|74|0.8148148148148148|0.0013215541839599|0.0033693313598632
75|75|0.8148148148148148|0.0013482570648193|0.0033495426177978
75|76|0.8148148148148148|0.0013480186462402|0.0033447742462158
75|77|0.8148148148148148|0.0013844966888427|0.0034053325653076
75|78|0.8240740740740741|0.001396894454956|0.0034408569335937
75|79|0.8240740740740741|0.0013985633850097|0.0034844875335693
75|80|0.8148148148148148|0.0014033317565917|0.0035252571105957
75|81|0.8240740740740741|0.0014376640319824|0.0035231113433837
75|82|0.8240740740740741|0.0014569759368896|0.0034718513488769
75|83|0.8333333333333334|0.0014495849609375|0.0034282207489013
75|84|0.8333333333333334|0.001457929611206|0.0035967826843261
75|85|0.8333333333333334|0.0014927387237548|0.0034666061401367
75|86|0.8333333333333334|0.0015120506286621|0.0036253929138183
75|87|0.8333333333333334|0.0014944076538085|0.003730297088623
75|88|0.8333333333333334|0.0015218257904052|0.0037310123443603
75|89|0.8425925925925926|0.0015511512756347|0.0038225650787353
75|90|0.8425925925925926|0.0015425682067871|0.0038700103759765
75|91|0.8425925925925926|0.0015740394592285|0.0036349296569824
75|92|0.8425925925925926|0.0015704631805419|0.0039145946502685
75|93|0.8425925925925926|0.001636266708374|0.0038824081420898
75|94|0.8425925925925926|0.001678466796875|0.0039281845092773
75|95|0.8425925925925926|0.0016908645629882|0.0039968490600585
75|96|0.8425925925925926|0.0016810894012451|0.0038986206054687
75|97|0.8425925925925926|0.0016984939575195|0.0040879249572753
75|98|0.8425925925925926|0.0020279884338378|0.0042760372161865
75|99|0.8425925925925926|0.0018339157104492|0.0041077136993408
75|100|0.8055555555555556|0.0017652511596679|0.0040299892425537
75|101|0.8055555555555556|0.00177001953125|0.0040760040283203
75|102|0.8240740740740741|0.0018084049224853|0.0041017532348632
75|103|0.8240740740740741|0.0018336772918701|0.0040020942687988
75|104|0.8240740740740741|0.0018250942230224|0.0039820671081542
75|105|0.8240740740740741|0.0018455982208251|0.0040428638458251
75|106|0.8240740740740741|0.001880407333374|0.0041604042053222
75|107|0.8240740740740741|0.0018208026885986|0.0043535232543945
75|108|0.8240740740740741|0.0018191337585449|0.0040481090545654
75|109|0.8240740740740741|0.0018174648284912|0.0043067932128906
75|110|0.8240740740740741|0.0018556118011474|0.0041816234588623
75|111|0.8240740740740741|0.0018529891967773|0.0042896270751953
75|112|0.8240740740740741|0.0018718242645263|0.004206895828247
75|113|0.8240740740740741|0.0018332004547119|0.0042591094970703
75|114|0.8240740740740741|0.001887559890747|0.0043246746063232
75|115|0.8240740740740741|0.0018980503082275|0.0041930675506591
75|116|0.8240740740740741|0.001871109008789|0.004310131072998
75|117|0.8240740740740741|0.0018730163574218|0.0042924880981445
75|118|0.8240740740740741|0.0018882751464843|0.0043213367462158
75|119|0.8240740740740741|0.0019195079803466|0.0042963027954101
75|120|0.8240740740740741|0.0018897056579589|0.0043747425079345
75|121|0.8240740740740741|0.0019385814666748|0.0042946338653564
75|122|0.8240740740740741|0.0019216537475585|0.0044143199920654
75|123|0.8240740740740741|0.0020065307617187|0.0044035911560058
75|124|0.8240740740740741|0.0019569396972656|0.0043263435363769
75|125|0.8240740740740741|0.0019705295562744|0.0043268203735351
75|126|0.8240740740740741|0.0020031929016113|0.0042471885681152
75|127|0.8240740740740741|0.0019936561584472|0.004364013671875
75|128|0.8240740740740741|0.0020413398742675|0.0043733119964599
75|129|0.8148148148148148|0.0020349025726318|0.0044362545013427
75|130|0.8148148148148148|0.0020418167114257|0.00447678565979
75|131|0.8148148148148148|0.0020530223846435|0.0045452117919921
75|132|0.8148148148148148|0.0020577907562255|0.0043299198150634
75|133|0.8148148148148148|0.0020554065704345|0.0045242309570312
75|134|0.8148148148148148|0.002084732055664|0.0044386386871337
75|135|0.8148148148148148|0.0020797252655029|0.0045263767242431
75|136|0.8148148148148148|0.0020818710327148|0.0044546127319335
75|137|0.8148148148148148|0.0021414756774902|0.0045967102050781
75|138|0.8148148148148148|0.0020911693572998|0.0045039653778076
75|139|0.8148148148148148|0.0021455287933349|0.0045661926269531
72|20|0.8425925925925926|0.0013062953948974|
72|21|0.8148148148148148|0.0009849071502685|0.0013575553894042
72|22|0.8240740740740741|0.0010385513305664|0.0014076232910156
72|23|0.8518518518518519|0.0010187625885009|0.0014445781707763
72|24|0.8425925925925926|0.0010311603546142|0.0014090538024902
72|25|0.8240740740740741|0.0010108947753906|0.0015020370483398
72|26|0.8611111111111112|0.0010514259338378|0.0015561580657958
72|27|0.8333333333333334|0.0010249614715576|0.001535415649414
72|28|0.8055555555555556|0.0010807514190673|0.0015697479248046
72|29|0.8425925925925926|0.0010600090026855|0.0016484260559082
72|30|0.8425925925925926|0.0011341571807861|0.0017335414886474
72|31|0.8333333333333334|0.0011041164398193|0.0016965866088867
72|32|0.8518518518518519|0.0010747909545898|0.0017259120941162
72|33|0.8425925925925926|0.0010695457458496|0.0017571449279785
72|34|0.8425925925925926|0.0010879039764404|0.0018246173858642
72|35|0.8518518518518519|0.0010859966278076|0.0018854141235351
72|36|0.8703703703703703|0.0011460781097412|0.0018770694732666
72|37|0.8611111111111112|0.0010566711425781|0.001990795135498
72|38|0.8518518518518519|0.0011124610900878|0.0019519329071044
72|39|0.8703703703703703|0.0010874271392822|0.0020215511322021
72|40|0.8703703703703703|0.0011277198791503|0.0020704269409179
72|41|0.8703703703703703|0.0011005401611328|0.0021324157714843
72|42|0.8518518518518519|0.0011324882507324|0.0021231174468994
72|43|0.8518518518518519|0.0011432170867919|0.0022008419036865
72|44|0.8518518518518519|0.0011348724365234|0.0022330284118652
72|45|0.8703703703703703|0.0011172294616699|0.0023102760314941
72|46|0.8518518518518519|0.0011639595031738|0.0023210048675537
72|47|0.8055555555555556|0.0011193752288818|0.0023097991943359
72|48|0.7962962962962963|0.0011777877807617|0.0023846626281738
72|49|0.7870370370370371|0.0011641979217529|0.0023491382598876
72|50|0.7962962962962963|0.0012152194976806|0.0024194717407226
72|51|0.8240740740740741|0.0011963844299316|0.0025508403778076
72|52|0.8240740740740741|0.0012266635894775|0.0025198459625244
72|53|0.8333333333333334|0.0012018680572509|0.0025122165679931
72|54|0.8425925925925926|0.0012211799621582|0.0025863647460937
72|55|0.8333333333333334|0.0012259483337402|0.0025644302368164
72|56|0.8240740740740741|0.0012407302856445|0.0026516914367675
72|57|0.8333333333333334|0.0012292861938476|0.0027220249176025
72|58|0.8148148148148148|0.0012807846069335|0.0026643276214599
72|59|0.8425925925925926|0.0012474060058593|0.0027277469635009
72|60|0.8518518518518519|0.0012900829315185|0.0027437210083007
72|61|0.8425925925925926|0.0012736320495605|0.002760887145996
72|62|0.8425925925925926|0.001319408416748|0.0027954578399658
72|63|0.8518518518518519|0.0013220310211181|0.0029566287994384
72|64|0.8518518518518519|0.0013060569763183|0.0028822422027587
72|65|0.8703703703703703|0.0013210773468017|0.0029823780059814
72|66|0.8611111111111112|0.0013308525085449|0.002939224243164
72|67|0.8611111111111112|0.0013289451599121|0.0030066967010498
72|68|0.8611111111111112|0.0013422966003417|0.0030395984649658
72|69|0.8611111111111112|0.0013694763183593|0.0031461715698242
72|70|0.8611111111111112|0.0013842582702636|0.0030834674835205
72|71|0.8518518518518519|0.0013988018035888|0.0032136440277099
72|72|0.8611111111111112|0.001406192779541|0.0031335353851318
72|73|0.8518518518518519|0.0014312267303466|0.003157615661621
72|74|0.8703703703703703|0.0014235973358154|0.0033013820648193
72|75|0.8611111111111112|0.0014567375183105|0.003232717514038
72|76|0.8518518518518519|0.0014748573303222|0.0032641887664794
72|77|0.8425925925925926|0.0014822483062744|0.0032870769500732
72|78|0.8703703703703703|0.0015008449554443|0.0033221244812011
72|79|0.8703703703703703|0.0014896392822265|0.0033495426177978
72|80|0.8796296296296297|0.0014946460723876|0.003387451171875
72|81|0.8703703703703703|0.0015206336975097|0.003387451171875
72|82|0.8796296296296297|0.0015418529510498|0.0034165382385253
72|83|0.8703703703703703|0.0015578269958496|0.0034964084625244
72|84|0.8518518518518519|0.0015759468078613|0.0035085678100585
72|85|0.8518518518518519|0.001626968383789|0.0035099983215332
72|86|0.8518518518518519|0.0016365051269531|0.0035526752471923
72|87|0.8703703703703703|0.0016562938690185|0.0035810470581054
72|88|0.8611111111111112|0.001673936843872|0.0035827159881591
72|89|0.8611111111111112|0.0017008781433105|0.0038082599639892
72|90|0.8703703703703703|0.0017061233520507|0.0037260055541992
72|91|0.8703703703703703|0.0017099380493164|0.0037713050842285
72|92|0.8703703703703703|0.0017740726470947|0.0038039684295654
72|93|0.8703703703703703|0.0017759799957275|0.0038917064666748
72|94|0.8703703703703703|0.0017027854919433|0.0037636756896972
72|95|0.8611111111111112|0.001924991607666|0.0040140151977539
72|96|0.8611111111111112|0.0017979145050048|0.0038385391235351
72|97|0.8611111111111112|0.001814842224121|0.0038349628448486
72|98|0.8611111111111112|0.0018250942230224|0.003890037536621
72|99|0.8611111111111112|0.0018868446350097|0.0039057731628417
72|100|0.8703703703703703|0.0018508434295654|0.0039465427398681
72|101|0.8703703703703703|0.001842975616455|0.0039701461791992
72|102|0.8703703703703703|0.0018849372863769|0.0039470195770263
72|103|0.8611111111111112|0.0019330978393554|0.0039825439453125
72|104|0.8611111111111112|0.0019776821136474|0.0040831565856933
72|105|0.8611111111111112|0.0019731521606445|0.0040349960327148
72|106|0.8518518518518519|0.0019593238830566|0.0041229724884033
72|107|0.8518518518518519|0.0020248889923095|0.0041379928588867
72|108|0.8518518518518519|0.0019671916961669|0.0040748119354248
72|109|0.8518518518518519|0.0019607543945312|0.0041887760162353
72|110|0.8518518518518519|0.0019953250885009|0.0042014122009277
72|111|0.8518518518518519|0.0020341873168945|0.0041174888610839
72|112|0.8518518518518519|0.0019779205322265|0.0041725635528564
72|113|0.8518518518518519|0.0019643306732177|0.0042052268981933
72|114|0.8518518518518519|0.0019893646240234|0.0042693614959716
72|115|0.8518518518518519|0.0020222663879394|0.0043535232543945
72|116|0.8518518518518519|0.0020182132720947|0.0042653083801269
72|117|0.8518518518518519|0.0020773410797119|0.0042364597320556
72|118|0.8518518518518519|0.0020854473114013|0.0043489933013916
72|119|0.8518518518518519|0.0020925998687744|0.0042738914489746
72|120|0.8518518518518519|0.0021207332611083|0.004256248474121
72|121|0.8518518518518519|0.002129316329956|0.0043039321899414
72|122|0.8518518518518519|0.0021390914916992|0.0043780803680419
72|123|0.8518518518518519|0.0021529197692871|0.004366397857666
72|124|0.8518518518518519|0.0021896362304687|0.0044658184051513
72|125|0.8518518518518519|0.002206802368164|0.0045857429504394
72|126|0.8518518518518519|0.0022428035736083|0.0042834281921386
72|127|0.8518518518518519|0.0022113323211669|0.0043118000030517
72|128|0.8518518518518519|0.0022075176239013|0.0043058395385742
72|129|0.8518518518518519|0.0022573471069335|0.0043070316314697
72|130|0.8518518518518519|0.0021741390228271|0.0043261051177978
72|131|0.8518518518518519|0.0021882057189941|0.0043306350708007
72|132|0.8518518518518519|0.0022006034851074|0.0044262409210205
72|133|0.8518518518518519|0.0022237300872802|0.0043773651123046
72|134|0.8518518518518519|0.0022704601287841|0.0045278072357177
72|135|0.8518518518518519|0.0022459030151367|0.0043420791625976
72|136|0.8518518518518519|0.002251386642456|0.0043823719024658
72|137|0.8518518518518519|0.0023016929626464|0.0044505596160888
72|138|0.8518518518518519|0.0023102760314941|0.0043623447418212
72|139|0.8518518518518519|0.0023097991943359|0.0043747425079345
71|20|0.7037037037037037|0.0013093948364257|
71|21|0.7592592592592593|0.0010051727294921|0.0013365745544433
71|22|0.8333333333333334|0.0010218620300292|0.0012986660003662
71|23|0.7777777777777778|0.0009906291961669|0.0013642311096191
71|24|0.7222222222222222|0.0010032653808593|0.0013928413391113
71|25|0.7870370370370371|0.0010035037994384|0.0014863014221191
71|26|0.8333333333333334|0.0010261535644531|0.0014855861663818
71|27|0.8240740740740741|0.0010187625885009|0.001577615737915
71|28|0.8055555555555556|0.0010411739349365|0.001582384109497
71|29|0.8055555555555556|0.0010211467742919|0.0016596317291259
71|30|0.8148148148148148|0.0010373592376708|0.0016798973083496
71|31|0.7962962962962963|0.00103759765625|0.0016717910766601
71|32|0.7870370370370371|0.0010488033294677|0.0018174648284912
71|33|0.7962962962962963|0.0010802745819091|0.0018436908721923
71|34|0.7870370370370371|0.0010764598846435|0.0018777847290039
71|35|0.7870370370370371|0.0010740756988525|0.0019268989562988
71|36|0.7777777777777778|0.0011122226715087|0.0019397735595703
71|37|0.8240740740740741|0.0010855197906494|0.0020134449005126
71|38|0.8148148148148148|0.0011179447174072|0.0020766258239746
71|39|0.8425925925925926|0.0011060237884521|0.0020492076873779
71|40|0.8425925925925926|0.001143455505371|0.0021474361419677
71|41|0.8333333333333334|0.0010938644409179|0.0020873546600341
71|42|0.8425925925925926|0.0011355876922607|0.0022535324096679
71|43|0.8333333333333334|0.0011365413665771|0.0022640228271484
71|44|0.8333333333333334|0.0011358261108398|0.0022563934326171
71|45|0.8333333333333334|0.0011212825775146|0.0023417472839355
71|46|0.8240740740740741|0.0011663436889648|0.0023298263549804
71|47|0.8333333333333334|0.001124620437622|0.00240159034729
71|48|0.8240740740740741|0.0011613368988037|0.0023298263549804
71|49|0.8425925925925926|0.0011568069458007|0.0023996829986572
71|50|0.8425925925925926|0.0012235641479492|0.0023889541625976
71|51|0.8333333333333334|0.0011897087097167|0.0024399757385253
71|52|0.8425925925925926|0.0012257099151611|0.0026144981384277
71|53|0.8425925925925926|0.0011994838714599|0.0026736259460449
71|54|0.8518518518518519|0.0012145042419433|0.0025937557220458
71|55|0.8518518518518519|0.0012357234954833|0.0026319026947021
71|56|0.8333333333333334|0.0012781620025634|0.0026631355285644
71|57|0.8518518518518519|0.0012702941894531|0.0028085708618164
71|58|0.8425925925925926|0.0013072490692138|0.0029003620147705
71|59|0.8333333333333334|0.0012838840484619|0.0029375553131103
71|60|0.8240740740740741|0.0012955665588378|0.0028626918792724
71|61|0.8425925925925926|0.0012810230255126|0.0028307437896728
71|62|0.8425925925925926|0.0013151168823242|0.0030040740966796
71|63|0.8333333333333334|0.0013020038604736|0.0030159950256347
71|64|0.8333333333333334|0.0013165473937988|0.0030748844146728
71|65|0.8425925925925926|0.0013320446014404|0.0031373500823974
71|66|0.8333333333333334|0.001375675201416|0.0032241344451904
71|67|0.8425925925925926|0.0013704299926757|0.0032050609588623
71|68|0.8333333333333334|0.0013597011566162|0.0030219554901123
71|69|0.8333333333333334|0.0013515949249267|0.0030703544616699
71|70|0.8240740740740741|0.0013618469238281|0.0030379295349121
71|71|0.8425925925925926|0.0013847351074218|0.0033686161041259
71|72|0.8333333333333334|0.001394510269165|0.0033864974975585
71|73|0.8611111111111112|0.001415729522705|0.0034165382385253
71|74|0.8611111111111112|0.001401662826538|0.0032832622528076
71|75|0.8703703703703703|0.0014255046844482|0.0032234191894531
71|76|0.8518518518518519|0.0014355182647705|0.0032205581665039
71|77|0.8518518518518519|0.0014610290527343|0.0032496452331542
71|78|0.8333333333333334|0.0014793872833251|0.0032992362976074
71|79|0.8148148148148148|0.0015020370483398|0.0034084320068359
71|80|0.8240740740740741|0.0014944076538085|0.0035109519958496
71|81|0.8333333333333334|0.0015051364898681|0.003429889678955
71|82|0.8333333333333334|0.0015361309051513|0.003547191619873
71|83|0.8333333333333334|0.0015335083007812|0.0034635066986083
71|84|0.8333333333333334|0.0015478134155273|0.0034220218658447
71|85|0.8148148148148148|0.0015885829925537|0.0034902095794677
71|86|0.8333333333333334|0.0015652179718017|0.0034985542297363
71|87|0.8425925925925926|0.0015869140625|0.00386643409729
71|88|0.8425925925925926|0.0016059875488281|0.0039007663726806
71|89|0.8240740740740741|0.0015976428985595|0.0037782192230224
71|90|0.8240740740740741|0.0016186237335205|0.0037837028503417
71|91|0.8148148148148148|0.001636266708374|0.0036063194274902
71|92|0.8148148148148148|0.0016546249389648|0.0036940574645996
71|93|0.8240740740740741|0.0020105838775634|0.0039193630218505
71|94|0.8333333333333334|0.0017471313476562|0.0038559436798095
71|95|0.8425925925925926|0.0017993450164794|0.0037527084350585
71|96|0.8425925925925926|0.0017693042755126|0.0040454864501953
71|97|0.8425925925925926|0.0017924308776855|0.0039310455322265
71|98|0.8425925925925926|0.0018143653869628|0.004119873046875
71|99|0.8425925925925926|0.0018694400787353|0.0041778087615966
71|100|0.8425925925925926|0.001842975616455|0.0040078163146972
71|101|0.8333333333333334|0.0018634796142578|0.0038940906524658
71|102|0.8333333333333334|0.0019111633300781|0.004145860671997
71|103|0.8333333333333334|0.0019173622131347|0.0039570331573486
71|104|0.8333333333333334|0.001924991607666|0.0039477348327636
71|105|0.8333333333333334|0.0019237995147705|0.0040454864501953
71|106|0.8333333333333334|0.0019128322601318|0.0040996074676513
71|107|0.8333333333333334|0.0019319057464599|0.0040063858032226
71|108|0.8333333333333334|0.001941442489624|0.0041248798370361
71|109|0.8333333333333334|0.001906394958496|0.0041596889495849
71|110|0.8333333333333334|0.0019874572753906|0.0041275024414062
71|111|0.8425925925925926|0.0020301342010498|0.0040502548217773
71|112|0.8425925925925926|0.0020282268524169|0.0043847560882568
71|113|0.8425925925925926|0.0020332336425781|0.0040743350982666
71|114|0.8425925925925926|0.0020444393157958|0.0043849945068359
71|115|0.8425925925925926|0.0020604133605957|0.0041444301605224
71|116|0.8425925925925926|0.002009630203247|0.0041325092315673
71|117|0.8425925925925926|0.0020217895507812|0.0043616294860839
71|118|0.8425925925925926|0.0020172595977783|0.0043237209320068
71|119|0.8425925925925926|0.0020503997802734|0.0042030811309814
71|120|0.8425925925925926|0.0020127296447753|0.0042715072631835
71|121|0.8425925925925926|0.0020654201507568|0.004152774810791
71|122|0.8333333333333334|0.0021159648895263|0.004650592803955
71|123|0.8333333333333334|0.0021278858184814|0.0046980381011962
71|124|0.8333333333333334|0.0021028518676757|0.0042202472686767
71|125|0.8333333333333334|0.0021405220031738|0.0043840408325195
71|126|0.8333333333333334|0.0021774768829345|0.0045235157012939
71|127|0.8333333333333334|0.0021338462829589|0.0045897960662841
71|128|0.8333333333333334|0.0022189617156982|0.00425386428833
71|129|0.8333333333333334|0.0021932125091552|0.0042459964752197
71|130|0.8333333333333334|0.0021626949310302|0.0042829513549804
71|131|0.8333333333333334|0.002183198928833|0.0047519207000732
71|132|0.8333333333333334|0.0022180080413818|0.0045373439788818
71|133|0.8333333333333334|0.002213716506958|0.0044131278991699
71|134|0.8333333333333334|0.0022048950195312|0.0044810771942138
71|135|0.8333333333333334|0.0022380352020263|0.0045499801635742
71|136|0.8333333333333334|0.0022435188293457|0.0044150352478027
71|137|0.8333333333333334|0.0022521018981933|0.0047879219055175
71|138|0.8333333333333334|0.0022470951080322|0.0043010711669921
71|139|0.8333333333333334|0.0022656917572021|0.0043070316314697
73|20|0.7777777777777778|0.0012602806091308|
73|21|0.8055555555555556|0.0009725093841552|0.0014104843139648
73|22|0.8055555555555556|0.0010466575622558|0.0013906955718994
73|23|0.8240740740740741|0.0009965896606445|0.0014493465423583
73|24|0.8240740740740741|0.001016616821289|0.0014905929565429
73|25|0.8333333333333334|0.0010221004486083|0.0015487670898437
73|26|0.8518518518518519|0.0010216236114501|0.0015652179718017
73|27|0.8333333333333334|0.0009965896606445|0.0015947818756103
73|28|0.8425925925925926|0.0010080337524414|0.001631736755371
73|29|0.8611111111111112|0.0009973049163818|0.0017130374908447
73|30|0.8703703703703703|0.0010178089141845|0.0017063617706298
73|31|0.8703703703703703|0.0010015964508056|0.0017600059509277
73|32|0.8703703703703703|0.0010044574737548|0.0017857551574707
73|33|0.8611111111111112|0.000995397567749|0.0018174648284912
73|34|0.8333333333333334|0.001039981842041|0.001866340637207
73|35|0.8240740740740741|0.0010356903076171|0.0019927024841308
73|36|0.8240740740740741|0.0010669231414794|0.0019905567169189
73|37|0.8333333333333334|0.0010185241699218|0.0019755363464355
73|38|0.8425925925925926|0.0010809898376464|0.0019686222076416
73|39|0.8518518518518519|0.0010411739349365|0.0020906925201416
73|40|0.8611111111111112|0.0012900829315185|0.0024585723876953
73|41|0.8611111111111112|0.0010795593261718|0.0024707317352294
73|42|0.8518518518518519|0.0011138916015625|0.0022604465484619
73|43|0.8611111111111112|0.001089334487915|0.0022861957550048
73|44|0.8425925925925926|0.0010988712310791|0.0022177696228027
73|45|0.8425925925925926|0.0010864734649658|0.0022857189178466
73|46|0.8333333333333334|0.0011708736419677|0.0023064613342285
73|47|0.8333333333333334|0.0011031627655029|0.0024554729461669
73|48|0.8425925925925926|0.0011525154113769|0.0025296211242675
73|49|0.8518518518518519|0.0011091232299804|0.0025696754455566
73|50|0.8425925925925926|0.0011513233184814|0.0026001930236816
73|51|0.8425925925925926|0.0011329650878906|0.0026330947875976
73|52|0.8240740740740741|0.00115966796875|0.0026001930236816
73|53|0.8148148148148148|0.0011539459228515|0.0025887489318847
73|54|0.7962962962962963|0.0011765956878662|0.0027406215667724
73|55|0.8148148148148148|0.0011751651763916|0.0026848316192626
73|56|0.8148148148148148|0.0012099742889404|0.0026731491088867
73|57|0.8148148148148148|0.001194953918457|0.0026688575744628
73|58|0.8240740740740741|0.0012488365173339|0.0028135776519775
73|59|0.8333333333333334|0.0012037754058837|0.0027434825897216
73|60|0.8333333333333334|0.0012242794036865|0.0027933120727539
73|61|0.8425925925925926|0.0012159347534179|0.0030198097229003
73|62|0.8425925925925926|0.0012581348419189|0.0028555393218994
73|63|0.8425925925925926|0.0012295246124267|0.0030226707458496
73|64|0.8425925925925926|0.0012569427490234|0.0029423236846923
73|65|0.8518518518518519|0.0012392997741699|0.0031530857086181
73|66|0.8518518518518519|0.0012614727020263|0.0032110214233398
73|67|0.8518518518518519|0.0012693405151367|0.0031344890594482
73|68|0.8425925925925926|0.0013098716735839|0.0030946731567382
73|69|0.8425925925925926|0.0012946128845214|0.0032548904418945
73|70|0.8611111111111112|0.0012917518615722|0.0032341480255126
73|71|0.8611111111111112|0.0013501644134521|0.0031931400299072
73|72|0.8518518518518519|0.0013394355773925|0.0033786296844482
73|73|0.8703703703703703|0.0013725757598876|0.0033433437347412
73|74|0.8611111111111112|0.0013613700866699|0.0035176277160644
73|75|0.8703703703703703|0.0013723373413085|0.0034372806549072
73|76|0.8611111111111112|0.00138521194458|0.0032949447631835
73|77|0.8611111111111112|0.0014059543609619|0.003467321395874
73|78|0.8611111111111112|0.001406192779541|0.0034902095794677
73|79|0.8611111111111112|0.0014221668243408|0.0035929679870605
73|80|0.8518518518518519|0.0014379024505615|0.0035710334777832
73|81|0.8518518518518519|0.0014533996582031|0.0034646987915039
73|82|0.8611111111111112|0.0014591217041015|0.0035984516143798
73|83|0.8611111111111112|0.0014941692352294|0.0036745071411132
73|84|0.8611111111111112|0.001509666442871|0.0037574768066406
73|85|0.8518518518518519|0.0015208721160888|0.0037755966186523
73|86|0.8518518518518519|0.0015234947204589|0.0037176609039306
73|87|0.8518518518518519|0.001549482345581|0.0038750171661376
73|88|0.8611111111111112|0.0015676021575927|0.003786563873291
73|89|0.8611111111111112|0.0015764236450195|0.003918170928955
73|90|0.8611111111111112|0.001589298248291|0.003852367401123
73|91|0.8611111111111112|0.0015845298767089|0.0039339065551757
73|92|0.8611111111111112|0.0016465187072753|0.0038850307464599
73|93|0.8611111111111112|0.0016248226165771|0.0039505958557128
73|94|0.8611111111111112|0.0016665458679199|0.0038068294525146
73|95|0.8611111111111112|0.0016531944274902|0.0039021968841552
73|96|0.8611111111111112|0.0016875267028808|0.0039741992950439
73|97|0.8611111111111112|0.0026850700378417|0.0055334568023681
73|98|0.8611111111111112|0.0017240047454833|0.0042464733123779
73|99|0.8611111111111112|0.0017898082733154|0.0038866996765136
73|100|0.8611111111111112|0.0017883777618408|0.0039484500885009
73|101|0.8611111111111112|0.00177001953125|0.0040986537933349
73|102|0.8611111111111112|0.001805305480957|0.0041475296020507
73|103|0.8611111111111112|0.0018360614776611|0.0042626857757568
73|104|0.8611111111111112|0.0018224716186523|0.0043294429779052
73|105|0.8611111111111112|0.0018181800842285|0.004014253616333
73|106|0.8611111111111112|0.0018167495727539|0.0042488574981689
73|107|0.8611111111111112|0.001918077468872|0.0043394565582275
73|108|0.8611111111111112|0.0018467903137207|0.0043540000915527
73|109|0.8611111111111112|0.001875877380371|0.0043551921844482
73|110|0.8611111111111112|0.0018775463104248|0.0045289993286132
73|111|0.8611111111111112|0.001943826675415|0.004439353942871
73|112|0.8611111111111112|0.0018894672393798|0.0042922496795654
73|113|0.8611111111111112|0.0019237995147705|0.004302978515625
73|114|0.8611111111111112|0.0019769668579101|0.0044097900390625
73|115|0.8611111111111112|0.0019633769989013|0.0043423175811767
73|116|0.8611111111111112|0.0019738674163818|0.0044696331024169
73|117|0.8611111111111112|0.0019690990447998|0.0043683052062988
73|118|0.8611111111111112|0.0019869804382324|0.0044825077056884
73|119|0.8611111111111112|0.0020630359649658|0.0043938159942626
73|120|0.8611111111111112|0.0019917488098144|0.0043518543243408
73|121|0.8611111111111112|0.0020017623901367|0.004343032836914
73|122|0.8611111111111112|0.0020298957824707|0.0043885707855224
73|123|0.8611111111111112|0.0020313262939453|0.0044031143188476
73|124|0.8611111111111112|0.0020415782928466|0.0045008659362792
73|125|0.8611111111111112|0.0020685195922851|0.0042815208435058
73|126|0.8611111111111112|0.0020451545715332|0.0045585632324218
73|127|0.8611111111111112|0.0020852088928222|0.0045232772827148
73|128|0.8611111111111112|0.0021209716796875|0.0046007633209228
73|129|0.8611111111111112|0.0021100044250488|0.0045747756958007
73|130|0.8611111111111112|0.002129316329956|0.0046591758728027
73|131|0.8611111111111112|0.0021371841430664|0.0047345161437988
73|132|0.8611111111111112|0.0021264553070068|0.0043234825134277
73|133|0.8611111111111112|0.0021438598632812|0.0046658515930175
73|134|0.8611111111111112|0.0022997856140136|0.0047438144683837
73|135|0.8611111111111112|0.0021770000457763|0.0047018527984619
73|136|0.8611111111111112|0.0021982192993164|0.0047130584716796
73|137|0.8611111111111112|0.0022187232971191|0.0047485828399658
73|138|0.8611111111111112|0.0022268295288085|0.0045778751373291
73|139|0.8611111111111112|0.0022428035736083|0.0047309398651123
70|20|0.7222222222222222|0.0016341209411621|
70|21|0.7962962962962963|0.0010600090026855|0.0013694763183593
70|22|0.7037037037037037|0.0011448860168457|0.0014026165008544
70|23|0.7592592592592593|0.0009565353393554|0.0014572143554687
70|24|0.8240740740740741|0.001072883605957|0.0014786720275878
70|25|0.8055555555555556|0.0010251998901367|0.0015244483947753
70|26|0.8148148148148148|0.0010507106781005|0.0014960765838623
70|27|0.8240740740740741|0.0009994506835937|0.0015475749969482
70|28|0.8518518518518519|0.0010554790496826|0.0015995502471923
70|29|0.8240740740740741|0.0010247230529785|0.0016627311706542
70|30|0.8148148148148148|0.0010542869567871|0.0017635822296142
70|31|0.8333333333333334|0.001028299331665|0.0018072128295898
70|32|0.8425925925925926|0.001068115234375|0.0017719268798828
70|33|0.8425925925925926|0.0009901523590087|0.0019214153289794
70|34|0.8333333333333334|0.0010750293731689|0.0018646717071533
70|35|0.8055555555555556|0.0010356903076171|0.0019218921661376
70|36|0.7962962962962963|0.0011851787567138|0.0020265579223632
70|37|0.7777777777777778|0.0010440349578857|0.0020124912261962
70|38|0.7870370370370371|0.0011742115020751|0.0020112991333007
70|39|0.7592592592592593|0.0010697841644287|0.0021100044250488
70|40|0.7777777777777778|0.0012376308441162|0.0021479129791259
70|41|0.8055555555555556|0.001065969467163|0.0021514892578125
70|42|0.8240740740740741|0.001155138015747|0.00223970413208
70|43|0.8148148148148148|0.001049518585205|0.0022499561309814
70|44|0.8148148148148148|0.0011734962463378|0.002375841140747
70|45|0.8240740740740741|0.0010583400726318|0.0023622512817382
70|46|0.8425925925925926|0.0012130737304687|0.0023579597473144
70|47|0.8333333333333334|0.0010521411895751|0.0023715496063232
70|48|0.7962962962962963|0.0012300014495849|0.0023834705352783
70|49|0.8148148148148148|0.0010852813720703|0.0025038719177246
70|50|0.8240740740740741|0.0012171268463134|0.0026106834411621
70|51|0.8518518518518519|0.001094102859497|0.0025062561035156
70|52|0.8333333333333334|0.0012364387512207|0.0025820732116699
70|53|0.8240740740740741|0.0011103153228759|0.002640962600708
70|54|0.8425925925925926|0.0012023448944091|0.0027215480804443
70|55|0.8425925925925926|0.0011701583862304|0.0027356147766113
70|56|0.8425925925925926|0.0012962818145751|0.0025992393493652
70|57|0.8611111111111112|0.0011465549468994|0.0027120113372802
70|58|0.8796296296296297|0.00126314163208|0.0027298927307128
70|59|0.8703703703703703|0.0011751651763916|0.0026881694793701
70|60|0.8703703703703703|0.0012967586517333|0.002720832824707
70|61|0.8796296296296297|0.0011894702911376|0.0029318332672119
70|62|0.8703703703703703|0.0013086795806884|0.0029740333557128
70|63|0.8796296296296297|0.0011923313140869|0.0028114318847656
70|64|0.8981481481481481|0.0012266635894775|0.0030548572540283
70|65|0.8796296296296297|0.0012240409851074|0.0029597282409667
70|66|0.8888888888888888|0.0012412071228027|0.0029866695404052
70|67|0.8888888888888888|0.0012533664703369|0.0031378269195556
70|68|0.8888888888888888|0.0012342929840087|0.0031328201293945
70|69|0.8981481481481481|0.0012450218200683|0.0031630992889404
70|70|0.8703703703703703|0.0012569427490234|0.003159761428833
70|71|0.8796296296296297|0.0012702941894531|0.0031764507293701
70|72|0.8888888888888888|0.0012753009796142|0.0031139850616455
70|73|0.8981481481481481|0.0012886524200439|0.0032494068145751
70|74|0.8981481481481481|0.0013353824615478|0.003159761428833
70|75|0.9074074074074074|0.0013468265533447|0.0034229755401611
70|76|0.9074074074074074|0.0013356208801269|0.0032615661621093
70|77|0.8796296296296297|0.0013353824615478|0.0033667087554931
70|78|0.8611111111111112|0.0013656616210937|0.0034258365631103
70|79|0.8518518518518519|0.0013892650604248|0.0034258365631103
70|80|0.8611111111111112|0.0013883113861083|0.003427505493164
70|81|0.8611111111111112|0.0013947486877441|0.0034914016723632
70|82|0.8703703703703703|0.0014047622680664|0.0035908222198486
70|83|0.8703703703703703|0.0015416145324707|0.0034840106964111
70|84|0.8703703703703703|0.0014393329620361|0.0036401748657226
70|85|0.8703703703703703|0.0014538764953613|0.00368332862854
70|86|0.8703703703703703|0.0014777183532714|0.0036494731903076
70|87|0.8703703703703703|0.0014777183532714|0.0036854743957519
70|88|0.8703703703703703|0.0015027523040771|0.0035412311553955
70|89|0.8611111111111112|0.0019314289093017|0.0040044784545898
70|90|0.8611111111111112|0.0015583038330078|0.0037271976470947
70|91|0.8611111111111112|0.001582384109497|0.0037925243377685
70|92|0.8611111111111112|0.0016143321990966|0.0037500858306884
70|93|0.8611111111111112|0.0015816688537597|0.0037903785705566
70|94|0.8611111111111112|0.0016303062438964|0.0039582252502441
70|95|0.8611111111111112|0.0016407966613769|0.0037024021148681
70|96|0.8611111111111112|0.0016772747039794|0.0037965774536132
70|97|0.8611111111111112|0.0016870498657226|0.0039970874786376
70|98|0.8611111111111112|0.0016415119171142|0.003770112991333
70|99|0.8611111111111112|0.0016970634460449|0.0041470527648925
70|100|0.8611111111111112|0.0016870498657226|0.0038647651672363
70|101|0.8611111111111112|0.0016798973083496|0.0039482116699218
70|102|0.8611111111111112|0.0017108917236328|0.0041096210479736
70|103|0.8611111111111112|0.0017859935760498|0.0038988590240478
70|104|0.8611111111111112|0.0017604827880859|0.0042457580566406
70|105|0.8611111111111112|0.001749038696289|0.0039527416229248
70|106|0.8611111111111112|0.0017848014831542|0.0042951107025146
70|107|0.8611111111111112|0.0018513202667236|0.0042510032653808
70|108|0.8611111111111112|0.0018320083618164|0.0040140151977539
70|109|0.8611111111111112|0.0017809867858886|0.0040433406829833
70|110|0.8611111111111112|0.00179123878479|0.004176378250122
70|111|0.8611111111111112|0.0018930435180664|0.0040223598480224
70|112|0.8611111111111112|0.0018301010131835|0.0042040348052978
70|113|0.8611111111111112|0.0018367767333984|0.0042145252227783
70|114|0.8611111111111112|0.0018696784973144|0.0043380260467529
70|115|0.8611111111111112|0.0019404888153076|0.0044648647308349
70|116|0.8611111111111112|0.0019185543060302|0.0041511058807373
70|117|0.8611111111111112|0.0018949508666992|0.004335880279541
70|118|0.8611111111111112|0.0019197463989257|0.0045104026794433
70|119|0.8611111111111112|0.0020027160644531|0.0044262409210205
70|120|0.8611111111111112|0.0019295215606689|0.0042781829833984
70|121|0.8611111111111112|0.0019581317901611|0.0044455528259277
70|122|0.8611111111111112|0.0019667148590087|0.004213809967041
70|123|0.8611111111111112|0.0019783973693847|0.0042619705200195
70|124|0.8611111111111112|0.0019888877868652|0.0045392513275146
70|125|0.8611111111111112|0.0019760131835937|0.0043354034423828
70|126|0.8611111111111112|0.002009630203247|0.0044057369232177
70|127|0.8611111111111112|0.0020022392272949|0.0042510032653808
70|128|0.8611111111111112|0.0020523071289062|0.004533052444458
70|129|0.8611111111111112|0.0020585060119628|0.0045647621154785
70|130|0.8611111111111112|0.0020899772644042|0.0046024322509765
70|131|0.8611111111111112|0.0020842552185058|0.0046231746673583
70|132|0.8611111111111112|0.0021009445190429|0.0046408176422119
70|133|0.8611111111111112|0.0020985603332519|0.0046255588531494
70|134|0.8611111111111112|0.0021054744720458|0.0045480728149414
70|135|0.8611111111111112|0.0021233558654785|0.0046019554138183
70|136|0.8611111111111112|0.0021295547485351|0.0044717788696289
70|137|0.8611111111111112|0.0021615028381347|0.0046420097351074
70|138|0.8611111111111112|0.0021612644195556|0.0046133995056152
70|139|0.8611111111111112|0.0021657943725585|0.0043835639953613
74|20|0.7962962962962963|0.0013675689697265|
74|21|0.7777777777777778|0.001002550125122|0.0013563632965087
74|22|0.7222222222222222|0.0010499954223632|0.0013537406921386
74|23|0.7685185185185185|0.0010228157043457|0.0014328956604003
74|24|0.7592592592592593|0.0010328292846679|0.0014369487762451
74|25|0.7685185185185185|0.0010244846343994|0.0014717578887939
74|26|0.7870370370370371|0.0010578632354736|0.0015339851379394
74|27|0.7407407407407407|0.0010626316070556|0.001601219177246
74|28|0.7685185185185185|0.0011024475097656|0.001610517501831
74|29|0.7592592592592593|0.0010333061218261|0.0017244815826416
74|30|0.7222222222222222|0.001056432723999|0.0016937255859375
74|31|0.7592592592592593|0.0010607242584228|0.0017435550689697
74|32|0.7592592592592593|0.0010533332824707|0.0018715858459472
74|33|0.7870370370370371|0.0010454654693603|0.001800537109375
74|34|0.7777777777777778|0.0010716915130615|0.0018415451049804
74|35|0.7870370370370371|0.0010657310485839|0.0019700527191162
74|36|0.7870370370370371|0.0011115074157714|0.0019752979278564
74|37|0.8055555555555556|0.0010836124420166|0.0019490718841552
74|38|0.7962962962962963|0.0011262893676757|0.0020103454589843
74|39|0.8055555555555556|0.0011219978332519|0.0020487308502197
74|40|0.8055555555555556|0.0011451244354248|0.0021402835845947
74|41|0.8148148148148148|0.0011014938354492|0.0021214485168457
74|42|0.8240740740740741|0.0011441707611083|0.0021436214447021
74|43|0.8055555555555556|0.0011215209960937|0.0021774768829345
74|44|0.8055555555555556|0.0011506080627441|0.002216100692749
74|45|0.8055555555555556|0.0011248588562011|0.0022723674774169
74|46|0.8240740740740741|0.0011885166168212|0.0023534297943115
74|47|0.7962962962962963|0.0011601448059082|0.0023531913757324
74|48|0.8425925925925926|0.0012016296386718|0.0023908615112304
74|49|0.8333333333333334|0.00118088722229|0.002429723739624
74|50|0.8240740740740741|0.0012042522430419|0.0024554729461669
74|51|0.8055555555555556|0.0011894702911376|0.002495527267456
74|52|0.8055555555555556|0.001237154006958|0.0026578903198242
74|53|0.8148148148148148|0.0012195110321044|0.0025608539581298
74|54|0.8240740740740741|0.0012614727020263|0.0026190280914306
74|55|0.8240740740740741|0.0012438297271728|0.0026459693908691
74|56|0.8055555555555556|0.0012881755828857|0.0026543140411376
74|57|0.7962962962962963|0.00126314163208|0.0026960372924804
74|58|0.8148148148148148|0.00132417678833|0.0027134418487548
74|59|0.8240740740740741|0.0012924671173095|0.0027573108673095
74|60|0.8240740740740741|0.0013213157653808|0.0027849674224853
74|61|0.8333333333333334|0.0013177394866943|0.0028281211853027
74|62|0.8425925925925926|0.0013446807861328|0.0028722286224365
74|63|0.8333333333333334|0.001354694366455|0.0029168128967285
74|64|0.8333333333333334|0.0013408660888671|0.0029380321502685
74|65|0.8148148148148148|0.0013294219970703|0.0029704570770263
74|66|0.8055555555555556|0.0013527870178222|0.003009557723999
74|67|0.8055555555555556|0.0013680458068847|0.0030465126037597
74|68|0.8055555555555556|0.0014078617095947|0.0031442642211914
74|69|0.7962962962962963|0.0013935565948486|0.0030834674835205
74|70|0.8055555555555556|0.001439094543457|0.003260850906372
74|71|0.8055555555555556|0.001394510269165|0.0031390190124511
74|72|0.8333333333333334|0.0014195442199707|0.0031549930572509
74|73|0.8240740740740741|0.0014636516571044|0.0031874179840087
74|74|0.8148148148148148|0.0014240741729736|0.0032219886779785
74|75|0.8240740740740741|0.0014920234680175|0.0032827854156494
74|76|0.8240740740740741|0.0015058517456054|0.0034351348876953
74|77|0.7962962962962963|0.0015287399291992|0.0034990310668945
74|78|0.8055555555555556|0.0015616416931152|0.0033917427062988
74|79|0.8148148148148148|0.0014998912811279|0.0035035610198974
74|80|0.8333333333333334|0.0015430450439453|0.003591775894165
74|81|0.8425925925925926|0.0015087127685546|0.0034594535827636
74|82|0.8425925925925926|0.0015604496002197|0.0034971237182617
74|83|0.8611111111111112|0.0015583038330078|0.0036840438842773
74|84|0.8611111111111112|0.0015778541564941|0.0035464763641357
74|85|0.8611111111111112|0.0015995502471923|0.0035691261291503
74|86|0.8611111111111112|0.001603364944458|0.003577709197998
74|87|0.8518518518518519|0.0016324520111083|0.003605842590332
74|88|0.8518518518518519|0.0016641616821289|0.0036437511444091
74|89|0.8518518518518519|0.0016510486602783|0.0036556720733642
74|90|0.8518518518518519|0.0016689300537109|0.0037670135498046
74|91|0.8611111111111112|0.001688003540039|0.0038249492645263
74|92|0.8518518518518519|0.0017366409301757|0.0038483142852783
74|93|0.8518518518518519|0.001737356185913|0.0039088726043701
74|94|0.8518518518518519|0.002037763595581|0.004016637802124
74|95|0.8518518518518519|0.0017580986022949|0.0039312839508056
74|96|0.8518518518518519|0.0017850399017333|0.0039377212524414
74|97|0.8518518518518519|0.0017762184143066|0.0038778781890869
74|98|0.8518518518518519|0.0018200874328613|0.0039229393005371
74|99|0.8518518518518519|0.0018372535705566|0.004054307937622
74|100|0.8518518518518519|0.0018815994262695|0.0039582252502441
74|101|0.8518518518518519|0.0018672943115234|0.0039825439453125
74|102|0.8518518518518519|0.0019197463989257|0.0040140151977539
74|103|0.8518518518518519|0.0019559860229492|0.0041520595550537
74|104|0.8518518518518519|0.0019900798797607|0.0040314197540283
74|105|0.8518518518518519|0.0019502639770507|0.0040915012359619
74|106|0.8518518518518519|0.0020098686218261|0.0040760040283203
74|107|0.8518518518518519|0.0020403861999511|0.0041079521179199
74|108|0.8518518518518519|0.0020093917846679|0.0041687488555908
74|109|0.8518518518518519|0.0020794868469238|0.0042650699615478
74|110|0.8518518518518519|0.002091646194458|0.0041825771331787
74|111|0.8518518518518519|0.0021567344665527|0.0041887760162353
74|112|0.8518518518518519|0.0021305084228515|0.004213809967041
74|113|0.8518518518518519|0.00211763381958|0.0042383670806884
74|114|0.8518518518518519|0.0021450519561767|0.0042331218719482
74|115|0.8518518518518519|0.0021450519561767|0.0045235157012939
74|116|0.8518518518518519|0.0021727085113525|0.0042669773101806
74|117|0.8518518518518519|0.0021500587463378|0.0042574405670166
74|118|0.8518518518518519|0.0021491050720214|0.0044567584991455
74|119|0.8518518518518519|0.0021891593933105|0.0043096542358398
74|120|0.8518518518518519|0.0021712779998779|0.0044102668762207
74|121|0.8518518518518519|0.0021603107452392|0.0044386386871337
74|122|0.8518518518518519|0.0021750926971435|0.0042846202850341
74|123|0.8518518518518519|0.0021543502807617|0.0042848587036132
74|124|0.8518518518518519|0.0021657943725585|0.0044155120849609
74|125|0.8518518518518519|0.002183198928833|0.0042774677276611
74|126|0.8518518518518519|0.0021669864654541|0.0043740272521972
74|127|0.8518518518518519|0.0021712779998779|0.004326581954956
74|128|0.8518518518518519|0.0022385120391845|0.0044190883636474
74|129|0.8518518518518519|0.002225637435913|0.0044529438018798
74|130|0.8518518518518519|0.0022194385528564|0.0044939517974853
74|131|0.8518518518518519|0.0022618770599365|0.004321813583374
74|132|0.8518518518518519|0.0022385120391845|0.0043327808380126
74|133|0.8518518518518519|0.0022313594818115|0.0044882297515869
74|134|0.8518518518518519|0.0022721290588378|0.0043857097625732
74|135|0.8518518518518519|0.0022814273834228|0.004371166229248
74|136|0.8518518518518519|0.0022656917572021|0.00437593460083
74|137|0.8518518518518519|0.0023324489593505|0.0043718814849853
74|138|0.8518518518518519|0.0022981166839599|0.0043773651123046
76|20|0.7870370370370371|0.0012552738189697|
76|21|0.7314814814814815|0.0009565353393554|0.0013799667358398
76|22|0.75|0.0009961128234863|0.0013692378997802
76|23|0.7314814814814815|0.0009684562683105|0.0013933181762695
76|24|0.7222222222222222|0.0009922981262207|0.0014328956604003
76|25|0.7222222222222222|0.0009691715240478|0.0014717578887939
76|26|0.7222222222222222|0.0009825229644775|0.0016028881072998
76|27|0.7314814814814815|0.0010187625885009|0.0016140937805175
76|28|0.7407407407407407|0.0009853839874267|0.0016648769378662
76|29|0.7407407407407407|0.001004934310913|0.0016396045684814
76|30|0.7592592592592593|0.0010023117065429|0.0016779899597167
76|31|0.7592592592592593|0.0009939670562744|0.0017321109771728
76|32|0.7407407407407407|0.0009975433349609|0.0016970634460449
76|33|0.7407407407407407|0.0009911060333251|0.0018916130065917
76|34|0.7222222222222222|0.0010066032409667|0.0018045902252197
76|35|0.7407407407407407|0.0010130405426025|0.0018448829650878
76|36|0.75|0.0010585784912109|0.0019443035125732
76|37|0.7222222222222222|0.0010206699371337|0.0019361972808837
76|38|0.7407407407407407|0.0010643005371093|0.0019469261169433
76|39|0.75|0.0010602474212646|0.0020627975463867
76|40|0.75|0.0010898113250732|0.002065896987915
76|41|0.7592592592592593|0.0010356903076171|0.0020861625671386
76|42|0.75|0.0010855197906494|0.0022509098052978
76|43|0.7870370370370371|0.0010821819305419|0.002270221710205
76|44|0.7870370370370371|0.0010850429534912|0.0022203922271728
76|45|0.7777777777777778|0.0010578632354736|0.0022711753845214
76|46|0.7870370370370371|0.0010986328125|0.0022945404052734
76|47|0.7777777777777778|0.001103401184082|0.0022697448730468
76|48|0.7777777777777778|0.0011422634124755|0.0024161338806152
76|49|0.7777777777777778|0.0011568069458007|0.0023965835571289
76|50|0.7962962962962963|0.0011601448059082|0.0023720264434814
76|51|0.7962962962962963|0.0011589527130126|0.0024764537811279
76|52|0.7777777777777778|0.0011606216430664|0.0024654865264892
76|53|0.7962962962962963|0.0011465549468994|0.002593994140625
76|54|0.7777777777777778|0.0011548995971679|0.0027034282684326
76|55|0.7870370370370371|0.0011658668518066|0.0026490688323974
76|56|0.7777777777777778|0.001197338104248|0.0027048587799072
76|57|0.7962962962962963|0.0011730194091796|0.0026307106018066
76|58|0.7962962962962963|0.0012106895446777|0.0028572082519531
76|59|0.7962962962962963|0.0012245178222656|0.0027987957000732
76|60|0.8148148148148148|0.0012550354003906|0.0028674602508544
76|61|0.8055555555555556|0.0012059211730957|0.0027389526367187
76|62|0.7870370370370371|0.0012660026550292|0.0028707981109619
76|63|0.8148148148148148|0.0012078285217285|0.0028607845306396
76|64|0.8148148148148148|0.0012423992156982|0.0029702186584472
76|65|0.8055555555555556|0.0012364387512207|0.0028917789459228
76|66|0.7962962962962963|0.0012495517730712|0.0030686855316162
76|67|0.8055555555555556|0.0012810230255126|0.0030915737152099
76|68|0.8055555555555556|0.0012793540954589|0.0031044483184814
76|69|0.7962962962962963|0.0012805461883544|0.0031137466430664
76|70|0.8055555555555556|0.0013215541839599|0.0031569004058837
76|71|0.8055555555555556|0.0012931823730468|0.0031166076660156
76|72|0.8240740740740741|0.001314640045166|0.0032398700714111
76|73|0.8240740740740741|0.0013117790222167|0.0032501220703125
76|74|0.8148148148148148|0.0013513565063476|0.0033318996429443
76|75|0.8148148148148148|0.0013425350189208|0.0033679008483886
76|76|0.8148148148148148|0.0013666152954101|0.0034255981445312
76|77|0.8148148148148148|0.0013704299926757|0.0032539367675781
76|78|0.8148148148148148|0.0013716220855712|0.0032989978790283
76|79|0.8055555555555556|0.0014071464538574|0.0036160945892333
76|80|0.8148148148148148|0.0014140605926513|0.0033574104309082
76|81|0.8148148148148148|0.0014314651489257|0.0035281181335449
76|82|0.8148148148148148|0.001453161239624|0.0035557746887207
76|83|0.8148148148148148|0.0014574527740478|0.0037167072296142
76|84|0.8148148148148148|0.001479148864746|0.0037016868591308
76|85|0.8148148148148148|0.0014851093292236|0.0036385059356689
76|86|0.8148148148148148|0.0015003681182861|0.0037412643432617
76|87|0.8148148148148148|0.0015504360198974|0.0036706924438476
76|88|0.8148148148148148|0.0015604496002197|0.0036382675170898
76|89|0.8148148148148148|0.0015499591827392|0.0035884380340576
76|90|0.8148148148148148|0.0015835762023925|0.0039567947387695
76|91|0.8148148148148148|0.0015926361083984|0.0039167404174804
76|92|0.8148148148148148|0.0015935897827148|0.0036776065826416
76|93|0.8148148148148148|0.0016179084777832|0.0037119388580322
76|94|0.8148148148148148|0.0016219615936279|0.0037462711334228
76|95|0.8148148148148148|0.0017063617706298|0.0038533210754394
76|96|0.8148148148148148|0.0016942024230957|0.0037887096405029
76|97|0.8148148148148148|0.002037763595581|0.0039408206939697
76|98|0.8148148148148148|0.0017673969268798|0.0038738250732421
76|99|0.8148148148148148|0.0018413066864013|0.0038774013519287
76|100|0.8148148148148148|0.0017814636230468|0.0041782855987548
76|101|0.8148148148148148|0.0018353462219238|0.0044505596160888
76|102|0.8148148148148148|0.0018584728240966|0.0043094158172607
76|103|0.8148148148148148|0.0018892288208007|0.0039694309234619
76|104|0.8148148148148148|0.001857042312622|0.0039913654327392
76|105|0.8148148148148148|0.0018837451934814|0.0041377544403076
76|106|0.8148148148148148|0.0018670558929443|0.004382848739624
76|107|0.8148148148148148|0.0019838809967041|0.0042343139648437
76|108|0.8148148148148148|0.0019106864929199|0.0042390823364257
76|109|0.8148148148148148|0.0019326210021972|0.0042932033538818
76|110|0.8148148148148148|0.0019342899322509|0.0040509700775146
76|111|0.8148148148148148|0.0019197463989257|0.004251480102539
76|112|0.8148148148148148|0.0018846988677978|0.004291296005249
76|113|0.8148148148148148|0.0019083023071289|0.0044057369232177
76|114|0.8148148148148148|0.0019264221191406|0.0044271945953369
76|115|0.8148148148148148|0.0019457340240478|0.0041329860687255
76|116|0.8148148148148148|0.0019466876983642|0.0044226646423339
76|117|0.8148148148148148|0.0019533634185791|0.0045323371887207
76|118|0.8148148148148148|0.001936912536621|0.0044202804565429
76|119|0.8148148148148148|0.0019967555999755|0.0043938159942626
76|120|0.8148148148148148|0.0019576549530029|0.004479169845581
76|121|0.8148148148148148|0.001969575881958|0.0044467449188232
76|122|0.8148148148148148|0.0019879341125488|0.0041811466217041
76|123|0.8148148148148148|0.0019953250885009|0.0042932033538818
76|124|0.8148148148148148|0.0020031929016113|0.0044436454772949
76|125|0.8148148148148148|0.0019984245300292|0.0043549537658691
76|126|0.8148148148148148|0.0020225048065185|0.0043590068817138
76|127|0.8148148148148148|0.0020384788513183|0.004357099533081
76|128|0.8148148148148148|0.0020596981048583|0.0043864250183105
76|129|0.8148148148148148|0.0020654201507568|0.0042488574981689
76|130|0.8148148148148148|0.0020647048950195|0.0043718814849853
76|131|0.8148148148148148|0.0020806789398193|0.0046260356903076
76|132|0.8148148148148148|0.0020761489868164|0.0046126842498779
76|133|0.8148148148148148|0.0020952224731445|0.0043168067932128
76|134|0.8148148148148148|0.0021131038665771|0.0043427944183349
76|135|0.8148148148148148|0.0021328926086425|0.0046026706695556
76|136|0.8148148148148148|0.0021238327026367|0.0045335292816162
76|137|0.8148148148148148|0.0021400451660156|0.0046324729919433
76|138|0.8148148148148148|0.0021662712097167|0.0044217109680175
76|139|0.8148148148148148|0.0021486282348632|0.0046527385711669
76|140|0.8148148148148148|0.0021746158599853|0.0045599937438964
77|20|0.7592592592592593|0.0013093948364257|
77|21|0.7592592592592593|0.0009994506835937|0.0013518333435058
77|22|0.7592592592592593|0.0010426044464111|0.0013461112976074
77|23|0.7592592592592593|0.000995397567749|0.001483678817749
77|24|0.7685185185185185|0.0010232925415039|0.0014300346374511
77|25|0.7407407407407407|0.0010204315185546|0.0015387535095214
77|26|0.7407407407407407|0.0010251998901367|0.0015323162078857
77|27|0.7962962962962963|0.0010309219360351|0.0015730857849121
77|28|0.7870370370370371|0.0010409355163574|0.0017099380493164
77|29|0.7685185185185185|0.0010373592376708|0.0017347335815429
77|30|0.7777777777777778|0.0010552406311035|0.0018012523651123
77|31|0.7592592592592593|0.0010545253753662|0.0017616748809814
77|32|0.7592592592592593|0.0010993480682373|0.0017468929290771
77|33|0.7592592592592593|0.0010430812835693|0.0018229484558105
77|34|0.7592592592592593|0.0010690689086914|0.0018424987792968
77|35|0.7592592592592593|0.0010647773742675|0.0018692016601562
77|36|0.7777777777777778|0.0011003017425537|0.0019187927246093
77|37|0.7685185185185185|0.0010766983032226|0.0020704269409179
77|38|0.8055555555555556|0.0011656284332275|0.0020134449005126
77|39|0.7870370370370371|0.0011043548583984|0.0021412372589111
77|40|0.7962962962962963|0.0011548995971679|0.0021018981933593
77|41|0.8518518518518519|0.0010952949523925|0.0022187232971191
77|42|0.8240740740740741|0.0011305809020996|0.0021247863769531
77|43|0.8518518518518519|0.0011200904846191|0.0022876262664794
77|44|0.8240740740740741|0.0011496543884277|0.0022418498992919
77|45|0.8333333333333334|0.0011253356933593|0.0022394657135009
77|46|0.8333333333333334|0.0011858940124511|0.0024547576904296
77|47|0.8333333333333334|0.0011861324310302|0.002338171005249
77|48|0.8240740740740741|0.0012035369873046|0.0024325847625732
77|49|0.8148148148148148|0.0011677742004394|0.002507209777832
77|50|0.7962962962962963|0.0011847019195556|0.0024571418762207
77|51|0.8148148148148148|0.001169204711914|0.002648115158081
77|52|0.7962962962962963|0.0012276172637939|0.0024943351745605
77|53|0.7685185185185185|0.0012011528015136|0.0025320053100585
77|54|0.7777777777777778|0.0012521743774414|0.0025956630706787
77|55|0.7962962962962963|0.0012805461883544|0.0026280879974365
77|56|0.8148148148148148|0.0012977123260498|0.0026607513427734
77|57|0.8148148148148148|0.0012602806091308|0.0027351379394531
77|58|0.8333333333333334|0.0012764930725097|0.0027496814727783
77|59|0.8333333333333334|0.0012638568878173|0.0027663707733154
77|60|0.8240740740740741|0.0013144016265869|0.0029010772705078
77|61|0.8425925925925926|0.0012860298156738|0.0029101371765136
77|62|0.8333333333333334|0.0013279914855957|0.0029137134552001
77|63|0.8333333333333334|0.001298189163208|0.0029017925262451
77|64|0.8333333333333334|0.0013065338134765|0.0029530525207519
77|65|0.8333333333333334|0.0012972354888916|0.0030360221862792
77|66|0.8425925925925926|0.001326560974121|0.0030157566070556
77|67|0.8425925925925926|0.0013372898101806|0.0030667781829833
77|68|0.8425925925925926|0.0013880729675292|0.0030465126037597
77|69|0.8425925925925926|0.001415729522705|0.0030522346496582
77|70|0.8425925925925926|0.0014224052429199|0.003162145614624
77|71|0.8425925925925926|0.0014224052429199|0.0032401084899902
77|72|0.8425925925925926|0.0014355182647705|0.0031435489654541
77|73|0.8425925925925926|0.0014283657073974|0.0031719207763671
77|74|0.8240740740740741|0.0014369487762451|0.0033025741577148
77|75|0.8333333333333334|0.001453161239624|0.0034232139587402
77|76|0.8518518518518519|0.0014712810516357|0.00343918800354
77|77|0.8518518518518519|0.0014741420745849|0.0033714771270751
77|78|0.8425925925925926|0.0015399456024169|0.0033240318298339
77|79|0.8425925925925926|0.0015285015106201|0.0034053325653076
77|80|0.8518518518518519|0.0015544891357421|0.0036518573760986
77|81|0.8425925925925926|0.0015516281127929|0.0034301280975341
77|82|0.8425925925925926|0.001570701599121|0.0034701824188232
77|83|0.8518518518518519|0.0015652179718017|0.0034663677215576
77|84|0.8518518518518519|0.0016548633575439|0.0034825801849365
77|85|0.8518518518518519|0.0016701221466064|0.0035455226898193
77|86|0.8240740740740741|0.0016231536865234|0.0035567283630371
77|87|0.8240740740740741|0.0016367435455322|0.0035731792449951
77|88|0.8148148148148148|0.0016541481018066|0.0037226676940917
77|89|0.8240740740740741|0.0016510486602783|0.00364351272583
77|90|0.8240740740740741|0.0019645690917968|0.0037944316864013
77|91|0.8240740740740741|0.0017776489257812|0.0037288665771484
77|92|0.8240740740740741|0.0017554759979248|0.0037102699279785
77|93|0.8333333333333334|0.0028233528137207|0.0065028667449951
77|94|0.8333333333333334|0.0027258396148681|0.0067269802093505
77|95|0.8333333333333334|0.0018105506896972|0.0037844181060791
77|96|0.8333333333333334|0.0018897056579589|0.0038132667541503
77|97|0.8333333333333334|0.0017733573913574|0.003843069076538
77|98|0.8333333333333334|0.0021696090698242|0.0038726329803466
77|99|0.8333333333333334|0.0018339157104492|0.0039095878601074
77|100|0.8333333333333334|0.0018351078033447|0.0041689872741699
77|101|0.8333333333333334|0.0018301010131835|0.0039100646972656
77|102|0.8333333333333334|0.0019035339355468|0.0039186477661132
77|103|0.8333333333333334|0.0019078254699707|0.0042729377746582
77|104|0.8333333333333334|0.0018973350524902|0.0039432048797607
77|105|0.8333333333333334|0.0018761157989501|0.0039544105529785
77|106|0.8333333333333334|0.0018808841705322|0.0039508342742919
77|107|0.8333333333333334|0.0019319057464599|0.0039961338043212
77|108|0.8333333333333334|0.0019571781158447|0.0042846202850341
77|109|0.8333333333333334|0.0019447803497314|0.0040953159332275
77|110|0.8333333333333334|0.0019612312316894|0.0040187835693359
77|111|0.8333333333333334|0.0019669532775878|0.0040462017059326
77|112|0.8333333333333334|0.0019683837890625|0.0040361881256103
77|113|0.8333333333333334|0.0019605159759521|0.0043599605560302
77|114|0.8333333333333334|0.0019595623016357|0.0041351318359375
77|115|0.8333333333333334|0.0019760131835937|0.0040762424468994
77|116|0.8333333333333334|0.0020055770874023|0.0040864944458007
77|117|0.8333333333333334|0.0019690990447998|0.0041251182556152
77|118|0.8333333333333334|0.0020146369934082|0.0041587352752685
77|119|0.8333333333333334|0.0020248889923095|0.0041775703430175
77|120|0.8333333333333334|0.0020163059234619|0.0040907859802246
77|121|0.8333333333333334|0.0020604133605957|0.0041344165802001
77|122|0.8333333333333334|0.0020515918731689|0.004115343093872
77|123|0.8333333333333334|0.002077579498291|0.0041117668151855
77|124|0.8333333333333334|0.0020630359649658|0.0041382312774658
77|125|0.8333333333333334|0.0020327568054199|0.0041265487670898
77|126|0.8333333333333334|0.0020375251770019|0.0041818618774414
77|127|0.8333333333333334|0.0020167827606201|0.0041613578796386
77|128|0.8333333333333334|0.0020596981048583|0.004157543182373
77|129|0.8333333333333334|0.0020613670349121|0.0041580200195312
77|130|0.8333333333333334|0.0020577907562255|0.0041949748992919
77|131|0.8333333333333334|0.0020809173583984|0.0041849613189697
77|132|0.8333333333333334|0.0020883083343505|0.0042088031768798
77|133|0.8333333333333334|0.0021095275878906|0.0041902065277099
77|134|0.8333333333333334|0.0021250247955322|0.0041842460632324
77|135|0.8333333333333334|0.0021798610687255|0.0042517185211181
77|136|0.8333333333333334|0.0022072792053222|0.0043878555297851
77|137|0.8333333333333334|0.0021686553955078|0.0043179988861083
77|138|0.8425925925925926|0.0022625923156738|0.0045101642608642
77|139|0.8425925925925926|0.0022597312927246|0.0044097900390625
78|20|0.7407407407407407|0.00199556350708|
78|21|0.7685185185185185|0.0015668869018554|0.0023469924926757
78|22|0.7777777777777778|0.0016279220581054|0.0023365020751953
78|23|0.7685185185185185|0.0015223026275634|0.0023605823516845
78|24|0.7685185185185185|0.0009760856628417|0.0014662742614746
78|25|0.8055555555555556|0.0009496212005615|0.0014622211456298
78|26|0.8055555555555556|0.0009794235229492|0.0020167827606201
78|27|0.8148148148148148|0.0009727478027343|0.0014970302581787
78|28|0.7962962962962963|0.0009787082672119|0.0016090869903564
78|29|0.7962962962962963|0.0009756088256835|0.0016357898712158
78|30|0.7777777777777778|0.0009832382202148|0.0017316341400146
78|31|0.8055555555555556|0.0010011196136474|0.0017495155334472
78|32|0.7962962962962963|0.0009922981262207|0.0018093585968017
78|33|0.8055555555555556|0.0009965896606445|0.0018842220306396
78|34|0.8240740740740741|0.0009982585906982|0.0018074512481689
78|35|0.8240740740740741|0.0009882450103759|0.0019388198852539
78|36|0.8425925925925926|0.0010557174682617|0.0019083023071289
78|37|0.8518518518518519|0.0010139942169189|0.0019640922546386
78|38|0.8333333333333334|0.0010690689086914|0.0019729137420654
78|39|0.8333333333333334|0.0010192394256591|0.0019888877868652
78|40|0.8240740740740741|0.0010879039764404|0.002110481262207
78|41|0.8240740740740741|0.0010337829589843|0.0021629333496093
78|42|0.8333333333333334|0.0010633468627929|0.0021557807922363
78|43|0.8333333333333334|0.0010709762573242|0.0022227764129638
78|44|0.8240740740740741|0.0010802745819091|0.002321720123291
78|45|0.8148148148148148|0.0010449886322021|0.0022742748260498
78|46|0.8148148148148148|0.001105785369873|0.0023605823516845
78|47|0.8055555555555556|0.0010702610015869|0.002326488494873
78|48|0.8055555555555556|0.0011131763458251|0.0023095607757568
78|49|0.8240740740740741|0.0010714530944824|0.0024075508117675
78|50|0.7962962962962963|0.0011229515075683|0.0024299621582031
78|51|0.7870370370370371|0.0010859966278076|0.0025489330291748
78|52|0.7870370370370371|0.0011610984802246|0.0025668144226074
78|53|0.8148148148148148|0.0011045932769775|0.0025124549865722
78|54|0.8333333333333334|0.0011520385742187|0.0025501251220703
78|55|0.8055555555555556|0.0011272430419921|0.002558946609497
78|56|0.7962962962962963|0.0011706352233886|0.002657413482666
78|57|0.7592592592592593|0.0011401176452636|0.0026519298553466
78|58|0.7870370370370371|0.0011870861053466|0.0027284622192382
78|59|0.8148148148148148|0.0011522769927978|0.0027265548706054
78|60|0.8148148148148148|0.0011899471282958|0.0027787685394287
78|61|0.8148148148148148|0.0011863708496093|0.0028910636901855
78|62|0.8148148148148148|0.001220703125|0.0027928352355957
78|63|0.8148148148148148|0.0012018680572509|0.0028071403503417
78|64|0.7870370370370371|0.0012080669403076|0.0028741359710693
78|65|0.8055555555555556|0.0012049674987792|0.0028944015502929
78|66|0.8148148148148148|0.001237154006958|0.0031044483184814
78|67|0.8148148148148148|0.0012347698211669|0.0030798912048339
78|68|0.8240740740740741|0.0012392997741699|0.0030066967010498
78|69|0.8055555555555556|0.0012669563293457|0.0030415058135986
78|70|0.8240740740740741|0.0012576580047607|0.0030977725982666
78|71|0.8240740740740741|0.0012788772583007|0.0030772686004638
78|72|0.8240740740740741|0.0012869834899902|0.0031342506408691
78|73|0.8240740740740741|0.0013010501861572|0.0031368732452392
78|74|0.8333333333333334|0.0013232231140136|0.0032258033752441
78|75|0.8240740740740741|0.0013580322265625|0.0032079219818115
78|76|0.8240740740740741|0.0020890235900878|0.0036883354187011
78|77|0.8240740740740741|0.0021929740905761|0.0059762001037597
78|78|0.8333333333333334|0.0021858215332031|0.0060505867004394
78|79|0.8240740740740741|0.0022292137145996|0.0060713291168212
78|80|0.8333333333333334|0.0022950172424316|0.0061333179473876
78|81|0.8333333333333334|0.0014207363128662|0.0033578872680664
78|82|0.8333333333333334|0.0014469623565673|0.003483772277832
78|83|0.8333333333333334|0.0014770030975341|0.0035383701324462
78|84|0.8333333333333334|0.001476764678955|0.0035545825958251
78|85|0.8425925925925926|0.0014874935150146|0.003732681274414
78|86|0.8425925925925926|0.0014936923980712|0.0035896301269531
78|87|0.8425925925925926|0.0017211437225341|0.0036065578460693
78|88|0.8425925925925926|0.0015249252319335|0.0036416053771972
78|89|0.8425925925925926|0.0015408992767333|0.0036478042602539
78|90|0.8425925925925926|0.0018329620361328|0.0037658214569091
78|91|0.8425925925925926|0.0015838146209716|0.0037128925323486
78|92|0.8333333333333334|0.0015840530395507|0.0036280155181884
78|93|0.8425925925925926|0.0016016960144042|0.0037682056427001
78|94|0.8425925925925926|0.0016353130340576|0.0037856101989746
78|95|0.8425925925925926|0.0016610622406005|0.0037455558776855
78|96|0.8333333333333334|0.001666784286499|0.003861665725708
78|97|0.8333333333333334|0.0016601085662841|0.0038692951202392
78|98|0.8333333333333334|0.0017585754394531|0.0038573741912841
78|99|0.8333333333333334|0.0017879009246826|0.0038208961486816
78|100|0.8333333333333334|0.0017094612121582|0.0038580894470214
78|101|0.8333333333333334|0.001699686050415|0.0038778781890869
78|102|0.8333333333333334|0.0018031597137451|0.0038909912109375
78|103|0.8333333333333334|0.0018377304077148|0.0040433406829833
78|104|0.8333333333333334|0.0017526149749755|0.0039389133453369
78|105|0.8333333333333334|0.0017690658569335|0.0040602684020996
78|106|0.8333333333333334|0.0017595291137695|0.0040321350097656
78|107|0.8333333333333334|0.0018227100372314|0.0040748119354248
78|108|0.8333333333333334|0.0017919540405273|0.004073143005371
78|109|0.8333333333333334|0.0018064975738525|0.0040953159332275
78|110|0.8333333333333334|0.0018389225006103|0.0041139125823974
78|111|0.8333333333333334|0.0018482208251953|0.0040745735168457
78|112|0.8333333333333334|0.0018410682678222|0.0041236877441406
78|113|0.8333333333333334|0.0018458366394042|0.0041370391845703
78|114|0.8333333333333334|0.001845359802246|0.004035472869873
78|115|0.8333333333333334|0.0019011497497558|0.0041589736938476
78|116|0.8333333333333334|0.0018584728240966|0.0041685104370117
78|117|0.8333333333333334|0.0018653869628906|0.0042066574096679
78|118|0.8333333333333334|0.0018825531005859|0.0041124820709228
78|119|0.8333333333333334|0.0019130706787109|0.004183292388916
78|120|0.8333333333333334|0.0018894672393798|0.0040907859802246
78|121|0.8333333333333334|0.0019097328186035|0.0042033195495605
78|122|0.8333333333333334|0.0019066333770751|0.0042240619659423
78|123|0.8333333333333334|0.001941442489624|0.0041861534118652
78|124|0.8333333333333334|0.0019240379333496|0.0041370391845703
78|125|0.8333333333333334|0.0019118785858154|0.00421142578125
78|126|0.8333333333333334|0.0019595623016357|0.0042674541473388
78|127|0.8333333333333334|0.0019729137420654|0.0042529106140136
78|128|0.8333333333333334|0.0020034313201904|0.0041909217834472
78|129|0.8333333333333334|0.0023672580718994|0.0043046474456787
78|130|0.8333333333333334|0.0031523704528808|0.0077197551727294
78|131|0.8333333333333334|0.003145694732666|0.0077466964721679
78|132|0.8333333333333334|0.0031845569610595|0.007746934890747
78|133|0.8333333333333334|0.0020816326141357|0.0042431354522705
78|134|0.8333333333333334|0.0020592212677001|0.0043592453002929
78|135|0.8333333333333334|0.0020427703857421|0.0046210289001464
78|136|0.8333333333333334|0.0020561218261718|0.0048627853393554
78|137|0.8240740740740741|0.0020861625671386|0.0042507648468017
78|138|0.8240740740740741|0.0020842552185058|0.0043137073516845
78|139|0.8240740740740741|0.0021014213562011|0.0043864250183105
79|20|0.8055555555555556|0.001300573348999|
79|21|0.8240740740740741|0.0009610652923583|0.0013158321380615
79|22|0.8425925925925926|0.0010161399841308|0.0013096332550048
79|23|0.8425925925925926|0.0009560585021972|0.0013837814331054
79|24|0.8333333333333334|0.0009932518005371|0.0013539791107177
79|25|0.8333333333333334|0.0010080337524414|0.0014538764953613
79|26|0.8333333333333334|0.0009989738464355|0.0015015602111816
79|27|0.8055555555555556|0.0009739398956298|0.0015234947204589
79|28|0.7962962962962963|0.0009889602661132|0.0015325546264648
79|29|0.7962962962962963|0.0010156631469726|0.0016107559204101
79|30|0.7962962962962963|0.0010209083557128|0.0016345977783203
79|31|0.8240740740740741|0.0010163784027099|0.0016822814941406
79|32|0.8240740740740741|0.0009808540344238|0.0017049312591552
79|33|0.8148148148148148|0.0009729862213134|0.0017576217651367
79|34|0.8240740740740741|0.0010268688201904|0.0018067359924316
79|35|0.8240740740740741|0.0010185241699218|0.0018408298492431
79|36|0.8055555555555556|0.0010960102081298|0.0019397735595703
79|37|0.8240740740740741|0.0010015964508056|0.001915693283081
79|38|0.8240740740740741|0.0010669231414794|0.0019872188568115
79|39|0.8148148148148148|0.0010457038879394|0.0019881725311279
79|40|0.7962962962962963|0.001122236251831|0.0020482540130615
79|41|0.8055555555555556|0.0010457038879394|0.0020928382873535
79|42|0.7777777777777778|0.0010874271392822|0.00213623046875
79|43|0.8055555555555556|0.0010843276977539|0.0021297931671142
79|44|0.8148148148148148|0.0011065006256103|0.002209186553955
79|45|0.8240740740740741|0.0010538101196289|0.0022578239440917
79|46|0.8055555555555556|0.0011334419250488|0.0022401809692382
79|47|0.7962962962962963|0.0010778903961181|0.0022962093353271
79|48|0.8055555555555556|0.0011639595031738|0.0023033618927001
79|49|0.8240740740740741|0.0011115074157714|0.0023479461669921
79|50|0.8148148148148148|0.0011324882507324|0.0024573802947998
79|51|0.8240740740740741|0.0010950565338134|0.0023920536041259
79|52|0.8055555555555556|0.0011425018310546|0.0024261474609375
79|53|0.8333333333333334|0.001115083694458|0.002453327178955
79|54|0.8240740740740741|0.0011940002441406|0.0025210380554199
79|55|0.8518518518518519|0.0011548995971679|0.002551794052124
79|56|0.8148148148148148|0.0012011528015136|0.0025775432586669
79|57|0.8425925925925926|0.0011515617370605|0.0026814937591552
79|58|0.8333333333333334|0.0012111663818359|0.0026042461395263
79|59|0.8333333333333334|0.0011610984802246|0.0026330947875976
79|60|0.8425925925925926|0.0012798309326171|0.0026874542236328
79|61|0.8425925925925926|0.0011940002441406|0.0027439594268798
79|62|0.8425925925925926|0.001267671585083|0.002777099609375
79|63|0.8425925925925926|0.0012042522430419|0.0027742385864257
79|64|0.8425925925925926|0.0012166500091552|0.0029637813568115
79|65|0.8518518518518519|0.00120210647583|0.0028512477874755
79|66|0.8148148148148148|0.0012311935424804|0.0032567977905273
79|67|0.8240740740740741|0.001237154006958|0.0029382705688476
79|68|0.8148148148148148|0.0012261867523193|0.0029976367950439
79|69|0.8148148148148148|0.0012402534484863|0.0030224323272705
79|70|0.8240740740740741|0.0012478828430175|0.003049612045288
79|71|0.8240740740740741|0.0012707710266113|0.0030648708343505
79|72|0.8425925925925926|0.0012791156768798|0.0030887126922607
79|73|0.8425925925925926|0.0013020038604736|0.0030958652496337
79|74|0.8425925925925926|0.0013301372528076|0.0031886100769042
79|75|0.8333333333333334|0.0013284683227539|0.003347635269165
79|76|0.8240740740740741|0.0013537406921386|0.0032694339752197
79|77|0.8240740740740741|0.0013380050659179|0.0032832622528076
79|78|0.8240740740740741|0.0013649463653564|0.0032620429992675
79|79|0.8240740740740741|0.0013566017150878|0.0032656192779541
79|80|0.8333333333333334|0.0014154911041259|0.0033276081085205
79|81|0.8240740740740741|0.0014166831970214|0.0033650398254394
79|82|0.8333333333333334|0.0014064311981201|0.0033726692199707
79|83|0.8333333333333334|0.0017354488372802|0.0036602020263671
79|84|0.8333333333333334|0.0015094280242919|0.0034589767456054
79|85|0.8333333333333334|0.0014700889587402|0.0034542083740234
79|86|0.8333333333333334|0.0014643669128417|0.0034544467926025
79|87|0.8240740740740741|0.0015268325805664|0.0036718845367431
79|88|0.8333333333333334|0.0015301704406738|0.0035939216613769
79|89|0.8240740740740741|0.001528263092041|0.0035622119903564
79|90|0.8240740740740741|0.0015285015106201|0.0035498142242431
79|91|0.8333333333333334|0.0015952587127685|0.0035982131958007
79|92|0.8333333333333334|0.0015637874603271|0.0036773681640625
79|93|0.8333333333333334|0.0015709400177001|0.0036299228668212
79|94|0.8333333333333334|0.0016202926635742|0.0038878917694091
79|95|0.8333333333333334|0.0016329288482666|0.0037171840667724
79|96|0.8333333333333334|0.0016183853149414|0.003692626953125
79|97|0.8333333333333334|0.001659870147705|0.0037388801574707
79|98|0.8333333333333334|0.0016539096832275|0.0038099288940429
79|99|0.8333333333333334|0.0017087459564208|0.0038433074951171
79|100|0.8333333333333334|0.0016591548919677|0.0038456916809082
79|101|0.8333333333333334|0.0016975402832031|0.0038111209869384
79|102|0.8333333333333334|0.0017166137695312|0.0039217472076416
79|103|0.8333333333333334|0.0017588138580322|0.0039567947387695
79|104|0.8240740740740741|0.0017883777618408|0.0039474964141845
79|105|0.8240740740740741|0.0017871856689453|0.0043292045593261
79|106|0.8240740740740741|0.001821756362915|0.004180908203125
79|107|0.8240740740740741|0.001863956451416|0.0040063858032226
79|108|0.8240740740740741|0.0018510818481445|0.0040018558502197
79|109|0.8240740740740741|0.0018310546875|0.0040369033813476
79|110|0.8240740740740741|0.0018568038940429|0.0040333271026611
79|111|0.8240740740740741|0.0018861293792724|0.0043127536773681
79|112|0.8240740740740741|0.0018894672393798|0.0041062831878662
79|113|0.8240740740740741|0.0018713474273681|0.0040736198425292
79|114|0.8240740740740741|0.0018723011016845|0.0041203498840332
79|115|0.8240740740740741|0.0019207000732421|0.0041069984436035
79|116|0.8240740740740741|0.0018789768218994|0.0041096210479736
79|117|0.8240740740740741|0.0018856525421142|0.0041453838348388
79|118|0.8240740740740741|0.0018830299377441|0.0041754245758056
79|119|0.8240740740740741|0.0019280910491943|0.0042037963867187
79|120|0.8240740740740741|0.0019197463989257|0.0041761398315429
79|121|0.8240740740740741|0.0019342899322509|0.0043072700500488
79|122|0.8240740740740741|0.0019671916961669|0.00429368019104
79|123|0.8240740740740741|0.0020046234130859|0.0042750835418701
79|124|0.8240740740740741|0.0019772052764892|0.0042221546173095
79|125|0.8240740740740741|0.0019850730895996|0.0042786598205566
79|126|0.8240740740740741|0.0019948482513427|0.0044686794281005
79|127|0.8240740740740741|0.0020074844360351|0.004401683807373
79|128|0.8240740740740741|0.0020091533660888|0.004267930984497
79|129|0.8240740740740741|0.0020017623901367|0.0042283535003662
79|130|0.8240740740740741|0.0020568370819091|0.004260778427124
79|131|0.8240740740740741|0.0020422935485839|0.0042476654052734
79|132|0.8240740740740741|0.0020360946655273|0.004288911819458
79|133|0.8240740740740741|0.0020689964294433|0.0043122768402099
79|134|0.8240740740740741|0.0020523071289062|0.0043003559112548
79|135|0.8240740740740741|0.0021045207977294|0.0042741298675537
79|136|0.8240740740740741|0.002103567123413|0.0042834281921386
79|137|0.8240740740740741|0.0021069049835205|0.0043413639068603
79|138|0.8240740740740741|0.0020952224731445|0.0043113231658935
79|139|0.8240740740740741|0.0021166801452636|0.0043020248413085
75|140|0.8148148148148148|0.0021157264709472|0.0044810771942138
75|141|0.8148148148148148|0.0021319389343261|0.0045938491821289
75|142|0.8148148148148148|0.0021507740020751|0.0045709609985351
75|143|0.8148148148148148|0.0021784305572509|0.0045561790466308
75|144|0.8148148148148148|0.0022032260894775|0.0043866634368896
75|145|0.8148148148148148|0.0022087097167968|0.0044941902160644
75|146|0.8148148148148148|0.0022263526916503|0.0045580863952636
75|147|0.8148148148148148|0.0022544860839843|0.0046184062957763
75|148|0.8148148148148148|0.0022189617156982|0.0045206546783447
75|149|0.8148148148148148|0.002251386642456|0.0044858455657958
75|150|0.8148148148148148|0.0022444725036621|0.0045504570007324
75|151|0.8240740740740741|0.0024187564849853|0.0046451091766357
75|152|0.8240740740740741|0.002286672592163|0.0046560764312744
75|153|0.8240740740740741|0.0022974014282226|0.0045897960662841
75|154|0.8240740740740741|0.0023081302642822|0.0046358108520507
75|155|0.8240740740740741|0.0022981166839599|0.004638671875
75|156|0.8240740740740741|0.0023186206817626|0.0045633316040039
75|157|0.8240740740740741|0.0023102760314941|0.0046470165252685
75|158|0.8240740740740741|0.0023236274719238|0.0046479701995849
75|159|0.8240740740740741|0.0023550987243652|0.0045444965362548
75|160|0.8240740740740741|0.0023589134216308|0.0045199394226074
75|161|0.8240740740740741|0.0023550987243652|0.0044453144073486
75|162|0.8240740740740741|0.0023705959320068|0.0046799182891845
72|140|0.8518518518518519|0.0023455619812011|0.0046143531799316
72|141|0.8518518518518519|0.0023233890533447|0.0043826103210449
72|142|0.8518518518518519|0.0023386478424072|0.0043845176696777
72|143|0.8518518518518519|0.0023880004882812|0.0045709609985351
72|144|0.8518518518518519|0.002342939376831|0.0043871402740478
72|145|0.8518518518518519|0.0023448467254638|0.00449800491333
72|146|0.8518518518518519|0.0023334026336669|0.0045032501220703
72|147|0.8518518518518519|0.0023274421691894|0.0045125484466552
72|148|0.8518518518518519|0.0023639202117919|0.0045347213745117
72|149|0.8518518518518519|0.0023481845855712|0.0044169425964355
72|150|0.8518518518518519|0.002392292022705|0.0044529438018798
72|151|0.8518518518518519|0.0023622512817382|0.0044319629669189
72|152|0.8518518518518519|0.002378225326538|0.004451036453247
72|153|0.8518518518518519|0.0024168491363525|0.0044188499450683
72|154|0.8518518518518519|0.0023944377899169|0.0045194625854492
72|155|0.8518518518518519|0.0024070739746093|0.0044195652008056
72|156|0.8518518518518519|0.0024118423461914|0.0044407844543457
72|157|0.8518518518518519|0.0023927688598632|0.0044052600860595
72|158|0.8518518518518519|0.0023837089538574|0.004425048828125
72|159|0.8518518518518519|0.0024394989013671|0.0044224262237548
72|160|0.8518518518518519|0.0024299621582031|0.0044212341308593
72|161|0.8518518518518519|0.0024363994598388|0.0044810771942138
72|162|0.8518518518518519|0.0024425983428955|0.0044503211975097
71|140|0.8425925925925926|0.0022916793823242|0.0047123432159423
71|141|0.8425925925925926|0.0023362636566162|0.0048205852508544
71|142|0.8425925925925926|0.0023927688598632|0.0046415328979492
71|143|0.8425925925925926|0.0023741722106933|0.0047264099121093
71|144|0.8425925925925926|0.0023963451385498|0.0046486854553222
71|145|0.8425925925925926|0.0024249553680419|0.0047223567962646
71|146|0.8425925925925926|0.0024542808532714|0.0045187473297119
71|147|0.8425925925925926|0.0024487972259521|0.0043809413909912
71|148|0.8425925925925926|0.0024654865264892|0.0045809745788574
71|149|0.8425925925925926|0.0024676322937011|0.0047471523284912
71|150|0.8425925925925926|0.0024871826171875|0.0045390129089355
71|151|0.8425925925925926|0.0025241374969482|0.0046007633209228
71|152|0.8425925925925926|0.002490758895874|0.0046658515930175
71|153|0.8425925925925926|0.0025217533111572|0.0045473575592041
71|154|0.8425925925925926|0.0025267601013183|0.0043916702270507
71|155|0.8425925925925926|0.0025289058685302|0.0043935775756835
71|156|0.8425925925925926|0.0024721622467041|0.0047292709350585
71|157|0.8425925925925926|0.0024971961975097|0.0049407482147216
71|158|0.8425925925925926|0.0024969577789306|0.0049135684967041
71|159|0.8425925925925926|0.0025093555450439|0.0044023990631103
71|160|0.8425925925925926|0.002511978149414|0.0044007301330566
71|161|0.8425925925925926|0.0025062561035156|0.004915714263916
71|162|0.8425925925925926|0.0025825500488281|0.0047311782836914
70|140|0.8611111111111112|0.002181053161621|0.0045959949493408
70|141|0.8611111111111112|0.0022053718566894|0.0046181678771972
70|142|0.8611111111111112|0.0021677017211914|0.0047018527984619
70|143|0.8611111111111112|0.0021758079528808|0.0043559074401855
70|144|0.8611111111111112|0.0022542476654052|0.0046422481536865
70|145|0.8611111111111112|0.0022459030151367|0.004697561264038
70|146|0.8611111111111112|0.0022461414337158|0.0044538974761962
70|147|0.8611111111111112|0.0022711753845214|0.0046963691711425
70|148|0.8611111111111112|0.0022993087768554|0.0045909881591796
70|149|0.8611111111111112|0.0022864341735839|0.0046048164367675
70|150|0.8611111111111112|0.0023021697998046|0.0047047138214111
70|151|0.8611111111111112|0.0022933483123779|0.0045678615570068
70|152|0.8611111111111112|0.0023200511932373|0.0048017501831054
70|153|0.8611111111111112|0.0022845268249511|0.0044131278991699
70|154|0.8611111111111112|0.0022783279418945|0.0048141479492187
70|155|0.8611111111111112|0.0022962093353271|0.004645824432373
70|156|0.8611111111111112|0.0023317337036132|0.0044736862182617
70|157|0.8611111111111112|0.0023164749145507|0.0044093132019042
70|158|0.8611111111111112|0.002326488494873|0.0044779777526855
70|159|0.8611111111111112|0.0024034976959228|0.0044391155242919
70|160|0.8611111111111112|0.0025172233581542|0.0046939849853515
70|161|0.8611111111111112|0.002558946609497|0.0044562816619873
70|162|0.8611111111111112|0.0026235580444335|0.0046899318695068
73|140|0.8611111111111112|0.0022299289703369|0.0048499107360839
73|141|0.8611111111111112|0.0022673606872558|0.0049116611480712
73|142|0.8611111111111112|0.0022709369659423|0.0047004222869873
73|143|0.8611111111111112|0.0022566318511962|0.0048267841339111
73|144|0.8611111111111112|0.0022733211517333|0.004756212234497
73|145|0.8611111111111112|0.0022754669189453|0.0048930644989013
73|146|0.8611111111111112|0.0022742748260498|0.0048933029174804
73|147|0.8611111111111112|0.0023157596588134|0.0045418739318847
73|148|0.8611111111111112|0.002303123474121|0.00480318069458
73|149|0.8611111111111112|0.0023267269134521|0.0047426223754882
73|150|0.8611111111111112|0.0023150444030761|0.0046291351318359
73|151|0.8611111111111112|0.002364158630371|0.0049898624420166
73|152|0.8611111111111112|0.0023579597473144|0.0048882961273193
73|153|0.8611111111111112|0.0023479461669921|0.0049018859863281
73|154|0.8611111111111112|0.00236177444458|0.0047798156738281
73|155|0.8611111111111112|0.0023727416992187|0.0047852993011474
73|156|0.8611111111111112|0.0023620128631591|0.0046572685241699
73|157|0.8611111111111112|0.0024106502532958|0.0046885013580322
73|158|0.8611111111111112|0.0023877620697021|0.0047969818115234
73|159|0.8611111111111112|0.0024158954620361|0.004967451095581
73|160|0.8611111111111112|0.0026078224182128|0.0048866271972656
73|161|0.8611111111111112|0.0025944709777832|0.0046689510345458
73|162|0.8611111111111112|0.0025994777679443|0.0046663284301757
76|141|0.8148148148148148|0.002181053161621|0.004488468170166
76|142|0.8148148148148148|0.0022034645080566|0.0045537948608398
76|143|0.8148148148148148|0.0022194385528564|0.0044741630554199
76|144|0.8148148148148148|0.0022151470184326|0.0044777393341064
76|145|0.8148148148148148|0.0022177696228027|0.0045666694641113
76|146|0.8148148148148148|0.0022346973419189|0.0045833587646484
76|147|0.8148148148148148|0.0022828578948974|0.0046558380126953
76|148|0.8148148148148148|0.002277135848999|0.0045835971832275
76|149|0.8148148148148148|0.0022568702697753|0.0047156810760498
76|150|0.8148148148148148|0.0022821426391601|0.004488468170166
76|151|0.8148148148148148|0.0022699832916259|0.0045642852783203
76|152|0.8148148148148148|0.0022962093353271|0.0045094490051269
76|153|0.8148148148148148|0.0022864341735839|0.0045995712280273
76|154|0.8148148148148148|0.002312421798706|0.0043926239013671
76|155|0.8148148148148148|0.0023174285888671|0.004392385482788
76|156|0.8148148148148148|0.0023062229156494|0.0044138431549072
76|157|0.8148148148148148|0.0023460388183593|0.0047380924224853
76|158|0.8148148148148148|0.0023367404937744|0.004667043685913
76|159|0.8148148148148148|0.0024464130401611|0.0045585632324218
76|160|0.8148148148148148|0.0025370121002197|0.0046510696411132
76|161|0.8148148148148148|0.002565860748291|0.0046727657318115
76|162|0.8148148148148148|0.0025436878204345|0.0045678615570068
74|139|0.8518518518518519|0.0023243427276611|0.0044128894805908
74|140|0.8518518518518519|0.0023362636566162|0.0045418739318847
74|141|0.8518518518518519|0.0023512840270996|0.0044317245483398
74|142|0.8518518518518519|0.0023396015167236|0.0043952465057373
74|143|0.8518518518518519|0.0023624897003173|0.0044770240783691
74|144|0.8518518518518519|0.0023586750030517|0.0044665336608886
74|145|0.8518518518518519|0.0023927688598632|0.0045430660247802
74|146|0.8518518518518519|0.0023908615112304|0.0045523643493652
74|147|0.8518518518518519|0.0024187564849853|0.0044565200805664
74|148|0.8518518518518519|0.0023896694183349|0.004448652267456
74|149|0.8518518518518519|0.0024256706237792|0.0044155120849609
74|150|0.8611111111111112|0.0024206638336181|0.0044498443603515
74|151|0.8611111111111112|0.0024237632751464|0.0044524669647216
74|152|0.8611111111111112|0.0024430751800537|0.004460334777832
74|153|0.8611111111111112|0.0024721622467041|0.0044310092926025
74|154|0.8611111111111112|0.0024347305297851|0.0044231414794921
74|155|0.8611111111111112|0.002439260482788|0.0044519901275634
74|156|0.8611111111111112|0.0024600028991699|0.0045835971832275
74|157|0.8611111111111112|0.0024788379669189|0.0044200420379638
74|158|0.8611111111111112|0.002471923828125|0.0045611858367919
74|159|0.8611111111111112|0.0024964809417724|0.0045714378356933
74|160|0.8611111111111112|0.0025205612182617|0.0044453144073486
74|161|0.8611111111111112|0.0026254653930664|0.0044775009155273
74|162|0.8611111111111112|0.0027568340301513|0.0046489238739013
77|140|0.8425925925925926|0.0022511482238769|0.0046677589416503
77|141|0.8425925925925926|0.002272605895996|0.0043442249298095
77|142|0.8425925925925926|0.0022890567779541|0.0046348571777343
77|143|0.8425925925925926|0.0023069381713867|0.004359483718872
77|144|0.8425925925925926|0.0022709369659423|0.0043363571166992
77|145|0.8425925925925926|0.0023152828216552|0.0043287277221679
77|146|0.8425925925925926|0.0022766590118408|0.0043220520019531
77|147|0.8425925925925926|0.0022938251495361|0.0043566226959228
77|148|0.8425925925925926|0.0023210048675537|0.004368782043457
77|149|0.8425925925925926|0.0023820400238037|0.0044074058532714
77|150|0.8425925925925926|0.0023715496063232|0.0043485164642333
77|151|0.8425925925925926|0.0024249553680419|0.0047786235809326
77|152|0.8425925925925926|0.00240159034729|0.0043737888336181
77|153|0.8425925925925926|0.0024170875549316|0.0043785572052001
77|154|0.8425925925925926|0.0024032592773437|0.0044820308685302
77|155|0.8425925925925926|0.0024330615997314|0.0044915676116943
77|156|0.8425925925925926|0.0024874210357666|0.0043601989746093
77|157|0.8425925925925926|0.0025248527526855|0.0044083595275878
77|158|0.8425925925925926|0.0025606155395507|0.0044324398040771
77|159|0.8425925925925926|0.0027520656585693|0.0046989917755126
77|160|0.8425925925925926|0.0025937557220458|0.0042996406555175
77|161|0.8425925925925926|0.0025722980499267|0.0043811798095703
77|162|0.8425925925925926|0.0025055408477783|0.0042333602905273
78|140|0.8240740740740741|0.0020885467529296|0.0045468807220458
78|141|0.8240740740740741|0.002089500427246|0.0044488906860351
78|142|0.8240740740740741|0.0020983219146728|0.004335880279541
78|143|0.8333333333333334|0.0021626949310302|0.0044560432434082
78|144|0.8333333333333334|0.0021727085113525|0.0044655799865722
78|145|0.8333333333333334|0.0021827220916748|0.0043740272521972
78|146|0.8333333333333334|0.0021913051605224|0.0044739246368408
78|147|0.8333333333333334|0.0022089481353759|0.0044529438018798
78|148|0.8333333333333334|0.0022096633911132|0.0045981407165527
78|149|0.8333333333333334|0.0034635066986083|0.0080471038818359
78|150|0.8333333333333334|0.0034232139587402|0.0080578327178955
78|151|0.8333333333333334|0.0036497116088867|0.0080316066741943
78|152|0.8333333333333334|0.0023596286773681|0.0050141811370849
78|153|0.8333333333333334|0.0024445056915283|0.0045723915100097
78|154|0.8333333333333334|0.0023505687713623|0.0045232772827148
78|155|0.8333333333333334|0.0024161338806152|0.0045084953308105
78|156|0.8333333333333334|0.0025033950805664|0.0044338703155517
78|157|0.8333333333333334|0.002601146697998|0.0044970512390136
78|158|0.8333333333333334|0.0025713443756103|0.004493236541748
78|159|0.8333333333333334|0.0024218559265136|0.0046024322509765
78|160|0.8333333333333334|0.0023870468139648|0.0043284893035888
78|161|0.8333333333333334|0.0021486282348632|0.0042371749877929
78|162|0.8333333333333334|0.002120018005371|0.0042004585266113
79|140|0.8240740740740741|0.0021002292633056|0.0043566226959228
79|141|0.8240740740740741|0.0021059513092041|0.004396915435791
79|142|0.8240740740740741|0.0021212100982666|0.0043263435363769
79|143|0.8240740740740741|0.0021216869354248|0.0047316551208496
79|144|0.8240740740740741|0.0021388530731201|0.0043880939483642
79|145|0.8240740740740741|0.0021309852600097|0.004343032836914
79|146|0.8240740740740741|0.0021791458129882|0.0043840408325195
79|147|0.8240740740740741|0.0021722316741943|0.0044009685516357
79|148|0.8240740740740741|0.0021555423736572|0.0045583248138427
79|149|0.8240740740740741|0.002187967300415|0.0046217441558837
79|150|0.8240740740740741|0.0022859573364257|0.0043394565582275
79|151|0.8240740740740741|0.0023214817047119|0.0043966770172119
79|152|0.8240740740740741|0.0023975372314453|0.0043952465057373
79|153|0.8240740740740741|0.0025835037231445|0.0043671131134033
79|154|0.8240740740740741|0.0023384094238281|0.0044009685516357
79|155|0.8240740740740741|0.0024580955505371|0.0045158863067626
79|156|0.8240740740740741|0.0025863647460937|0.0044367313385009
79|157|0.8240740740740741|0.0025596618652343|0.0044918060302734
79|158|0.8240740740740741|0.0024795532226562|0.0045225620269775
79|159|0.8240740740740741|0.0023598670959472|0.0043034553527832
79|160|0.8240740740740741|0.0023787021636962|0.0042295455932617
79|161|0.8240740740740741|0.002077579498291|0.0040593147277832
79|162|0.8240740740740741|0.002105712890625|0.004129409790039
84|20|0.7314814814814815|0.0012431144714355|
84|21|0.7870370370370371|0.0009496212005615|0.001307725906372
84|22|0.7870370370370371|0.0010006427764892|0.001300573348999
84|23|0.8148148148148148|0.000953197479248|0.0013825893402099
84|24|0.8425925925925926|0.0010240077972412|0.0013859272003173
84|25|0.8148148148148148|0.0009632110595703|0.0014233589172363
84|26|0.8055555555555556|0.0009777545928955|0.0014722347259521
84|27|0.8148148148148148|0.0009667873382568|0.0015327930450439
84|28|0.8148148148148148|0.0011017322540283|0.0015652179718017
84|29|0.8240740740740741|0.000981330871582|0.0016124248504638
84|30|0.8333333333333334|0.0009961128234863|0.0016558170318603
84|31|0.8333333333333334|0.000993013381958|0.0016820430755615
84|32|0.8240740740740741|0.0010242462158203|0.0017268657684326
84|33|0.8148148148148148|0.0010015964508056|0.0017695426940917
84|34|0.8055555555555556|0.0010151863098144|0.0017993450164794
84|35|0.8148148148148148|0.0010051727294921|0.0018479824066162
84|36|0.8240740740740741|0.0010426044464111|0.0018982887268066
84|37|0.8148148148148148|0.0010397434234619|0.0019383430480957
84|38|0.8055555555555556|0.0010626316070556|0.0019707679748535
84|39|0.8148148148148148|0.0010445117950439|0.0019865036010742
84|40|0.8240740740740741|0.0010814666748046|0.0020051002502441
84|41|0.8240740740740741|0.0010366439819335|0.0020575523376464
84|42|0.7962962962962963|0.0010709762573242|0.0021026134490966
84|43|0.8055555555555556|0.0010576248168945|0.0021374225616455
84|44|0.7962962962962963|0.0010843276977539|0.0021617412567138
84|45|0.8148148148148148|0.0010509490966796|0.0022025108337402
84|46|0.8148148148148148|0.0010967254638671|0.0022478103637695
84|47|0.8055555555555556|0.0010683536529541|0.0022909641265869
84|48|0.8148148148148148|0.0011267662048339|0.0022926330566406
84|49|0.8055555555555556|0.0010855197906494|0.0023303031921386
84|50|0.8240740740740741|0.0011413097381591|0.0024001598358154
84|51|0.8240740740740741|0.0010967254638671|0.0024380683898925
84|52|0.8148148148148148|0.0011482238769531|0.0024681091308593
84|53|0.8148148148148148|0.0011241436004638|0.0025031566619873
84|54|0.8148148148148148|0.0011670589447021|0.0026094913482666
84|55|0.8055555555555556|0.0011453628540039|0.0025548934936523
84|56|0.8055555555555556|0.0012280941009521|0.0026369094848632
84|57|0.8240740740740741|0.0011811256408691|0.0027527809143066
84|58|0.8240740740740741|0.0012059211730957|0.0027072429656982
84|59|0.8240740740740741|0.0011658668518066|0.0027246475219726
84|60|0.8333333333333334|0.0012285709381103|0.002739667892456
84|61|0.8333333333333334|0.0011851787567138|0.0028102397918701
84|62|0.8333333333333334|0.0012483596801757|0.0027852058410644
84|63|0.8425925925925926|0.001225471496582|0.002819538116455
84|64|0.8240740740740741|0.0012319087982177|0.0029077529907226
84|65|0.8240740740740741|0.0012283325195312|0.0028891563415527
84|66|0.8240740740740741|0.0012385845184326|0.0028975009918212
84|67|0.8240740740740741|0.0012507438659667|0.0029587745666503
84|68|0.8240740740740741|0.0012660026550292|0.0030832290649414
84|69|0.8148148148148148|0.0012564659118652|0.003019094467163
84|70|0.8333333333333334|0.0012743473052978|0.0030393600463867
84|71|0.8148148148148148|0.0012695789337158|0.0030560493469238
84|72|0.8148148148148148|0.0013060569763183|0.0030934810638427
84|73|0.8148148148148148|0.0012950897216796|0.0031335353851318
84|74|0.8240740740740741|0.0013113021850585|0.0031542778015136
84|75|0.8148148148148148|0.0013239383697509|0.0032169818878173
84|76|0.8240740740740741|0.0013535022735595|0.0032479763031005
84|77|0.8240740740740741|0.0013856887817382|0.0033020973205566
84|78|0.8148148148148148|0.0013787746429443|0.003307819366455
84|79|0.8055555555555556|0.0014717578887939|0.0033638477325439
84|80|0.8055555555555556|0.0014104843139648|0.0035037994384765
84|81|0.8055555555555556|0.0014727115631103|0.0034952163696289
84|82|0.8055555555555556|0.0014352798461914|0.0033977031707763
84|83|0.8055555555555556|0.0014429092407226|0.0034210681915283
84|84|0.8055555555555556|0.0014564990997314|0.0034410953521728
84|85|0.8055555555555556|0.001462697982788|0.0036041736602783
84|86|0.8055555555555556|0.0014827251434326|0.0034749507904052
84|87|0.8148148148148148|0.001509666442871|0.0035173892974853
84|88|0.8148148148148148|0.0015261173248291|0.0035552978515625
84|89|0.8148148148148148|0.0015439987182617|0.0035715103149414
84|90|0.8148148148148148|0.0015552043914794|0.0036115646362304
84|91|0.8148148148148148|0.0015556812286376|0.0036101341247558
84|92|0.8148148148148148|0.0015861988067626|0.0036423206329345
84|93|0.8148148148148148|0.0015990734100341|0.0036799907684326
84|94|0.8148148148148148|0.0016050338745117|0.0038549900054931
84|95|0.8148148148148148|0.001638650894165|0.0037257671356201
84|96|0.8148148148148148|0.0026051998138427|0.0053274631500244
84|97|0.8148148148148148|0.0017051696777343|0.003857135772705
84|98|0.8148148148148148|0.0017189979553222|0.0038614273071289
84|99|0.8148148148148148|0.0017778873443603|0.0038337707519531
84|100|0.8240740740740741|0.0017120838165283|0.0038902759552001
84|101|0.8240740740740741|0.0017211437225341|0.0038752555847167
84|102|0.8240740740740741|0.0017433166503906|0.0039293766021728
84|103|0.8240740740740741|0.0017800331115722|0.0039081573486328
84|104|0.8240740740740741|0.0017857551574707|0.0039374828338623
84|105|0.8240740740740741|0.0017905235290527|0.0039827823638916
84|106|0.8240740740740741|0.0018045902252197|0.003981590270996
84|107|0.8240740740740741|0.0018856525421142|0.0040194988250732
84|108|0.8240740740740741|0.0018622875213623|0.0041983127593994
84|109|0.8240740740740741|0.0018641948699951|0.0040390491485595
84|110|0.8240740740740741|0.0018680095672607|0.0040843486785888
84|111|0.8240740740740741|0.0019123554229736|0.0040605068206787
84|112|0.8240740740740741|0.0019245147705078|0.0041601657867431
84|113|0.8240740740740741|0.0018930435180664|0.0041558742523193
84|114|0.8240740740740741|0.0019059181213378|0.0040962696075439
84|115|0.8240740740740741|0.0019495487213134|0.0041210651397705
84|116|0.8240740740740741|0.0019681453704833|0.0045185089111328
84|117|0.8240740740740741|0.001924991607666|0.0041742324829101
84|118|0.8240740740740741|0.0019493103027343|0.0041925907135009
84|119|0.8240740740740741|0.0019776821136474|0.0041813850402832
84|120|0.8240740740740741|0.0019693374633789|0.0041322708129882
84|121|0.8240740740740741|0.0019636154174804|0.0041620731353759
84|122|0.8240740740740741|0.0019576549530029|0.0043785572052001
84|123|0.8240740740740741|0.0020332336425781|0.0042004585266113
84|124|0.8240740740740741|0.001976728439331|0.0041871070861816
84|125|0.8240740740740741|0.0020041465759277|0.0041992664337158
84|126|0.8240740740740741|0.0019953250885009|0.0041971206665039
84|127|0.8240740740740741|0.0020508766174316|0.0041959285736083
84|128|0.8240740740740741|0.0020766258239746|0.0042207241058349
84|129|0.8240740740740741|0.002084732055664|0.0042533874511718
84|130|0.8240740740740741|0.0020828247070312|0.0042769908905029
84|131|0.8240740740740741|0.0021414756774902|0.0043375492095947
84|132|0.8240740740740741|0.0021183490753173|0.0045149326324462
84|133|0.8240740740740741|0.0021154880523681|0.0043332576751708
84|134|0.8240740740740741|0.0021357536315917|0.0042872428894042
84|135|0.8240740740740741|0.0021338462829589|0.0042974948883056
84|136|0.8240740740740741|0.0021383762359619|0.0043365955352783
84|137|0.8240740740740741|0.0021567344665527|0.0043272972106933
84|138|0.8240740740740741|0.0021698474884033|0.004326581954956
82|20|0.8518518518518519|0.0014693737030029|
82|21|0.8703703703703703|0.0009615421295166|0.0013809204101562
82|22|0.8240740740740741|0.0010261535644531|0.001375675201416
82|23|0.7685185185185185|0.0009870529174804|0.0014023780822753
82|24|0.7962962962962963|0.0009775161743164|0.0014364719390869
82|25|0.8240740740740741|0.0009863376617431|0.0015120506286621
82|26|0.8518518518518519|0.0010056495666503|0.0015316009521484
82|27|0.8148148148148148|0.0010497570037841|0.0015664100646972
82|28|0.8148148148148148|0.001028299331665|0.0015974044799804
82|29|0.8333333333333334|0.000972032546997|0.0016143321990966
82|30|0.8240740740740741|0.0010309219360351|0.0017125606536865
82|31|0.8148148148148148|0.0009963512420654|0.001713752746582
82|32|0.8055555555555556|0.0010073184967041|0.0017168521881103
82|33|0.7962962962962963|0.0009963512420654|0.0017693042755126
82|34|0.7685185185185185|0.0010478496551513|0.001788854598999
82|35|0.7777777777777778|0.0010137557983398|0.001908540725708
82|36|0.7870370370370371|0.0010762214660644|0.0019168853759765
82|37|0.7870370370370371|0.0010666847229003|0.0019392967224121
82|38|0.7962962962962963|0.0011024475097656|0.0019795894622802
82|39|0.8148148148148148|0.0010316371917724|0.0021119117736816
82|40|0.7870370370370371|0.0010864734649658|0.0021319389343261
82|41|0.7870370370370371|0.0010545253753662|0.0021789073944091
82|42|0.7870370370370371|0.0010805130004882|0.0021836757659912
82|43|0.7962962962962963|0.0010614395141601|0.0023210048675537
82|44|0.7870370370370371|0.0011184215545654|0.0022528171539306
82|45|0.7962962962962963|0.0010921955108642|0.0023903846740722
82|46|0.7870370370370371|0.0011534690856933|0.0022706985473632
82|47|0.7962962962962963|0.0010855197906494|0.002338171005249
82|48|0.7870370370370371|0.0011637210845947|0.0023431777954101
82|49|0.8148148148148148|0.0010943412780761|0.0023615360260009
82|50|0.7962962962962963|0.001129150390625|0.0024607181549072
82|51|0.8055555555555556|0.001115083694458|0.002486228942871
82|52|0.8148148148148148|0.00115966796875|0.0024511814117431
82|53|0.8055555555555556|0.0011289119720458|0.0026137828826904
82|54|0.8148148148148148|0.0011897087097167|0.0027267932891845
82|55|0.8148148148148148|0.0011627674102783|0.0026218891143798
82|56|0.8055555555555556|0.001209020614624|0.0026893615722656
82|57|0.8055555555555556|0.0011794567108154|0.002805471420288
82|58|0.8240740740740741|0.0012233257293701|0.0028324127197265
82|59|0.8148148148148148|0.0011985301971435|0.0028266906738281
82|60|0.8055555555555556|0.0012598037719726|0.0028045177459716
82|61|0.8055555555555556|0.001260757446289|0.0027620792388916
82|62|0.8148148148148148|0.0013232231140136|0.0029988288879394
82|63|0.8240740740740741|0.0012276172637939|0.003002643585205
82|64|0.8148148148148148|0.0012757778167724|0.0029730796813964
82|65|0.8055555555555556|0.0012388229370117|0.0029919147491455
82|66|0.8148148148148148|0.0012667179107666|0.0030746459960937
82|67|0.8055555555555556|0.0012698173522949|0.0030081272125244
82|68|0.8148148148148148|0.0012743473052978|0.0030653476715087
82|69|0.8055555555555556|0.0012924671173095|0.0030267238616943
82|70|0.8148148148148148|0.0013346672058105|0.0032463073730468
82|71|0.8240740740740741|0.0013298988342285|0.0032541751861572
82|72|0.8148148148148148|0.0013329982757568|0.0031409263610839
82|73|0.8240740740740741|0.0013492107391357|0.0031945705413818
82|74|0.8055555555555556|0.0013456344604492|0.0031700134277343
82|75|0.8055555555555556|0.0013964176177978|0.0034749507904052
82|76|0.8055555555555556|0.0014164447784423|0.003488540649414
82|77|0.7962962962962963|0.0013904571533203|0.0034523010253906
82|78|0.8148148148148148|0.0014050006866455|0.0034072399139404
82|79|0.8148148148148148|0.001427412033081|0.0035529136657714
82|80|0.8148148148148148|0.0016400814056396|0.0035500526428222
82|81|0.8148148148148148|0.0014500617980957|0.0038316249847412
82|82|0.8148148148148148|0.0014545917510986|0.0036263465881347
82|83|0.8055555555555556|0.0014944076538085|0.0035080909729003
82|84|0.8055555555555556|0.0014827251434326|0.0036649703979492
82|85|0.8055555555555556|0.0014986991882324|0.0037720203399658
82|86|0.8055555555555556|0.00152587890625|0.0036749839782714
82|87|0.8055555555555556|0.0015220642089843|0.0038731098175048
82|88|0.7870370370370371|0.0015521049499511|0.0037946701049804
82|89|0.7962962962962963|0.0016241073608398|0.0038597583770751
82|90|0.7962962962962963|0.0016169548034667|0.0039584636688232
82|91|0.7870370370370371|0.0015864372253417|0.0039613246917724
82|92|0.7870370370370371|0.0016050338745117|0.0039498805999755
82|93|0.7870370370370371|0.0019176006317138|0.0037682056427001
82|94|0.7870370370370371|0.001650333404541|0.0039982795715332
82|95|0.7870370370370371|0.001694917678833|0.0037589073181152
82|96|0.7870370370370371|0.0017569065093994|0.0037407875061035
82|97|0.7870370370370371|0.0017433166503906|0.0039260387420654
82|98|0.7870370370370371|0.0017411708831787|0.0038721561431884
82|99|0.7870370370370371|0.0018074512481689|0.0039975643157958
82|100|0.7962962962962963|0.0017521381378173|0.0042040348052978
82|101|0.7962962962962963|0.0017726421356201|0.0038986206054687
82|102|0.7962962962962963|0.0017900466918945|0.0040187835693359
82|103|0.7962962962962963|0.0018641948699951|0.0039751529693603
82|104|0.7962962962962963|0.0018091201782226|0.0039846897125244
82|105|0.7962962962962963|0.00179123878479|0.0039982795715332
82|106|0.7962962962962963|0.0018067359924316|0.004004955291748
82|107|0.7962962962962963|0.0018160343170166|0.0040276050567626
82|108|0.7962962962962963|0.0018563270568847|0.0040102005004882
82|109|0.7962962962962963|0.0018131732940673|0.0040416717529296
82|110|0.7962962962962963|0.001838207244873|0.0040655136108398
82|111|0.7962962962962963|0.0018789768218994|0.0040957927703857
82|112|0.7962962962962963|0.0018432140350341|0.0040721893310546
82|113|0.7962962962962963|0.0018622875213623|0.0040605068206787
82|114|0.7962962962962963|0.0018846988677978|0.0040967464447021
82|115|0.7962962962962963|0.0019183158874511|0.0041136741638183
82|116|0.7962962962962963|0.0018985271453857|0.0044538974761962
82|117|0.7962962962962963|0.0019230842590332|0.0041735172271728
82|118|0.7962962962962963|0.0019357204437255|0.0045182704925537
82|119|0.7962962962962963|0.0019385814666748|0.0043623447418212
82|120|0.7962962962962963|0.0019409656524658|0.004220962524414
82|121|0.7962962962962963|0.0019354820251464|0.0044236183166503
82|122|0.7962962962962963|0.0019335746765136|0.0045301914215087
82|123|0.7962962962962963|0.0019567012786865|0.0042216777801513
82|124|0.7962962962962963|0.0019490718841552|0.0042142868041992
82|125|0.7962962962962963|0.0019946098327636|0.0042803287506103
82|126|0.7962962962962963|0.0020303726196289|0.0045452117919921
82|127|0.7870370370370371|0.0020520687103271|0.0042254924774169
82|128|0.7870370370370371|0.0020763874053955|0.0043797492980957
82|129|0.7870370370370371|0.0020711421966552|0.0045423507690429
82|130|0.7870370370370371|0.0020925998687744|0.004652976989746
82|131|0.7870370370370371|0.0020971298217773|0.0044126510620117
82|132|0.7870370370370371|0.0021016597747802|0.0043821334838867
82|133|0.7870370370370371|0.0021023750305175|0.0044624805450439
82|134|0.7870370370370371|0.0021228790283203|0.004429817199707
82|135|0.7870370370370371|0.002129316329956|0.0045971870422363
82|136|0.7870370370370371|0.0021321773529052|0.0046966075897216
82|137|0.7870370370370371|0.0021784305572509|0.0043444633483886
82|138|0.7870370370370371|0.0021712779998779|0.0049028396606445
87|20|0.7962962962962963|0.0012547969818115|
87|21|0.8333333333333334|0.0009422302246093|0.0013520717620849
87|22|0.8240740740740741|0.0009891986846923|0.0013489723205566
87|23|0.75|0.0009405612945556|0.0014193058013916
87|24|0.7592592592592593|0.0009684562683105|0.0014567375183105
87|25|0.7777777777777778|0.0009505748748779|0.0014777183532714
87|26|0.7407407407407407|0.0009799003601074|0.0015196800231933
87|27|0.7870370370370371|0.0009698867797851|0.0016186237335205
87|28|0.7962962962962963|0.0009746551513671|0.0016160011291503
87|29|0.7685185185185185|0.0009770393371582|0.0016787052154541
87|30|0.7592592592592593|0.0010087490081787|0.0017216205596923
87|31|0.7870370370370371|0.0009803771972656|0.0017824172973632
87|32|0.7870370370370371|0.0009925365447998|0.0017852783203125
87|33|0.8148148148148148|0.0010030269622802|0.0018069744110107
87|34|0.7962962962962963|0.0010156631469726|0.0018146038055419
87|35|0.8055555555555556|0.0010051727294921|0.0019636154174804
87|36|0.7962962962962963|0.0010385513305664|0.0019288063049316
87|37|0.7870370370370371|0.0010042190551757|0.0019896030426025
87|38|0.7870370370370371|0.0010638236999511|0.0019929409027099
87|39|0.75|0.0010337829589843|0.0020914077758789
87|40|0.7685185185185185|0.0010690689086914|0.0021302700042724
87|41|0.7592592592592593|0.001025915145874|0.0021238327026367
87|42|0.7962962962962963|0.00105881690979|0.002101182937622
87|43|0.8055555555555556|0.0010437965393066|0.0022087097167968
87|44|0.8240740740740741|0.0010759830474853|0.0023627281188964
87|45|0.8055555555555556|0.0010385513305664|0.0022876262664794
87|46|0.7962962962962963|0.0010960102081298|0.0022368431091308
87|47|0.8148148148148148|0.001063585281372|0.0023872852325439
87|48|0.7962962962962963|0.0011112689971923|0.0023345947265625
87|49|0.8240740740740741|0.0010786056518554|0.00240159034729
87|50|0.7962962962962963|0.0011267662048339|0.0024282932281494
87|51|0.8148148148148148|0.0011100769042968|0.0024285316467285
87|52|0.8055555555555556|0.0011293888092041|0.0025830268859863
87|53|0.7962962962962963|0.0011067390441894|0.0025703907012939
87|54|0.7962962962962963|0.0011425018310546|0.0026097297668457
87|55|0.8055555555555556|0.0011496543884277|0.0026342868804931
87|56|0.8148148148148148|0.0011744499206542|0.0027027130126953
87|57|0.8425925925925926|0.001143455505371|0.0027294158935546
87|58|0.8518518518518519|0.0011937618255615|0.0027906894683837
87|59|0.8425925925925926|0.0011537075042724|0.002765417098999
87|60|0.8518518518518519|0.001213788986206|0.0028610229492187
87|61|0.8518518518518519|0.0012178421020507|0.0027821063995361
87|62|0.8425925925925926|0.0012407302856445|0.003047227859497
87|63|0.8148148148148148|0.0012111663818359|0.0030047893524169
87|64|0.7777777777777778|0.0012259483337402|0.0028975009918212
87|65|0.8055555555555556|0.001216173171997|0.0030069351196289
87|66|0.8055555555555556|0.0012471675872802|0.0031042098999023
87|67|0.8240740740740741|0.0012292861938476|0.0030784606933593
87|68|0.8055555555555556|0.0012333393096923|0.0031309127807617
87|69|0.8240740740740741|0.0012528896331787|0.0030443668365478
87|70|0.8148148148148148|0.0012502670288085|0.003145694732666
87|71|0.8240740740740741|0.0012705326080322|0.0032520294189453
87|72|0.8425925925925926|0.0012950897216796|0.0031952857971191
87|73|0.8425925925925926|0.0012922286987304|0.003211498260498
87|74|0.8425925925925926|0.0013127326965332|0.0033047199249267
87|75|0.8425925925925926|0.0013182163238525|0.0033397674560546
87|76|0.8425925925925926|0.0013375282287597|0.0033850669860839
87|77|0.8333333333333334|0.0013489723205566|0.0033605098724365
87|78|0.8333333333333334|0.0013742446899414|0.0033330917358398
87|79|0.8333333333333334|0.0013749599456787|0.0034701824188232
87|80|0.8333333333333334|0.0013694763183593|0.0035004615783691
87|81|0.8333333333333334|0.0013816356658935|0.003427505493164
87|82|0.8240740740740741|0.0014011859893798|0.0034911632537841
87|83|0.8240740740740741|0.0014128684997558|0.0035970211029052
87|84|0.8240740740740741|0.0014102458953857|0.0034692287445068
87|85|0.8148148148148148|0.0014610290527343|0.0034573078155517
87|86|0.8148148148148148|0.0014500617980957|0.0035738945007324
87|87|0.8240740740740741|0.0014765262603759|0.0036306381225585
87|88|0.8333333333333334|0.0014655590057373|0.0036818981170654
87|89|0.8240740740740741|0.0014803409576416|0.0035784244537353
87|90|0.8333333333333334|0.0014991760253906|0.0037062168121337
87|91|0.8240740740740741|0.001530647277832|0.003688097000122
87|92|0.8333333333333334|0.0015449523925781|0.0038485527038574
87|93|0.8333333333333334|0.0015726089477539|0.0037333965301513
87|94|0.8333333333333334|0.0015876293182373|0.0037398338317871
87|95|0.8333333333333334|0.0016076564788818|0.0037677288055419
87|96|0.8333333333333334|0.0016076564788818|0.0039629936218261
87|97|0.8333333333333334|0.0026133060455322|0.0052592754364013
87|98|0.8333333333333334|0.0017037391662597|0.0038633346557617
87|99|0.8333333333333334|0.0016989707946777|0.0040085315704345
87|100|0.8333333333333334|0.0017306804656982|0.0038704872131347
87|101|0.8333333333333334|0.0017077922821044|0.0040581226348876
87|102|0.8333333333333334|0.0017299652099609|0.0039224624633789
87|103|0.8333333333333334|0.0017879009246826|0.00394868850708
87|104|0.8333333333333334|0.001767873764038|0.003990888595581
87|105|0.8333333333333334|0.0018038749694824|0.00425386428833
87|106|0.8240740740740741|0.0017595291137695|0.0040276050567626
87|107|0.8240740740740741|0.0018560886383056|0.0040009021759033
87|108|0.8240740740740741|0.0018277168273925|0.0042955875396728
87|109|0.8240740740740741|0.0018184185028076|0.0041146278381347
87|110|0.8333333333333334|0.0018167495727539|0.004166841506958
87|111|0.8333333333333334|0.0018682479858398|0.0040991306304931
87|112|0.8333333333333334|0.0018525123596191|0.0041849613189697
87|113|0.8333333333333334|0.0018436908721923|0.0041103363037109
87|114|0.8333333333333334|0.0018720626831054|0.0042111873626708
87|115|0.8333333333333334|0.001906394958496|0.0041327476501464
87|116|0.8333333333333334|0.0018801689147949|0.0041954517364501
87|117|0.8333333333333334|0.0018892288208007|0.0041487216949462
87|118|0.8333333333333334|0.0019021034240722|0.0042946338653564
87|119|0.8333333333333334|0.0019404888153076|0.0042054653167724
87|120|0.8333333333333334|0.0018997192382812|0.0042219161987304
87|121|0.8333333333333334|0.0019502639770507|0.0042252540588378
87|122|0.8333333333333334|0.0019495487213134|0.0045170783996582
87|123|0.8333333333333334|0.0020022392272949|0.0044732093811035
87|124|0.8333333333333334|0.001971960067749|0.0042438507080078
87|125|0.8333333333333334|0.0019910335540771|0.0042309761047363
87|126|0.8333333333333334|0.0019869804382324|0.0042519569396972
87|127|0.8333333333333334|0.0020074844360351|0.004270315170288
87|128|0.8333333333333334|0.0020205974578857|0.0043375492095947
87|129|0.8333333333333334|0.0020234584808349|0.0045087337493896
87|130|0.8333333333333334|0.0020272731781005|0.0042877197265625
87|131|0.8333333333333334|0.0020725727081298|0.004317283630371
87|132|0.8333333333333334|0.0020613670349121|0.0047004222869873
87|133|0.8333333333333334|0.002047061920166|0.0045225620269775
87|134|0.8333333333333334|0.0020349025726318|0.0043802261352539
87|135|0.8333333333333334|0.0020413398742675|0.0043613910675048
87|136|0.8333333333333334|0.00205659866333|0.0044717788696289
87|137|0.8333333333333334|0.0020961761474609|0.0043253898620605
87|138|0.8333333333333334|0.0020556449890136|0.0045478343963623
87|139|0.8333333333333334|0.0020620822906494|0.0045740604400634
83|20|0.8240740740740741|0.0013105869293212|
83|21|0.8333333333333334|0.0009973049163818|0.0014193058013916
83|22|0.7962962962962963|0.0010013580322265|0.0013806819915771
83|23|0.7037037037037037|0.0009636878967285|0.0013914108276367
83|24|0.7407407407407407|0.0009942054748535|0.0014734268188476
83|25|0.7962962962962963|0.0009815692901611|0.001490831375122
83|26|0.8240740740740741|0.0010058879852294|0.0016088485717773
83|27|0.8148148148148148|0.0009949207305908|0.0015716552734375
83|28|0.8240740740740741|0.0009951591491699|0.0016882419586181
83|29|0.8425925925925926|0.0009922981262207|0.0016999244689941
83|30|0.8425925925925926|0.0010130405426025|0.0018153190612792
83|31|0.8333333333333334|0.0009970664978027|0.001816987991333
83|32|0.8425925925925926|0.0010018348693847|0.0018489360809326
83|33|0.8148148148148148|0.0010023117065429|0.001842975616455
83|34|0.8425925925925926|0.0010373592376708|0.0019807815551757
83|35|0.8055555555555556|0.0010302066802978|0.0019030570983886
83|36|0.8425925925925926|0.0010662078857421|0.0020375251770019
83|37|0.8611111111111112|0.0010356903076171|0.0020022392272949
83|38|0.8240740740740741|0.0010783672332763|0.0020604133605957
83|39|0.8518518518518519|0.0010466575622558|0.0020751953125
83|40|0.8888888888888888|0.001103401184082|0.002115249633789
83|41|0.8425925925925926|0.001054048538208|0.0021374225616455
83|42|0.8703703703703703|0.0010988712310791|0.002148151397705
83|43|0.8888888888888888|0.0010731220245361|0.0023343563079833
83|44|0.8703703703703703|0.0010981559753417|0.0021891593933105
83|45|0.8425925925925926|0.0010657310485839|0.00225830078125
83|46|0.8611111111111112|0.0011274814605712|0.0023458003997802
83|47|0.8611111111111112|0.0010921955108642|0.0023708343505859
83|48|0.8888888888888888|0.0011417865753173|0.0024182796478271
83|49|0.8796296296296297|0.0011172294616699|0.0024912357330322
83|50|0.8796296296296297|0.0011467933654785|0.0024976730346679
83|51|0.8796296296296297|0.0011384487152099|0.0025882720947265
83|52|0.8518518518518519|0.0011591911315917|0.002577781677246
83|53|0.8518518518518519|0.0011522769927978|0.0026075839996337
83|54|0.8518518518518519|0.0011801719665527|0.002734899520874
83|55|0.8611111111111112|0.0011687278747558|0.0027449131011962
83|56|0.8611111111111112|0.0012128353118896|0.0026965141296386
83|57|0.8796296296296297|0.0011603832244873|0.0027863979339599
83|58|0.8611111111111112|0.0012080669403076|0.0027322769165039
83|59|0.8888888888888888|0.0011968612670898|0.0028536319732666
83|60|0.8888888888888888|0.001244306564331|0.0028893947601318
83|61|0.9074074074074074|0.0012493133544921|0.0029363632202148
83|62|0.9074074074074074|0.0012445449829101|0.0029816627502441
83|63|0.925925925925926|0.0012166500091552|0.0029835700988769
83|64|0.9166666666666666|0.0012347698211669|0.0030925273895263
83|65|0.925925925925926|0.0012404918670654|0.0030586719512939
83|66|0.9166666666666666|0.001251220703125|0.0031042098999023
83|67|0.8981481481481481|0.001255989074707|0.0031027793884277
83|68|0.9074074074074074|0.0012664794921875|0.0031538009643554
83|69|0.9074074074074074|0.001277208328247|0.0030908584594726
83|70|0.9074074074074074|0.0012869834899902|0.0033676624298095
83|71|0.9074074074074074|0.0012798309326171|0.0033731460571289
83|72|0.9166666666666666|0.0013282299041748|0.0032598972320556
83|73|0.9074074074074074|0.0013244152069091|0.0032856464385986
83|74|0.9074074074074074|0.0013332366943359|0.0031955242156982
83|75|0.9074074074074074|0.0013723373413085|0.003354787826538
83|76|0.9074074074074074|0.0013611316680908|0.0035052299499511
83|77|0.9074074074074074|0.0013957023620605|0.0034518241882324
83|78|0.9074074074074074|0.0013561248779296|0.0034480094909667
83|79|0.8981481481481481|0.0014140605926513|0.0034217834472656
83|80|0.8981481481481481|0.0014007091522216|0.0035219192504882
83|81|0.8888888888888888|0.0014429092407226|0.0041918754577636
83|82|0.8796296296296297|0.0014407634735107|0.0034523010253906
83|83|0.8796296296296297|0.0014677047729492|0.0035836696624755
83|84|0.8888888888888888|0.0014581680297851|0.0036525726318359
83|85|0.8888888888888888|0.0014729499816894|0.0036768913269042
83|86|0.8888888888888888|0.0014848709106445|0.0035130977630615
83|87|0.8888888888888888|0.0015044212341308|0.0037391185760498
83|88|0.8888888888888888|0.0014746189117431|0.0036866664886474
83|89|0.8888888888888888|0.0015013217926025|0.0036139488220214
83|90|0.8888888888888888|0.0015225410461425|0.0037899017333984
83|91|0.8888888888888888|0.0015318393707275|0.0039539337158203
83|92|0.8888888888888888|0.0015459060668945|0.0039210319519042
83|93|0.8888888888888888|0.0015556812286376|0.0038003921508789
83|94|0.8888888888888888|0.0015914440155029|0.0038001537322998
83|95|0.8888888888888888|0.001765489578247|0.0038597583770751
83|96|0.8888888888888888|0.0016660690307617|0.0039491653442382
83|97|0.8888888888888888|0.0016775131225585|0.0038115978240966
83|98|0.8888888888888888|0.0016887187957763|0.004124641418457
83|99|0.8888888888888888|0.0017216205596923|0.0040774345397949
83|100|0.8888888888888888|0.0017292499542236|0.003890037536621
83|101|0.8888888888888888|0.0017104148864746|0.0039150714874267
83|102|0.8888888888888888|0.0017511844635009|0.0039484500885009
83|103|0.8888888888888888|0.00177001953125|0.0042006969451904
83|104|0.8888888888888888|0.0017893314361572|0.0043821334838867
83|105|0.8888888888888888|0.0018150806427001|0.0040338039398193
83|106|0.8888888888888888|0.0018014907836914|0.0040557384490966
83|107|0.8888888888888888|0.0018351078033447|0.0040845870971679
83|108|0.8888888888888888|0.001875877380371|0.0041127204895019
83|109|0.8888888888888888|0.0018250942230224|0.0041255950927734
83|110|0.8888888888888888|0.0018756389617919|0.004183292388916
83|111|0.8888888888888888|0.0019121170043945|0.0042669773101806
83|112|0.8888888888888888|0.0019381046295166|0.0042536258697509
83|113|0.8703703703703703|0.0019388198852539|0.0042564868927001
83|114|0.8703703703703703|0.0019497871398925|0.0044114589691162
83|115|0.8703703703703703|0.0019757747650146|0.0042235851287841
83|116|0.8703703703703703|0.0019757747650146|0.0044801235198974
83|117|0.8703703703703703|0.002012014389038|0.0046267509460449
83|118|0.8703703703703703|0.0020086765289306|0.0043497085571289
83|119|0.8703703703703703|0.002026081085205|0.0044405460357666
83|120|0.8703703703703703|0.0020325183868408|0.0042970180511474
83|121|0.8611111111111112|0.0020418167114257|0.0046222209930419
83|122|0.8611111111111112|0.0020101070404052|0.0044782161712646
83|123|0.8611111111111112|0.002054214477539|0.0043444633483886
83|124|0.8611111111111112|0.0020363330841064|0.0043540000915527
83|125|0.8611111111111112|0.002058982849121|0.0044279098510742
83|126|0.8611111111111112|0.0020442008972167|0.0043287277221679
83|127|0.8611111111111112|0.0020830631256103|0.0044593811035156
83|128|0.8611111111111112|0.0020978450775146|0.0048203468322753
83|129|0.8611111111111112|0.0021219253540039|0.0044507980346679
83|130|0.8611111111111112|0.0021228790283203|0.0044252872467041
83|131|0.8611111111111112|0.0021405220031738|0.0044317245483398
83|132|0.8611111111111112|0.0021579265594482|0.0046570301055908
83|133|0.8611111111111112|0.0021870136260986|0.0044333934783935
83|134|0.8611111111111112|0.0021591186523437|0.0044395923614501
83|135|0.8611111111111112|0.002181053161621|0.0045680999755859
83|136|0.8611111111111112|0.002213716506958|0.0045666694641113
83|137|0.8611111111111112|0.0022072792053222|0.0045487880706787
83|138|0.8611111111111112|0.0022058486938476|0.0044722557067871
83|139|0.8703703703703703|0.0022046566009521|0.0046162605285644
80|20|0.6759259259259259|0.0013482570648193|
80|21|0.6481481481481481|0.0010480880737304|0.0013728141784667
80|22|0.6666666666666666|0.0010955333709716|0.0013697147369384
80|23|0.6944444444444444|0.0010483264923095|0.0013999938964843
80|24|0.7222222222222222|0.001082420349121|0.0015084743499755
80|25|0.7222222222222222|0.001065969467163|0.001537799835205
80|26|0.7037037037037037|0.0010733604431152|0.0015263557434082
80|27|0.7685185185185185|0.0010745525360107|0.0016324520111083
80|28|0.7870370370370371|0.0010807514190673|0.0016419887542724
80|29|0.7777777777777778|0.0010340213775634|0.0017094612121582
80|30|0.7685185185185185|0.0010905265808105|0.0017979145050048
80|31|0.7314814814814815|0.0010972023010253|0.0017154216766357
80|32|0.7314814814814815|0.0010836124420166|0.0017867088317871
80|33|0.7314814814814815|0.0010662078857421|0.0018188953399658
80|34|0.7314814814814815|0.0010781288146972|0.0019068717956542
80|35|0.7129629629629629|0.0010759830474853|0.0019593238830566
80|36|0.7129629629629629|0.0011277198791503|0.0019023418426513
80|37|0.75|0.001086950302124|0.002068281173706
80|38|0.7222222222222222|0.0011429786682128|0.0021255016326904
80|39|0.7129629629629629|0.0010919570922851|0.0020062923431396
80|40|0.75|0.0011405944824218|0.0021312236785888
80|41|0.7407407407407407|0.0011165142059326|0.0021793842315673
80|42|0.7407407407407407|0.0011703968048095|0.0022656917572021
80|43|0.75|0.0011377334594726|0.0023572444915771
80|44|0.7685185185185185|0.0011560916900634|0.0022954940795898
80|45|0.75|0.0011658668518066|0.0024058818817138
80|46|0.7777777777777778|0.0012061595916748|0.0023255348205566
80|47|0.7777777777777778|0.0011353492736816|0.0023236274719238
80|48|0.7777777777777778|0.0011932849884033|0.0023448467254638
80|49|0.7777777777777778|0.001171588897705|0.002371072769165
80|50|0.7592592592592593|0.0012178421020507|0.0024778842926025
80|51|0.7777777777777778|0.0011956691741943|0.0026717185974121
80|52|0.7592592592592593|0.0012390613555908|0.0025737285614013
80|53|0.7685185185185185|0.0012168884277343|0.0025105476379394
80|54|0.7685185185185185|0.0012497901916503|0.0027542114257812
80|55|0.7685185185185185|0.0012295246124267|0.0026638507843017
80|56|0.7685185185185185|0.001249074935913|0.002603530883789
80|57|0.7685185185185185|0.0012335777282714|0.0027751922607421
80|58|0.7777777777777778|0.0013184547424316|0.0027804374694824
80|59|0.7685185185185185|0.0012848377227783|0.0029375553131103
80|60|0.7777777777777778|0.0013000965118408|0.002946138381958
80|61|0.7870370370370371|0.0012822151184082|0.0029318332672119
80|62|0.7962962962962963|0.0013291835784912|0.0029044151306152
80|63|0.7685185185185185|0.0012946128845214|0.0029020309448242
80|64|0.7777777777777778|0.001314640045166|0.0029013156890869
80|65|0.7962962962962963|0.0013093948364257|0.0029451847076416
80|66|0.8240740740740741|0.0013236999511718|0.0030200481414794
80|67|0.8333333333333334|0.0013420581817626|0.0031418800354003
80|68|0.8055555555555556|0.0013763904571533|0.0031580924987792
80|69|0.8148148148148148|0.0013322830200195|0.0031170845031738
80|70|0.8148148148148148|0.0013532638549804|0.0030708312988281
80|71|0.7870370370370371|0.0013511180877685|0.0032191276550292
80|72|0.7777777777777778|0.001371145248413|0.0032880306243896
80|73|0.7777777777777778|0.0013849735260009|0.0031721591949462
80|74|0.7777777777777778|0.001418113708496|0.0033521652221679
80|75|0.7777777777777778|0.0014183521270751|0.0033390522003173
80|76|0.7685185185185185|0.0014476776123046|0.0033321380615234
80|77|0.7685185185185185|0.0014417171478271|0.0034410953521728
80|78|0.7777777777777778|0.0014748573303222|0.0035386085510253
80|79|0.7777777777777778|0.0014793872833251|0.0034260749816894
80|80|0.7777777777777778|0.0015439987182617|0.0037183761596679
80|81|0.7592592592592593|0.0015561580657958|0.0034065246582031
80|82|0.7685185185185185|0.0015158653259277|0.0036890506744384
80|83|0.7685185185185185|0.001544713973999|0.0036087036132812
80|84|0.7685185185185185|0.0015637874603271|0.0038230419158935
80|85|0.7685185185185185|0.0015764236450195|0.0036327838897705
80|86|0.7685185185185185|0.0015933513641357|0.0038611888885498
80|87|0.7685185185185185|0.0015928745269775|0.0037722587585449
80|88|0.7685185185185185|0.0016117095947265|0.0038247108459472
80|89|0.7685185185185185|0.0016305446624755|0.0037603378295898
80|90|0.7685185185185185|0.0019774436950683|0.0039613246917724
80|91|0.7685185185185185|0.0017218589782714|0.0039587020874023
80|92|0.7685185185185185|0.0017096996307373|0.0037651062011718
80|93|0.7685185185185185|0.0017440319061279|0.0041055679321289
80|94|0.7685185185185185|0.0017628669738769|0.0038557052612304
80|95|0.7685185185185185|0.0017728805541992|0.0037770271301269
80|96|0.7685185185185185|0.001767873764038|0.0038638114929199
80|97|0.7685185185185185|0.0017552375793457|0.0039765834808349
80|98|0.7685185185185185|0.0017650127410888|0.0040171146392822
80|99|0.7685185185185185|0.0018172264099121|0.0040116310119628
80|100|0.7685185185185185|0.0018138885498046|0.0040388107299804
80|101|0.7685185185185185|0.0017621517181396|0.0040209293365478
80|102|0.7685185185185185|0.0017886161804199|0.0039160251617431
80|103|0.7685185185185185|0.0018422603607177|0.0040128231048583
80|104|0.7685185185185185|0.0017976760864257|0.0042827129364013
80|105|0.7685185185185185|0.0017995834350585|0.004096508026123
80|106|0.7685185185185185|0.0029506683349609|0.0070207118988037
80|107|0.7685185185185185|0.0019366741180419|0.0055446624755859
80|108|0.7685185185185185|0.001889944076538|0.0042603015899658
80|109|0.7685185185185185|0.0018415451049804|0.0039718151092529
80|110|0.7685185185185185|0.0018539428710937|0.004096508026123
80|111|0.7685185185185185|0.0019237995147705|0.0042591094970703
80|112|0.7685185185185185|0.0019290447235107|0.0039834976196289
80|113|0.7777777777777778|0.0019395351409912|0.0042738914489746
80|114|0.7777777777777778|0.00197434425354|0.0044152736663818
80|115|0.7777777777777778|0.0020163059234619|0.0044147968292236
80|116|0.7777777777777778|0.0019567012786865|0.0042641162872314
80|117|0.7777777777777778|0.0019676685333251|0.0040695667266845
80|118|0.7777777777777778|0.0019741058349609|0.0043015480041503
80|119|0.7777777777777778|0.0019862651824951|0.0041427612304687
80|120|0.7777777777777778|0.0019915103912353|0.0041205883026123
80|121|0.7777777777777778|0.001962661743164|0.0041923522949218
80|122|0.7777777777777778|0.0019552707672119|0.0041265487670898
80|123|0.7777777777777778|0.0020399093627929|0.0042934417724609
80|124|0.7777777777777778|0.0020310878753662|0.0044515132904052
80|125|0.7777777777777778|0.0020365715026855|0.0042498111724853
80|126|0.7777777777777778|0.0020563602447509|0.00435471534729
80|127|0.7777777777777778|0.0020709037780761|0.0045881271362304
80|128|0.7777777777777778|0.00205659866333|0.004141092300415
80|129|0.7777777777777778|0.0020570755004882|0.0042033195495605
80|130|0.7777777777777778|0.0020308494567871|0.0042080879211425
80|131|0.7777777777777778|0.0020513534545898|0.0044009685516357
80|132|0.7777777777777778|0.0020432472229003|0.0042066574096679
80|133|0.7777777777777778|0.0020580291748046|0.0042901039123535
80|134|0.7777777777777778|0.002068281173706|0.0043213367462158
80|135|0.7777777777777778|0.0021564960479736|0.004195213317871
80|136|0.7777777777777778|0.0021758079528808|0.0045075416564941
80|137|0.7777777777777778|0.0021758079528808|0.0043647289276123
80|138|0.7777777777777778|0.0021677017211914|0.0043952465057373
80|139|0.7777777777777778|0.0021958351135253|0.004378318786621
81|20|0.6944444444444444|0.0013537406921386|
81|21|0.75|0.0010876655578613|0.0014071464538574
81|22|0.7777777777777778|0.0010759830474853|0.0014092922210693
81|23|0.7777777777777778|0.0010004043579101|0.0014493465423583
81|24|0.7962962962962963|0.0010488033294677|0.0015273094177246
81|25|0.8333333333333334|0.0010364055633544|0.001467227935791
81|26|0.8148148148148148|0.0010511875152587|0.0015583038330078
81|27|0.8148148148148148|0.0010485649108886|0.0016288757324218
81|28|0.8240740740740741|0.0010437965393066|0.0016567707061767
81|29|0.8333333333333334|0.0010545253753662|0.001671552658081
81|30|0.8425925925925926|0.0010640621185302|0.0017414093017578
81|31|0.8611111111111112|0.0010609626770019|0.0017299652099609
81|32|0.8518518518518519|0.0010795593261718|0.0017874240875244
81|33|0.8425925925925926|0.0010755062103271|0.0018792152404785
81|34|0.8425925925925926|0.0011131763458251|0.0019032955169677
81|35|0.8333333333333334|0.0010921955108642|0.0019104480743408
81|36|0.8333333333333334|0.0011279582977294|0.0019526481628417
81|37|0.8148148148148148|0.001101016998291|0.0020270347595214
81|38|0.8055555555555556|0.0011374950408935|0.0020537376403808
81|39|0.8240740740740741|0.0011181831359863|0.0021147727966308
81|40|0.8148148148148148|0.001162052154541|0.002162218093872
81|41|0.8240740740740741|0.0011687278747558|0.0021929740905761
81|42|0.8425925925925926|0.0011672973632812|0.0022532939910888
81|43|0.8240740740740741|0.0011429786682128|0.0022671222686767
81|44|0.8333333333333334|0.0011723041534423|0.0023579597473144
81|45|0.8425925925925926|0.0011465549468994|0.0023729801177978
81|46|0.8518518518518519|0.0011892318725585|0.0023307800292968
81|47|0.8333333333333334|0.0011382102966308|0.0024518966674804
81|48|0.8055555555555556|0.0011987686157226|0.0024507045745849
81|49|0.8333333333333334|0.0011661052703857|0.0024559497833251
81|50|0.8240740740740741|0.0012049674987792|0.0025651454925537
81|51|0.8333333333333334|0.0011963844299316|0.0024254322052001
81|52|0.8425925925925926|0.0012347698211669|0.0024571418762207
81|53|0.8148148148148148|0.0012290477752685|0.0027179718017578
81|54|0.8148148148148148|0.0012719631195068|0.0025439262390136
81|55|0.8148148148148148|0.0012402534484863|0.0027971267700195
81|56|0.8148148148148148|0.0013024806976318|0.002765417098999
81|57|0.8333333333333334|0.0012934207916259|0.0028057098388671
81|58|0.8148148148148148|0.0013022422790527|0.0029017925262451
81|59|0.8148148148148148|0.0012850761413574|0.0028498172760009
81|60|0.8148148148148148|0.0013351440429687|0.0029168128967285
81|61|0.8148148148148148|0.0013017654418945|0.0028717517852783
81|62|0.8148148148148148|0.0013442039489746|0.0028681755065917
81|63|0.8240740740740741|0.001338243484497|0.0030725002288818
81|64|0.8240740740740741|0.001335859298706|0.0030126571655273
81|65|0.8240740740740741|0.0013442039489746|0.0029096603393554
81|66|0.8333333333333334|0.001359224319458|0.0030925273895263
81|67|0.8148148148148148|0.0013713836669921|0.0030591487884521
81|68|0.8425925925925926|0.0013670921325683|0.0031521320343017
81|69|0.8518518518518519|0.0013949871063232|0.0032508373260498
81|70|0.8518518518518519|0.001380443572998|0.0030848979949951
81|71|0.8518518518518519|0.0014359951019287|0.0030915737152099
81|72|0.8611111111111112|0.0014419555664062|0.0032095909118652
81|73|0.8518518518518519|0.0014386177062988|0.003389835357666
81|74|0.8425925925925926|0.0014526844024658|0.0033948421478271
81|75|0.8518518518518519|0.0014657974243164|0.0033886432647705
81|76|0.8425925925925926|0.0014855861663818|0.0035891532897949
81|77|0.8425925925925926|0.0014660358428955|0.0033237934112548
81|78|0.8333333333333334|0.0015068054199218|0.0034646987915039
81|79|0.8425925925925926|0.0015144348144531|0.003544807434082
81|80|0.8518518518518519|0.0015490055084228|0.0035274028778076
81|81|0.8518518518518519|0.0015649795532226|0.0035736560821533
81|82|0.8518518518518519|0.0015528202056884|0.0037610530853271
81|83|0.8518518518518519|0.0015745162963867|0.0037770271301269
81|84|0.8518518518518519|0.0015864372253417|0.0035836696624755
81|85|0.8518518518518519|0.0016024112701416|0.0037605762481689
81|86|0.8518518518518519|0.0016343593597412|0.0035274028778076
81|87|0.8518518518518519|0.0016329288482666|0.003735065460205
81|88|0.8518518518518519|0.0016238689422607|0.0038518905639648
81|89|0.8518518518518519|0.0016682147979736|0.0038897991180419
81|90|0.8518518518518519|0.001683235168457|0.0038468837738037
81|91|0.8425925925925926|0.001716136932373|0.0036795139312744
81|92|0.8425925925925926|0.0027220249176025|0.0057075023651123
81|93|0.8425925925925926|0.0017778873443603|0.0040340423583984
81|94|0.8425925925925926|0.0017557144165039|0.0040202140808105
81|95|0.8425925925925926|0.00181245803833|0.0040159225463867
81|96|0.8518518518518519|0.0018167495727539|0.0041108131408691
81|97|0.8518518518518519|0.0018436908721923|0.0041677951812744
81|98|0.8518518518518519|0.0018477439880371|0.0041985511779785
81|99|0.8425925925925926|0.0019507408142089|0.0041563510894775
81|100|0.8518518518518519|0.0018789768218994|0.0042073726654052
81|101|0.8425925925925926|0.0018839836120605|0.0040066242218017
81|102|0.8425925925925926|0.001924991607666|0.0042693614959716
81|103|0.8425925925925926|0.0019557476043701|0.0040311813354492
81|104|0.8425925925925926|0.0019407272338867|0.0040473937988281
81|105|0.8425925925925926|0.0019071102142333|0.0040764808654785
81|106|0.8425925925925926|0.0019621849060058|0.0042674541473388
81|107|0.8425925925925926|0.0019824504852294|0.004446268081665
81|108|0.8425925925925926|0.0019993782043457|0.004267930984497
81|109|0.8425925925925926|0.0019786357879638|0.0043294429779052
81|110|0.8425925925925926|0.0020272731781005|0.0044116973876953
81|111|0.8425925925925926|0.002040147781372|0.0041255950927734
81|112|0.8425925925925926|0.0020122528076171|0.0044641494750976
81|113|0.8425925925925926|0.001997947692871|0.0041654109954833
81|114|0.8425925925925926|0.0020089149475097|0.0042266845703125
81|115|0.8425925925925926|0.0020380020141601|0.0045068264007568
81|116|0.8425925925925926|0.0020122528076171|0.0042119026184082
81|117|0.8425925925925926|0.0020241737365722|0.0043973922729492
81|118|0.8425925925925926|0.0020406246185302|0.0042312145233154
81|119|0.8425925925925926|0.0020921230316162|0.0045554637908935
81|120|0.8425925925925926|0.0020821094512939|0.0043566226959228
81|121|0.8425925925925926|0.0020825862884521|0.0045530796051025
81|122|0.8425925925925926|0.0021114349365234|0.0042674541473388
81|123|0.8518518518518519|0.0021352767944335|0.004302978515625
81|124|0.8518518518518519|0.0020968914031982|0.0043346881866455
81|125|0.8518518518518519|0.0021324157714843|0.0044920444488525
81|126|0.8518518518518519|0.0021302700042724|0.004603624343872
81|127|0.8518518518518519|0.0021443367004394|0.0044317245483398
81|128|0.8518518518518519|0.0021948814392089|0.0046184062957763
81|129|0.8518518518518519|0.00217866897583|0.0046279430389404
81|130|0.8518518518518519|0.0021712779998779|0.0045821666717529
81|131|0.8518518518518519|0.0021898746490478|0.0046026706695556
81|132|0.8518518518518519|0.0021982192993164|0.0043070316314697
81|133|0.8518518518518519|0.0021934509277343|0.0046746730804443
81|134|0.8518518518518519|0.0022511482238769|0.0046808719635009
81|135|0.8518518518518519|0.002227783203125|0.004568338394165
81|136|0.8518518518518519|0.0022094249725341|0.0046632289886474
81|137|0.8518518518518519|0.0022497177124023|0.0046658515930175
81|138|0.8518518518518519|0.0022175312042236|0.0043516159057617
81|139|0.8518518518518519|0.0022304058074951|0.0047128200531005
86|20|0.8425925925925926|0.0013234615325927|
86|21|0.8518518518518519|0.0010035037994384|0.00130295753479
86|22|0.8611111111111112|0.0010452270507812|0.0013051033020019
86|23|0.8611111111111112|0.0010352134704589|0.0013549327850341
86|24|0.8703703703703703|0.0010311603546142|0.0014545917510986
86|25|0.8425925925925926|0.001023530960083|0.0014138221740722
86|26|0.8055555555555556|0.0010323524475097|0.0014605522155761
86|27|0.7777777777777778|0.0010933876037597|0.0015311241149902
86|28|0.7962962962962963|0.0010344982147216|0.0015585422515869
86|29|0.7777777777777778|0.0010192394256591|0.0016217231750488
86|30|0.7962962962962963|0.0010433197021484|0.0016369819641113
86|31|0.7962962962962963|0.0010600090026855|0.0017015933990478
86|32|0.8148148148148148|0.0010569095611572|0.0018055438995361
86|33|0.8240740740740741|0.0010459423065185|0.0017676353454589
86|34|0.8611111111111112|0.0010771751403808|0.0017876625061035
86|35|0.8240740740740741|0.0010697841644287|0.0018258094787597
86|36|0.8333333333333334|0.0011284351348876|0.0018908977508544
86|37|0.8425925925925926|0.001112937927246|0.0020403861999511
86|38|0.8888888888888888|0.0011255741119384|0.0020577907562255
86|39|0.8888888888888888|0.0010988712310791|0.0021071434020996
86|40|0.8888888888888888|0.0011510848999023|0.0020227432250976
86|41|0.8611111111111112|0.0011119842529296|0.0020849704742431
86|42|0.8611111111111112|0.001155138015747|0.0021054744720458
86|43|0.8518518518518519|0.001127004623413|0.0022835731506347
86|44|0.8981481481481481|0.0011520385742187|0.0021922588348388
86|45|0.8796296296296297|0.0011518001556396|0.002209186553955
86|46|0.8703703703703703|0.0011844635009765|0.002249002456665
86|47|0.8703703703703703|0.0011518001556396|0.0023756027221679
86|48|0.8888888888888888|0.0012025833129882|0.0023567676544189
86|49|0.8888888888888888|0.0011663436889648|0.0023639202117919
86|50|0.8888888888888888|0.0011839866638183|0.0023717880249023
86|51|0.8611111111111112|0.0011606216430664|0.0024085044860839
86|52|0.8425925925925926|0.0012323856353759|0.0026001930236816
86|53|0.8240740740740741|0.0011963844299316|0.0024816989898681
86|54|0.8148148148148148|0.0012311935424804|0.002526044845581
86|55|0.8148148148148148|0.0012142658233642|0.0025205612182617
86|56|0.8148148148148148|0.0012445449829101|0.0025992393493652
86|57|0.8611111111111112|0.0012183189392089|0.0026383399963378
86|58|0.8425925925925926|0.0012586116790771|0.0026459693908691
86|59|0.8518518518518519|0.001237154006958|0.0026566982269287
86|60|0.8611111111111112|0.0012636184692382|0.0027930736541748
86|61|0.8703703703703703|0.0012671947479248|0.0027506351470947
86|62|0.8518518518518519|0.0013630390167236|0.002826452255249
86|63|0.8611111111111112|0.001284122467041|0.0028254985809326
86|64|0.8611111111111112|0.0013158321380615|0.0028295516967773
86|65|0.8703703703703703|0.0013518333435058|0.0028822422027587
86|66|0.8703703703703703|0.0013556480407714|0.0030994415283203
86|67|0.8703703703703703|0.0013723373413085|0.0029733180999755
86|68|0.8703703703703703|0.0013225078582763|0.0030217170715332
86|69|0.8518518518518519|0.0013189315795898|0.0030429363250732
86|70|0.8611111111111112|0.0013308525085449|0.0029911994934082
86|71|0.8611111111111112|0.0013506412506103|0.0032341480255126
86|72|0.8703703703703703|0.0013890266418457|0.0031099319458007
86|73|0.8611111111111112|0.0014104843139648|0.0031018257141113
86|74|0.8425925925925926|0.0013825893402099|0.0031516551971435
86|75|0.8425925925925926|0.001399278640747|0.0032522678375244
86|76|0.8333333333333334|0.0014009475708007|0.0031723976135253
86|77|0.8518518518518519|0.0014147758483886|0.0032010078430175
86|78|0.8518518518518519|0.0014739036560058|0.0032458305358886
86|79|0.8425925925925926|0.0015125274658203|0.0032656192779541
86|80|0.8518518518518519|0.0014865398406982|0.0035266876220703
86|81|0.8425925925925926|0.0014595985412597|0.0033707618713378
86|82|0.8518518518518519|0.0014946460723876|0.0034170150756835
86|83|0.8425925925925926|0.0015294551849365|0.0035374164581298
86|84|0.8425925925925926|0.0015397071838378|0.0036427974700927
86|85|0.8240740740740741|0.0015985965728759|0.003575325012207
86|86|0.8240740740740741|0.0015418529510498|0.0034689903259277
86|87|0.8240740740740741|0.0016026496887207|0.0035288333892822
86|88|0.8240740740740741|0.0016014575958251|0.003554344177246
86|89|0.8333333333333334|0.0016281604766845|0.0035438537597656
86|90|0.8333333333333334|0.002695083618164|0.0050845146179199
86|91|0.8240740740740741|0.0017387866973876|0.0036473274230957
86|92|0.8518518518518519|0.0016975402832031|0.0037989616394042
86|93|0.8425925925925926|0.0016975402832031|0.0036478042602539
86|94|0.8333333333333334|0.0017158985137939|0.0039565563201904
86|95|0.8425925925925926|0.0017578601837158|0.0038073062896728
86|96|0.8611111111111112|0.0016806125640869|0.0037438869476318
86|97|0.8518518518518519|0.0016736984252929|0.0037522315979003
86|98|0.8518518518518519|0.0017647743225097|0.0037453174591064
86|99|0.8518518518518519|0.0017869472503662|0.0037763118743896
86|100|0.8425925925925926|0.001786470413208|0.0039057731628417
86|101|0.8425925925925926|0.0017702579498291|0.0039787292480468
86|102|0.8333333333333334|0.0017940998077392|0.0039105415344238
86|103|0.8333333333333334|0.0018630027770996|0.0038893222808837
86|104|0.8425925925925926|0.0018236637115478|0.0039546489715576
86|105|0.8425925925925926|0.0018644332885742|0.0042238235473632
86|106|0.8425925925925926|0.001882791519165|0.0039722919464111
86|107|0.8425925925925926|0.0018858909606933|0.0039646625518798
86|108|0.8425925925925926|0.0019292831420898|0.0040013790130615
86|109|0.8425925925925926|0.0018844604492187|0.0039827823638916
86|110|0.8425925925925926|0.0019223690032958|0.0040252208709716
86|111|0.8425925925925926|0.0019404888153076|0.004004955291748
86|112|0.8425925925925926|0.0019447803497314|0.0041046142578125
86|113|0.8425925925925926|0.0018973350524902|0.0040163993835449
86|114|0.8518518518518519|0.0019986629486083|0.0040791034698486
86|115|0.8518518518518519|0.0019974708557128|0.0040781497955322
86|116|0.8425925925925926|0.0020070075988769|0.0043303966522216
86|117|0.8425925925925926|0.0020060539245605|0.0044412612915039
86|118|0.8425925925925926|0.0020434856414794|0.0041949748992919
86|119|0.8425925925925926|0.0021145343780517|0.0042309761047363
86|120|0.8425925925925926|0.002070665359497|0.0042548179626464
86|121|0.8425925925925926|0.0020828247070312|0.0042707920074462
86|122|0.8425925925925926|0.0020649433135986|0.004425048828125
86|123|0.8425925925925926|0.0021107196807861|0.0043003559112548
86|124|0.8425925925925926|0.0021061897277832|0.004237413406372
86|125|0.8425925925925926|0.0021438598632812|0.004382848739624
86|126|0.8425925925925926|0.0021169185638427|0.0046069622039794
86|127|0.8425925925925926|0.0021121501922607|0.0043108463287353
86|128|0.8425925925925926|0.0021374225616455|0.0043225288391113
86|129|0.8425925925925926|0.0021331310272216|0.0043022632598876
86|130|0.8425925925925926|0.002134084701538|0.0042884349822998
86|131|0.8425925925925926|0.0021488666534423|0.0043790340423583
86|132|0.8425925925925926|0.0021784305572509|0.0043985843658447
86|133|0.8425925925925926|0.0021820068359375|0.0043730735778808
86|134|0.8425925925925926|0.0022048950195312|0.0044209957122802
86|135|0.8425925925925926|0.0022311210632324|0.0043373107910156
86|136|0.8425925925925926|0.0022189617156982|0.0043506622314453
86|137|0.8425925925925926|0.0022382736206054|0.0043532848358154
86|138|0.8425925925925926|0.0022532939910888|0.0044598579406738
88|20|0.8148148148148148|0.0013754367828369|
88|21|0.8518518518518519|0.0009474754333496|0.0013267993927001
88|22|0.8518518518518519|0.0010199546813964|0.0013210773468017
88|23|0.8333333333333334|0.0009429454803466|0.001420259475708
88|24|0.8518518518518519|0.0010147094726562|0.0014216899871826
88|25|0.8518518518518519|0.0009944438934326|0.001551866531372
88|26|0.8518518518518519|0.0009970664978027|0.0014970302581787
88|27|0.8518518518518519|0.0009703636169433|0.0015947818756103
88|28|0.8425925925925926|0.0009896755218505|0.0016314983367919
88|29|0.8425925925925926|0.0010015964508056|0.0016474723815917
88|30|0.8240740740740741|0.0010044574737548|0.001678466796875
88|31|0.8333333333333334|0.0010137557983398|0.001697301864624
88|32|0.8425925925925926|0.0010194778442382|0.0017306804656982
88|33|0.8425925925925926|0.0009775161743164|0.0018422603607177
88|34|0.8611111111111112|0.0010151863098144|0.0018203258514404
88|35|0.8425925925925926|0.0009851455688476|0.0018355846405029
88|36|0.8518518518518519|0.0011117458343505|0.0019381046295166
88|37|0.8240740740740741|0.0010008811950683|0.0019998550415039
88|38|0.8333333333333334|0.0011098384857177|0.0020029544830322
88|39|0.8333333333333334|0.000993013381958|0.0019989013671875
88|40|0.8518518518518519|0.0011188983917236|0.0020582675933837
88|41|0.8703703703703703|0.0010089874267578|0.0020892620086669
88|42|0.8703703703703703|0.00108003616333|0.0021197795867919
88|43|0.8518518518518519|0.0010342597961425|0.0021760463714599
88|44|0.8611111111111112|0.0010848045349121|0.0021374225616455
88|45|0.8796296296296297|0.0010442733764648|0.0022854804992675
88|46|0.8703703703703703|0.001096487045288|0.0023066997528076
88|47|0.8333333333333334|0.0010511875152587|0.0022408962249755
88|48|0.8518518518518519|0.0011751651763916|0.0022778511047363
88|49|0.8518518518518519|0.0010664463043212|0.0024795532226562
88|50|0.8425925925925926|0.0011370182037353|0.0023646354675292
88|51|0.8518518518518519|0.0010976791381835|0.0025677680969238
88|52|0.8425925925925926|0.0012252330780029|0.0024583339691162
88|53|0.8240740740740741|0.0011384487152099|0.002589464187622
88|54|0.8240740740740741|0.0012359619140625|0.002610445022583
88|55|0.8611111111111112|0.0011138916015625|0.0027046203613281
88|56|0.8425925925925926|0.0012331008911132|0.0026941299438476
88|57|0.8518518518518519|0.0011262893676757|0.0027575492858886
88|58|0.8888888888888888|0.0012276172637939|0.0027611255645751
88|59|0.9074074074074074|0.0011317729949951|0.0028979778289794
88|60|0.8888888888888888|0.0012578964233398|0.0026865005493164
88|61|0.8981481481481481|0.0011732578277587|0.0028831958770751
88|62|0.8888888888888888|0.001246690750122|0.0027580261230468
88|63|0.8888888888888888|0.0011799335479736|0.0030217170715332
88|64|0.8518518518518519|0.0011861324310302|0.0028071403503417
88|65|0.8703703703703703|0.0011873245239257|0.0029988288879394
88|66|0.8518518518518519|0.0012016296386718|0.0030696392059326
88|67|0.8611111111111112|0.0012085437774658|0.0029871463775634
88|68|0.8611111111111112|0.0012121200561523|0.0031406879425048
88|69|0.8703703703703703|0.0012338161468505|0.0032122135162353
88|70|0.8611111111111112|0.0012342929840087|0.0031790733337402
88|71|0.8611111111111112|0.0012485980987548|0.0032751560211181
88|72|0.8703703703703703|0.0012650489807128|0.0032660961151123
88|73|0.8703703703703703|0.0012707710266113|0.003347635269165
88|74|0.8796296296296297|0.0012762546539306|0.0032904148101806
88|75|0.8888888888888888|0.0013020038604736|0.0033521652221679
88|76|0.8796296296296297|0.0013165473937988|0.0033495426177978
88|77|0.8796296296296297|0.00130295753479|0.0034618377685546
88|78|0.8703703703703703|0.001326560974121|0.0034923553466796
88|79|0.8703703703703703|0.0013661384582519|0.0035710334777832
88|80|0.8703703703703703|0.0013601779937744|0.0036165714263916
88|81|0.8611111111111112|0.001371145248413|0.0036036968231201
88|82|0.8518518518518519|0.0013985633850097|0.0035245418548583
88|83|0.8518518518518519|0.0014243125915527|0.0035963058471679
88|84|0.8703703703703703|0.0014302730560302|0.0036878585815429
88|85|0.8703703703703703|0.0014536380767822|0.0035457611083984
88|86|0.8703703703703703|0.0014808177947998|0.0037450790405273
88|87|0.8888888888888888|0.0014691352844238|0.0039048194885253
88|88|0.8981481481481481|0.0015094280242919|0.0035865306854248
88|89|0.8981481481481481|0.0015158653259277|0.0038509368896484
88|90|0.8981481481481481|0.00156831741333|0.0039741992950439
88|91|0.8981481481481481|0.0015604496002197|0.0040047168731689
88|92|0.8981481481481481|0.0032353401184082|0.0040369033813476
88|93|0.8981481481481481|0.0015633106231689|0.0041220188140869
88|94|0.8981481481481481|0.0015852451324462|0.0041501522064208
88|95|0.8981481481481481|0.0016028881072998|0.0040969848632812
88|96|0.8981481481481481|0.0016415119171142|0.003892183303833
88|97|0.8981481481481481|0.0016150474548339|0.004012107849121
88|98|0.8981481481481481|0.0016620159149169|0.0042331218719482
88|99|0.8981481481481481|0.0017180442810058|0.0041780471801757
88|100|0.8981481481481481|0.0016741752624511|0.0041382312774658
88|101|0.8981481481481481|0.0017032623291015|0.0039267539978027
88|102|0.8981481481481481|0.0017094612121582|0.0043120384216308
88|103|0.8981481481481481|0.0017633438110351|0.004129409790039
88|104|0.8981481481481481|0.0017521381378173|0.0043797492980957
88|105|0.8981481481481481|0.0017879009246826|0.0042293071746826
88|106|0.8981481481481481|0.0018174648284912|0.0044057369232177
88|107|0.8981481481481481|0.0018417835235595|0.0040359497070312
88|108|0.8981481481481481|0.001833438873291|0.0040252208709716
88|109|0.8981481481481481|0.001840591430664|0.0044794082641601
88|110|0.8981481481481481|0.0018348693847656|0.0043678283691406
88|111|0.8981481481481481|0.0018980503082275|0.0040695667266845
88|112|0.8981481481481481|0.001861572265625|0.0045142173767089
88|113|0.8981481481481481|0.0018749237060546|0.0040874481201171
88|114|0.8981481481481481|0.0018727779388427|0.0043833255767822
88|115|0.8981481481481481|0.0019059181213378|0.004556655883789
88|116|0.8981481481481481|0.0019021034240722|0.0044000148773193
88|117|0.8981481481481481|0.0019271373748779|0.0044777393341064
88|118|0.8981481481481481|0.0019397735595703|0.0044817924499511
88|119|0.8981481481481481|0.0019795894622802|0.0044653415679931
88|120|0.8981481481481481|0.0019702911376953|0.0044574737548828
88|121|0.8981481481481481|0.0019757747650146|0.0045192241668701
88|122|0.8981481481481481|0.0019621849060058|0.0044515132904052
88|123|0.8981481481481481|0.0020184516906738|0.0046045780181884
88|124|0.8981481481481481|0.0019850730895996|0.0042424201965332
88|125|0.8981481481481481|0.0020217895507812|0.0042481422424316
88|126|0.8981481481481481|0.0020420551300048|0.0046713352203369
88|127|0.8981481481481481|0.0020442008972167|0.0043089389801025
88|128|0.8981481481481481|0.0020656585693359|0.0046851634979248
88|129|0.8981481481481481|0.0020644664764404|0.0048861503601074
88|130|0.8981481481481481|0.0020678043365478|0.0046777725219726
88|131|0.8981481481481481|0.0020713806152343|0.0046865940093994
88|132|0.8981481481481481|0.0020918846130371|0.0046970844268798
88|133|0.8888888888888888|0.0021140575408935|0.0047955513000488
88|134|0.8888888888888888|0.0021259784698486|0.0046958923339843
88|135|0.8888888888888888|0.0021238327026367|0.0046057701110839
88|136|0.8888888888888888|0.0021431446075439|0.0048222541809082
88|137|0.8888888888888888|0.0021498203277587|0.0048363208770751
88|138|0.8888888888888888|0.0021650791168212|0.0046920776367187
88|139|0.8888888888888888|0.0021653175354003|0.0051357746124267
89|20|0.7962962962962963|0.0012884140014648|
89|21|0.8055555555555556|0.0010061264038085|0.0013782978057861
89|22|0.8055555555555556|0.0010576248168945|0.0013339519500732
89|23|0.7962962962962963|0.0010113716125488|0.0014042854309082
89|24|0.7962962962962963|0.0010359287261962|0.0014481544494628
89|25|0.8240740740740741|0.0010261535644531|0.0014939308166503
89|26|0.7962962962962963|0.0010488033294677|0.0015320777893066
89|27|0.7962962962962963|0.0010621547698974|0.0016350746154785
89|28|0.7962962962962963|0.0010368824005126|0.0016391277313232
89|29|0.7962962962962963|0.0010383129119873|0.0016701221466064
89|30|0.7962962962962963|0.0010552406311035|0.0017645359039306
89|31|0.8148148148148148|0.0010662078857421|0.0017018318176269
89|32|0.8055555555555556|0.0010535717010498|0.0018434524536132
89|33|0.7870370370370371|0.0010383129119873|0.0018761157989501
89|34|0.7962962962962963|0.0010628700256347|0.0018708705902099
89|35|0.7962962962962963|0.0010709762573242|0.0019094944000244
89|36|0.7777777777777778|0.0011308193206787|0.0019083023071289
89|37|0.75|0.0010719299316406|0.0020492076873779
89|38|0.7222222222222222|0.0011348724365234|0.0019857883453369
89|39|0.7592592592592593|0.0010879039764404|0.0021233558654785
89|40|0.7870370370370371|0.0011506080627441|0.0020959377288818
89|41|0.7870370370370371|0.001101016998291|0.0021309852600097
89|42|0.7962962962962963|0.0011298656463623|0.0022666454315185
89|43|0.7870370370370371|0.0011138916015625|0.0022175312042236
89|44|0.7870370370370371|0.0011520385742187|0.0021889209747314
89|45|0.7870370370370371|0.0011155605316162|0.0023002624511718
89|46|0.7685185185185185|0.0011594295501708|0.0022890567779541
89|47|0.7870370370370371|0.0011425018310546|0.0024218559265136
89|48|0.7777777777777778|0.0011978149414062|0.0025415420532226
89|49|0.7962962962962963|0.0011701583862304|0.0024347305297851
89|50|0.7870370370370371|0.0012078285217285|0.0024912357330322
89|51|0.8055555555555556|0.0012061595916748|0.0026283264160156
89|52|0.8055555555555556|0.001251220703125|0.0024938583374023
89|53|0.8055555555555556|0.001209020614624|0.0025587081909179
89|54|0.7962962962962963|0.0012481212615966|0.0025672912597656
89|55|0.7962962962962963|0.0012199878692626|0.0026094913482666
89|56|0.7962962962962963|0.0012540817260742|0.0026483535766601
89|57|0.7962962962962963|0.0012459754943847|0.0027339458465576
89|58|0.7870370370370371|0.0012826919555664|0.0026764869689941
89|59|0.7870370370370371|0.0012824535369873|0.0029447078704833
89|60|0.7870370370370371|0.0013403892517089|0.0027945041656494
89|61|0.7870370370370371|0.0013113021850585|0.0027778148651123
89|62|0.8055555555555556|0.0013606548309326|0.0029358863830566
89|63|0.8055555555555556|0.0013213157653808|0.0029418468475341
89|64|0.8055555555555556|0.0013210773468017|0.0029029846191406
89|65|0.8055555555555556|0.0013298988342285|0.0030999183654785
89|66|0.7962962962962963|0.0013275146484375|0.0029299259185791
89|67|0.7962962962962963|0.001361608505249|0.0029826164245605
89|68|0.7870370370370371|0.0013537406921386|0.0030691623687744
89|69|0.7870370370370371|0.001387596130371|0.0033099651336669
89|70|0.7962962962962963|0.001387596130371|0.0031642913818359
89|71|0.7962962962962963|0.0014140605926513|0.0032839775085449
89|72|0.7962962962962963|0.0014300346374511|0.0034341812133789
89|73|0.7870370370370371|0.001441478729248|0.0031609535217285
89|74|0.7870370370370371|0.0014615058898925|0.0034821033477783
89|75|0.7870370370370371|0.0014820098876953|0.0033357143402099
89|76|0.7870370370370371|0.0014877319335937|0.0032837390899658
89|77|0.7870370370370371|0.0014855861663818|0.0035438537597656
89|78|0.7870370370370371|0.0015254020690917|0.0033307075500488
89|79|0.7962962962962963|0.0015125274658203|0.0034041404724121
89|80|0.8055555555555556|0.0015358924865722|0.0035040378570556
89|81|0.7962962962962963|0.0015439987182617|0.003509521484375
89|82|0.7777777777777778|0.0015633106231689|0.0034935474395751
89|83|0.7962962962962963|0.0015978813171386|0.0036132335662841
89|84|0.7962962962962963|0.0016121864318847|0.0035579204559326
89|85|0.7962962962962963|0.0016567707061767|0.0036334991455078
89|86|0.7962962962962963|0.0016376972198486|0.0036678314208984
89|87|0.7962962962962963|0.0016176700592041|0.003608226776123
89|88|0.7962962962962963|0.0016403198242187|0.0037047863006591
89|89|0.8055555555555556|0.0026476383209228|0.0055532455444335
89|90|0.8055555555555556|0.0017147064208984|0.0037629604339599
89|91|0.8055555555555556|0.0017457008361816|0.003782033920288
89|92|0.8055555555555556|0.0018205642700195|0.0038309097290039
89|93|0.8055555555555556|0.0017628669738769|0.0039210319519042
89|94|0.8055555555555556|0.0017993450164794|0.0037994384765625
89|95|0.8055555555555556|0.0018327236175537|0.0038411617279052
89|96|0.8055555555555556|0.0018317699432373|0.0038223266601562
89|97|0.8055555555555556|0.0018784999847412|0.003932237625122
89|98|0.8055555555555556|0.0018470287322998|0.0039668083190917
89|99|0.8055555555555556|0.0019137859344482|0.0038905143737792
89|100|0.8055555555555556|0.001816987991333|0.0039310455322265
89|101|0.8055555555555556|0.0018355846405029|0.0039765834808349
89|102|0.8055555555555556|0.0018472671508789|0.0040290355682373
89|103|0.8055555555555556|0.001863956451416|0.0039005279541015
89|104|0.8055555555555556|0.0018749237060546|0.0040323734283447
89|105|0.8055555555555556|0.0018355846405029|0.0041871070861816
89|106|0.8148148148148148|0.0018842220306396|0.0043067932128906
89|107|0.8148148148148148|0.0019185543060302|0.0040879249572753
89|108|0.8148148148148148|0.0019202232360839|0.0040140151977539
89|109|0.8148148148148148|0.0018892288208007|0.004352331161499
89|110|0.8148148148148148|0.0018701553344726|0.0040779113769531
89|111|0.8148148148148148|0.0019621849060058|0.0041286945343017
89|112|0.8148148148148148|0.0019123554229736|0.0040578842163085
89|113|0.8148148148148148|0.0018732547760009|0.0041463375091552
89|114|0.8240740740740741|0.0019328594207763|0.0041522979736328
89|115|0.8240740740740741|0.001936912536621|0.0040986537933349
89|116|0.8240740740740741|0.0019433498382568|0.0042231082916259
89|117|0.8240740740740741|0.0019280910491943|0.004178762435913
89|118|0.8240740740740741|0.0019402503967285|0.0041475296020507
89|119|0.8240740740740741|0.0019659996032714|0.0041532516479492
89|120|0.8240740740740741|0.0019371509552001|0.004213809967041
89|121|0.8240740740740741|0.0019366741180419|0.0042150020599365
89|122|0.8240740740740741|0.001948595046997|0.0041780471801757
89|123|0.8240740740740741|0.0019688606262207|0.0042195320129394
89|124|0.8240740740740741|0.0019946098327636|0.004518985748291
89|125|0.8055555555555556|0.0020298957824707|0.0043416023254394
89|126|0.8055555555555556|0.0020654201507568|0.0042667388916015
89|127|0.8055555555555556|0.0021235942840576|0.0042934417724609
89|128|0.8055555555555556|0.002098798751831|0.0043108463287353
89|129|0.8055555555555556|0.002077579498291|0.0042283535003662
89|130|0.8055555555555556|0.0020914077758789|0.004343032836914
89|131|0.8055555555555556|0.0020861625671386|0.0043737888336181
89|132|0.8055555555555556|0.0020911693572998|0.0046613216400146
89|133|0.8055555555555556|0.002105712890625|0.0043690204620361
89|134|0.8055555555555556|0.0021002292633056|0.0043094158172607
89|135|0.8055555555555556|0.0021166801452636|0.004352331161499
89|136|0.8055555555555556|0.0021159648895263|0.0046348571777343
89|137|0.8055555555555556|0.0021653175354003|0.0046312808990478
89|138|0.8055555555555556|0.002122163772583|0.0042972564697265
89|139|0.8055555555555556|0.0021576881408691|0.0043861865997314
85|20|0.7222222222222222|0.0014684200286865|
85|21|0.7314814814814815|0.0010194778442382|0.001408576965332
85|22|0.7222222222222222|0.0010979175567626|0.0013463497161865
85|23|0.7407407407407407|0.0010185241699218|0.0014472007751464
85|24|0.75|0.001044750213623|0.0014801025390625
85|25|0.75|0.0010123252868652|0.0015640258789062
85|26|0.7592592592592593|0.0009946823120117|0.0015077590942382
85|27|0.7592592592592593|0.0010368824005126|0.00152587890625
85|28|0.75|0.0010821819305419|0.0015995502471923
85|29|0.7685185185185185|0.0010299682617187|0.0016818046569824
85|30|0.7777777777777778|0.0010900497436523|0.00169038772583
85|31|0.8333333333333334|0.0010409355163574|0.0017225742340087
85|32|0.8240740740740741|0.0010406970977783|0.0017657279968261
85|33|0.8333333333333334|0.0010211467742919|0.0018188953399658
85|34|0.8518518518518519|0.0010912418365478|0.0018432140350341
85|35|0.8333333333333334|0.001054048538208|0.0018596649169921
85|36|0.8333333333333334|0.0011014938354492|0.0019571781158447
85|37|0.8425925925925926|0.0010762214660644|0.0019516944885253
85|38|0.8148148148148148|0.0012078285217285|0.0020573139190673
85|39|0.8148148148148148|0.0011012554168701|0.0020182132720947
85|40|0.8148148148148148|0.0011203289031982|0.0020933151245117
85|41|0.8055555555555556|0.0010981559753417|0.0021731853485107
85|42|0.8148148148148148|0.0011563301086425|0.0021953582763671
85|43|0.8055555555555556|0.0011298656463623|0.0022113323211669
85|44|0.8148148148148148|0.001150369644165|0.002256155014038
85|45|0.8240740740740741|0.001131534576416|0.0022332668304443
85|46|0.8333333333333334|0.0012047290802001|0.0022957324981689
85|47|0.8333333333333334|0.0011355876922607|0.002373456954956
85|48|0.8240740740740741|0.0011882781982421|0.0024101734161376
85|49|0.8240740740740741|0.0011732578277587|0.0024735927581787
85|50|0.8240740740740741|0.0012111663818359|0.0023608207702636
85|51|0.8055555555555556|0.0011754035949707|0.0025303363800048
85|52|0.7962962962962963|0.0011916160583496|0.002453327178955
85|53|0.8055555555555556|0.0011763572692871|0.0025227069854736
85|54|0.8148148148148148|0.0012149810791015|0.002720832824707
85|55|0.8055555555555556|0.0012094974517822|0.0027093887329101
85|56|0.8055555555555556|0.0012433528900146|0.0027384757995605
85|57|0.8148148148148148|0.0012731552124023|0.0026862621307373
85|58|0.8148148148148148|0.0012950897216796|0.0026724338531494
85|59|0.8240740740740741|0.0012547969818115|0.0028042793273925
85|60|0.8240740740740741|0.0013158321380615|0.0028388500213623
85|61|0.8240740740740741|0.0012722015380859|0.0028254985809326
85|62|0.8148148148148148|0.0013477802276611|0.002793550491333
85|63|0.8148148148148148|0.00128173828125|0.0028145313262939
85|64|0.8055555555555556|0.0012826919555664|0.0030171871185302
85|65|0.8055555555555556|0.0012810230255126|0.0029935836791992
85|66|0.8148148148148148|0.0013103485107421|0.0029184818267822
85|67|0.7962962962962963|0.0013251304626464|0.0029468536376953
85|68|0.7962962962962963|0.0013728141784667|0.0029666423797607
85|69|0.7962962962962963|0.0013279914855957|0.0031599998474121
85|70|0.7962962962962963|0.0013952255249023|0.0032110214233398
85|71|0.7962962962962963|0.0014004707336425|0.0030634403228759
85|72|0.7962962962962963|0.0013768672943115|0.0033082962036132
85|73|0.7962962962962963|0.0013947486877441|0.003197431564331
85|74|0.7962962962962963|0.0014288425445556|0.0032193660736083
85|75|0.8055555555555556|0.0014290809631347|0.0033817291259765
85|76|0.8148148148148148|0.0014145374298095|0.0032343864440917
85|77|0.8148148148148148|0.0014736652374267|0.0032546520233154
85|78|0.8055555555555556|0.0018138885498046|0.0035390853881835
85|79|0.8055555555555556|0.001551866531372|0.0034742355346679
85|80|0.8055555555555556|0.0015270709991455|0.0036230087280273
85|81|0.8148148148148148|0.0015325546264648|0.0035846233367919
85|82|0.8148148148148148|0.0015571117401123|0.0036029815673828
85|83|0.8148148148148148|0.0016405582427978|0.0034310817718505
85|84|0.8148148148148148|0.0015971660614013|0.0035293102264404
85|85|0.8148148148148148|0.0016121864318847|0.0036628246307373
85|86|0.8148148148148148|0.0016109943389892|0.0036611557006835
85|87|0.8148148148148148|0.0016860961914062|0.0037086009979248
85|88|0.8148148148148148|0.001662254333496|0.0038464069366455
85|89|0.8148148148148148|0.0016620159149169|0.003650426864624
85|90|0.8148148148148148|0.0016698837280273|0.0038940906524658
85|91|0.8148148148148148|0.0016975402832031|0.0036799907684326
85|92|0.8148148148148148|0.0017180442810058|0.0040340423583984
85|93|0.8148148148148148|0.0017228126525878|0.0036981105804443
85|94|0.8148148148148148|0.0017693042755126|0.0039196014404296
85|95|0.8148148148148148|0.0017714500427246|0.00388765335083
85|96|0.8148148148148148|0.0017552375793457|0.0038619041442871
85|97|0.8148148148148148|0.0017285346984863|0.0040390491485595
85|98|0.8148148148148148|0.001755952835083|0.0040359497070312
85|99|0.8148148148148148|0.0018002986907958|0.0037982463836669
85|100|0.8148148148148148|0.0017800331115722|0.0038468837738037
85|101|0.8148148148148148|0.0018110275268554|0.0040316581726074
85|102|0.8148148148148148|0.0018393993377685|0.0040400028228759
85|103|0.8148148148148148|0.0018420219421386|0.0039396286010742
85|104|0.8148148148148148|0.0018346309661865|0.0039160251617431
85|105|0.8148148148148148|0.0018386840820312|0.00423264503479
85|106|0.8148148148148148|0.0018343925476074|0.0039455890655517
85|107|0.8148148148148148|0.0019011497497558|0.0041987895965576
85|108|0.8148148148148148|0.0019772052764892|0.0042390823364257
85|109|0.8148148148148148|0.001971960067749|0.004347801208496
85|110|0.8148148148148148|0.0019423961639404|0.004169225692749
85|111|0.8148148148148148|0.0020115375518798|0.0043575763702392
85|112|0.8148148148148148|0.0020067691802978|0.0043988227844238
85|113|0.8148148148148148|0.0020003318786621|0.0044469833374023
85|114|0.8148148148148148|0.002000093460083|0.0043106079101562
85|115|0.8148148148148148|0.0020186901092529|0.0042586326599121
85|116|0.8148148148148148|0.0020422935485839|0.004349946975708
85|117|0.8148148148148148|0.0020396709442138|0.0044696331024169
85|118|0.8148148148148148|0.0020415782928466|0.0044810771942138
85|119|0.8148148148148148|0.0020537376403808|0.004504919052124
85|120|0.8148148148148148|0.0020403861999511|0.0043549537658691
85|121|0.8148148148148148|0.0020508766174316|0.00439453125
85|122|0.8148148148148148|0.0020484924316406|0.0041806697845458
85|123|0.8148148148148148|0.002082347869873|0.00417160987854
85|124|0.8148148148148148|0.0020713806152343|0.0043959617614746
85|125|0.8148148148148148|0.0020813941955566|0.0041525363922119
85|126|0.8148148148148148|0.0020914077758789|0.0043814182281494
85|127|0.8148148148148148|0.0021138191223144|0.0044844150543212
85|128|0.8148148148148148|0.0021507740020751|0.0047638416290283
85|129|0.8240740740740741|0.0021564960479736|0.0043659210205078
85|130|0.8240740740740741|0.0021703243255615|0.0044150352478027
85|131|0.8240740740740741|0.0021719932556152|0.0044898986816406
85|132|0.8240740740740741|0.0022079944610595|0.0046803951263427
85|133|0.8240740740740741|0.0021963119506835|0.0046138763427734
85|134|0.8055555555555556|0.0021970272064208|0.0044095516204833
85|135|0.8055555555555556|0.0022628307342529|0.0044524669647216
85|136|0.8055555555555556|0.0022461414337158|0.0043182373046875
85|137|0.8055555555555556|0.0022468566894531|0.0044779777526855
85|138|0.8055555555555556|0.0022900104522705|0.0043420791625976
85|139|0.8055555555555556|0.0022940635681152|0.004946231842041
84|139|0.8240740740740741|0.0021851062774658|0.0043540000915527
84|140|0.8240740740740741|0.0021901130676269|0.0043153762817382
84|141|0.8240740740740741|0.0022029876708984|0.0045180320739746
84|142|0.8240740740740741|0.0022041797637939|0.0043337345123291
84|143|0.8240740740740741|0.0021982192993164|0.0043373107910156
84|144|0.8240740740740741|0.0022037029266357|0.0043447017669677
84|145|0.8240740740740741|0.0022151470184326|0.0043480396270751
84|146|0.8240740740740741|0.0022172927856445|0.0043504238128662
84|147|0.8240740740740741|0.0022478103637695|0.0043671131134033
84|148|0.8240740740740741|0.0022759437561035|0.0043609142303466
84|149|0.8240740740740741|0.0022158622741699|0.0043604373931884
84|150|0.8240740740740741|0.0022647380828857|0.0043668746948242
84|151|0.8240740740740741|0.0022408962249755|0.0043907165527343
84|152|0.8240740740740741|0.0022592544555664|0.0043911933898925
84|153|0.8240740740740741|0.0022704601287841|0.0043463706970214
84|154|0.8240740740740741|0.0022692680358886|0.0043458938598632
84|155|0.8240740740740741|0.0022816658020019|0.0045523643493652
84|156|0.8240740740740741|0.0023345947265625|0.0043699741363525
84|157|0.8240740740740741|0.0022847652435302|0.0043659210205078
84|158|0.8240740740740741|0.0022978782653808|0.0043666362762451
84|159|0.8240740740740741|0.0023198127746582|0.0043690204620361
84|160|0.8240740740740741|0.0023651123046875|0.0043652057647705
84|161|0.8240740740740741|0.0023140907287597|0.0043697357177734
84|162|0.8240740740740741|0.0023472309112548|0.0044853687286376
87|140|0.8333333333333334|0.0021281242370605|0.0043492317199707
87|141|0.8333333333333334|0.0021228790283203|0.0045859813690185
87|142|0.8333333333333334|0.0021109580993652|0.0046017169952392
87|143|0.8333333333333334|0.0021297931671142|0.0043616294860839
87|144|0.8333333333333334|0.0021357536315917|0.0043790340423583
87|145|0.8333333333333334|0.0021731853485107|0.0044784545898437
87|146|0.8333333333333334|0.0021498203277587|0.004420518875122
87|147|0.8333333333333334|0.0021295547485351|0.0043818950653076
87|148|0.8333333333333334|0.0021607875823974|0.0044803619384765
87|149|0.8333333333333334|0.0021359920501708|0.0044708251953125
87|150|0.8333333333333334|0.0021426677703857|0.0046288967132568
87|151|0.8333333333333334|0.0021536350250244|0.0043554306030273
87|152|0.8333333333333334|0.0021638870239257|0.0043902397155761
87|153|0.8333333333333334|0.0021953582763671|0.0043721199035644
87|154|0.8333333333333334|0.0021870136260986|0.0045890808105468
87|155|0.8333333333333334|0.0022132396697998|0.0044164657592773
87|156|0.8333333333333334|0.0022215843200683|0.004481554031372
87|157|0.8333333333333334|0.0022022724151611|0.0046255588531494
87|158|0.8333333333333334|0.0022032260894775|0.0045194625854492
87|159|0.8333333333333334|0.0022521018981933|0.0044903755187988
87|160|0.8333333333333334|0.0022194385528564|0.0043678283691406
87|161|0.8333333333333334|0.0022363662719726|0.0044424533843994
87|162|0.8333333333333334|0.0022737979888916|0.0043826103210449
82|139|0.7870370370370371|0.0021712779998779|0.0049726963043212
82|140|0.7870370370370371|0.0021765232086181|0.0046648979187011
82|141|0.7870370370370371|0.0022037029266357|0.0046508312225341
82|142|0.7870370370370371|0.0021939277648925|0.0045132637023925
82|143|0.7870370370370371|0.0021994113922119|0.0044915676116943
82|144|0.7870370370370371|0.0022351741790771|0.0046780109405517
82|145|0.7870370370370371|0.0022251605987548|0.0045933723449707
82|146|0.7870370370370371|0.0022306442260742|0.0047056674957275
82|147|0.7870370370370371|0.0022244453430175|0.0046002864837646
82|148|0.7870370370370371|0.0022599697113037|0.0046935081481933
82|149|0.7870370370370371|0.0022358894348144|0.0049154758453369
82|150|0.7870370370370371|0.0022463798522949|0.0048675537109375
82|151|0.7870370370370371|0.0022711753845214|0.0046017169952392
82|152|0.7870370370370371|0.0023133754730224|0.0044589042663574
82|153|0.7870370370370371|0.0022816658020019|0.0045263767242431
82|154|0.7870370370370371|0.002293586730957|0.0045747756958007
82|155|0.7870370370370371|0.0022921562194824|0.004775047302246
82|156|0.7870370370370371|0.0023105144500732|0.0051593780517578
82|157|0.7870370370370371|0.0022950172424316|0.0045905113220214
82|158|0.7870370370370371|0.0023145675659179|0.0046088695526123
82|159|0.7870370370370371|0.0023159980773925|0.004751443862915
82|160|0.7870370370370371|0.0023319721221923|0.0047090053558349
82|161|0.7870370370370371|0.002457857131958|0.0046305656433105
82|162|0.7870370370370371|0.0025305747985839|0.0047614574432373
83|140|0.8703703703703703|0.0021941661834716|0.0044550895690917
83|141|0.8703703703703703|0.0022120475769042|0.0044770240783691
83|142|0.8796296296296297|0.0022919178009033|0.0046854019165039
83|143|0.8796296296296297|0.0022928714752197|0.004920482635498
83|144|0.8796296296296297|0.0022931098937988|0.0048024654388427
83|145|0.8796296296296297|0.0022997856140136|0.0045359134674072
83|146|0.8796296296296297|0.0023195743560791|0.0050351619720458
83|147|0.8796296296296297|0.0023155212402343|0.0045011043548583
83|148|0.8796296296296297|0.0023117065429687|0.0045583248138427
83|149|0.8796296296296297|0.0023152828216552|0.004582405090332
83|150|0.8796296296296297|0.0023243427276611|0.0045251846313476
83|151|0.8796296296296297|0.0023164749145507|0.0047833919525146
83|152|0.8796296296296297|0.0023272037506103|0.0045371055603027
83|153|0.8796296296296297|0.0023515224456787|0.0046770572662353
83|154|0.8796296296296297|0.0023541450500488|0.0047812461853027
83|155|0.8796296296296297|0.0023810863494873|0.0045199394226074
83|156|0.8796296296296297|0.0023484230041503|0.0045430660247802
83|157|0.8796296296296297|0.0023701190948486|0.0045859813690185
83|158|0.8796296296296297|0.0023844242095947|0.0048940181732177
83|159|0.8796296296296297|0.0026233196258544|0.0045254230499267
83|160|0.8796296296296297|0.0023951530456542|0.0049517154693603
83|161|0.8796296296296297|0.0025057792663574|0.0045862197875976
83|162|0.8796296296296297|0.0026643276214599|0.0046267509460449
80|140|0.7777777777777778|0.0021717548370361|0.0043756961822509
80|141|0.7777777777777778|0.0021767616271972|0.0042855739593505
80|142|0.7777777777777778|0.0022060871124267|0.0043551921844482
80|143|0.7777777777777778|0.0021936893463134|0.0045697689056396
80|144|0.7777777777777778|0.0021958351135253|0.0043685436248779
80|145|0.7777777777777778|0.0022072792053222|0.0045592784881591
80|146|0.7777777777777778|0.0022175312042236|0.0045931339263916
80|147|0.7777777777777778|0.0022058486938476|0.0044236183166503
80|148|0.7777777777777778|0.002230167388916|0.0043714046478271
80|149|0.7777777777777778|0.0022218227386474|0.0044615268707275
80|150|0.7777777777777778|0.0022590160369873|0.0043389797210693
80|151|0.7777777777777778|0.00223970413208|0.0045247077941894
80|152|0.7777777777777778|0.0022494792938232|0.0045001506805419
80|153|0.7777777777777778|0.0022895336151123|0.0043518543243408
80|154|0.7777777777777778|0.0022535324096679|0.0044817924499511
80|155|0.7777777777777778|0.0022766590118408|0.0043714046478271
80|156|0.7777777777777778|0.0023169517517089|0.0044000148773193
80|157|0.7777777777777778|0.0022869110107421|0.0045545101165771
80|158|0.7777777777777778|0.0023057460784912|0.0046007633209228
80|159|0.7777777777777778|0.002317190170288|0.0042929649353027
80|160|0.7777777777777778|0.0023262500762939|0.0045807361602783
80|161|0.7777777777777778|0.0023133754730224|0.0044503211975097
80|162|0.7777777777777778|0.0023479461669921|0.0043737888336181
81|140|0.8518518518518519|0.0022516250610351|0.0046708583831787
81|141|0.8518518518518519|0.0022780895233154|0.0047035217285156
81|142|0.8518518518518519|0.0022706985473632|0.0046935081481933
81|143|0.8518518518518519|0.0022928714752197|0.0046579837799072
81|144|0.8518518518518519|0.0022928714752197|0.0043940544128417
81|145|0.8518518518518519|0.0022742748260498|0.0046873092651367
81|146|0.8518518518518519|0.0022754669189453|0.004702091217041
81|147|0.8518518518518519|0.0023248195648193|0.0047774314880371
81|148|0.8518518518518519|0.002345323562622|0.0044944286346435
81|149|0.8518518518518519|0.0023164749145507|0.0044760704040527
81|150|0.8518518518518519|0.0023159980773925|0.0044531822204589
81|151|0.8518518518518519|0.0023412704467773|0.0044705867767333
81|152|0.8518518518518519|0.0023303031921386|0.0044379234313964
81|153|0.8518518518518519|0.0023524761199951|0.0044894218444824
81|154|0.8518518518518519|0.0023729801177978|0.0045619010925292
81|155|0.8518518518518519|0.0023620128631591|0.0047388076782226
81|156|0.8518518518518519|0.0023732185363769|0.0045263767242431
81|157|0.8518518518518519|0.0023949146270751|0.0046374797821044
81|158|0.8518518518518519|0.0024073123931884|0.0044865608215332
81|159|0.8518518518518519|0.002399206161499|0.0044882297515869
81|160|0.8518518518518519|0.0024278163909912|0.0045974254608154
81|161|0.8518518518518519|0.002443790435791|0.0044713020324707
81|162|0.8518518518518519|0.0025238990783691|0.0046234130859375
86|139|0.8425925925925926|0.002242088317871|0.0043416023254394
86|140|0.8425925925925926|0.0022552013397216|0.0043952465057373
86|141|0.8425925925925926|0.0024223327636718|0.0045163631439208
86|142|0.8425925925925926|0.002310037612915|0.0043706893920898
86|143|0.8425925925925926|0.0023250579833984|0.0044047832489013
86|144|0.8425925925925926|0.0022857189178466|0.0047607421875
86|145|0.8425925925925926|0.0023491382598876|0.0047461986541748
86|146|0.8425925925925926|0.0023164749145507|0.0044527053833007
86|147|0.8425925925925926|0.0023260116577148|0.0044922828674316
86|148|0.8425925925925926|0.0023627281188964|0.0044937133789062
86|149|0.8425925925925926|0.0023643970489501|0.004462718963623
86|150|0.8425925925925926|0.0023488998413085|0.0045740604400634
86|151|0.8425925925925926|0.0023558139801025|0.004481554031372
86|152|0.8425925925925926|0.0023624897003173|0.004744529724121
86|153|0.8425925925925926|0.0024032592773437|0.0044691562652587
86|154|0.8425925925925926|0.0024008750915527|0.0044703483581542
86|155|0.8425925925925926|0.0024056434631347|0.0046164989471435
86|156|0.8425925925925926|0.0024018287658691|0.0046079158782958
86|157|0.8425925925925926|0.0024211406707763|0.0046970844268798
86|158|0.8425925925925926|0.0024445056915283|0.0045709609985351
86|159|0.8425925925925926|0.0024902820587158|0.0048592090606689
86|160|0.8425925925925926|0.0025217533111572|0.0047085285186767
86|161|0.8425925925925926|0.0025737285614013|0.0045573711395263
86|162|0.8425925925925926|0.0026450157165527|0.0049295425415039
89|140|0.8055555555555556|0.0021917819976806|0.0043165683746337
89|141|0.8055555555555556|0.0022346973419189|0.0044028759002685
89|142|0.8055555555555556|0.0022833347320556|0.0044152736663818
89|143|0.8055555555555556|0.0022535324096679|0.0044536590576171
89|144|0.8055555555555556|0.0022602081298828|0.0045797824859619
89|145|0.8055555555555556|0.0023074150085449|0.0043926239013671
89|146|0.8055555555555556|0.002267837524414|0.0044066905975341
89|147|0.8055555555555556|0.0022821426391601|0.0044071674346923
89|148|0.8055555555555556|0.0023195743560791|0.0044119358062744
89|149|0.8055555555555556|0.0022871494293212|0.0042951107025146
89|150|0.8055555555555556|0.0022625923156738|0.0043632984161376
89|151|0.8055555555555556|0.0022993087768554|0.0043509006500244
89|152|0.8055555555555556|0.002251386642456|0.0044014453887939
89|153|0.8055555555555556|0.0022802352905273|0.0043601989746093
89|154|0.8055555555555556|0.0022785663604736|0.0046663284301757
89|155|0.8055555555555556|0.0022857189178466|0.0046155452728271
89|156|0.8055555555555556|0.0022857189178466|0.0044353008270263
89|157|0.8055555555555556|0.0022974014282226|0.004338264465332
89|158|0.8055555555555556|0.0023140907287597|0.0044350624084472
89|159|0.8055555555555556|0.0023717880249023|0.0043501853942871
89|160|0.8055555555555556|0.0034084320068359|0.0044226646423339
89|161|0.8055555555555556|0.0025243759155273|0.0044736862182617
89|162|0.8055555555555556|0.0024952888488769|0.0044138431549072
88|140|0.8888888888888888|0.0021703243255615|0.0048701763153076
88|141|0.8888888888888888|0.0021991729736328|0.00486421585083
88|142|0.8888888888888888|0.0022013187408447|0.0048480033874511
88|143|0.8888888888888888|0.0021944046020507|0.0048968791961669
88|144|0.8888888888888888|0.00221848487854|0.004880666732788
88|145|0.8888888888888888|0.002211570739746|0.0047531127929687
88|146|0.8888888888888888|0.0022428035736083|0.0046479701995849
88|147|0.8888888888888888|0.0022447109222412|0.0047273635864257
88|148|0.8888888888888888|0.0022411346435546|0.004685640335083
88|149|0.8888888888888888|0.0022411346435546|0.0047714710235595
88|150|0.8888888888888888|0.0022826194763183|0.0049884319305419
88|151|0.8888888888888888|0.0022714138031005|0.0046780109405517
88|152|0.8888888888888888|0.0022740364074707|0.0047900676727294
88|153|0.8888888888888888|0.0023343563079833|0.0047616958618164
88|154|0.8888888888888888|0.0025470256805419|0.0048203468322753
88|155|0.8888888888888888|0.0026416778564453|0.00484299659729
88|156|0.8888888888888888|0.0028369426727294|0.0047788619995117
88|157|0.8888888888888888|0.0027201175689697|0.0045671463012695
88|158|0.8888888888888888|0.0027027130126953|0.0045719146728515
88|159|0.8888888888888888|0.0026178359985351|0.0045900344848632
88|160|0.8888888888888888|0.0022675991058349|0.0044496059417724
88|161|0.8888888888888888|0.0021929740905761|0.0045404434204101
88|162|0.8888888888888888|0.0022528171539306|0.0046107769012451
85|140|0.8055555555555556|0.0023002624511718|0.0045547485351562
85|141|0.8055555555555556|0.0023314952850341|0.0047399997711181
85|142|0.8055555555555556|0.0022649765014648|0.0043964385986328
85|143|0.8055555555555556|0.0022697448730468|0.0045371055603027
85|144|0.8055555555555556|0.0022826194763183|0.0044891834259033
85|145|0.8055555555555556|0.0023090839385986|0.0046741962432861
85|146|0.8055555555555556|0.0023276805877685|0.0049819946289062
85|147|0.8055555555555556|0.0023283958435058|0.004643440246582
85|148|0.8055555555555556|0.0023162364959716|0.0046150684356689
85|149|0.8055555555555556|0.0023317337036132|0.0044946670532226
85|150|0.8055555555555556|0.0023138523101806|0.0044176578521728
85|151|0.8055555555555556|0.0023455619812011|0.0044362545013427
85|152|0.8055555555555556|0.0023801326751708|0.0045027732849121
85|153|0.8055555555555556|0.0024123191833496|0.0046737194061279
85|154|0.8055555555555556|0.0024197101593017|0.0045790672302246
85|155|0.8055555555555556|0.0025291442871093|0.0044608116149902
85|156|0.8055555555555556|0.0024662017822265|0.0046215057373046
85|157|0.8055555555555556|0.0025370121002197|0.0047125816345214
85|158|0.8055555555555556|0.0026783943176269|0.0046827793121337
85|159|0.8055555555555556|0.0026085376739501|0.0044853687286376
85|160|0.8055555555555556|0.0026869773864746|0.0045750141143798
85|161|0.8055555555555556|0.0025482177734375|0.0045042037963867
85|162|0.8055555555555556|0.0023462772369384|0.004117727279663
96|20|0.8425925925925926|0.0012595653533935|
96|21|0.7962962962962963|0.0009584426879882|0.0013272762298583
96|22|0.8148148148148148|0.0009980201721191|0.0013437271118164
96|23|0.8148148148148148|0.0009572505950927|0.0013434886932373
96|24|0.8148148148148148|0.0009984970092773|0.0013864040374755
96|25|0.8240740740740741|0.0009708404541015|0.0014033317565917
96|26|0.8148148148148148|0.0009915828704833|0.0014460086822509
96|27|0.8148148148148148|0.0009756088256835|0.0015273094177246
96|28|0.8333333333333334|0.0009763240814208|0.0016169548034667
96|29|0.8425925925925926|0.0009675025939941|0.0015549659729003
96|30|0.8425925925925926|0.0009965896606445|0.0016369819641113
96|31|0.8518518518518519|0.0009934902191162|0.0016508102416992
96|32|0.8333333333333334|0.0009958744049072|0.0017521381378173
96|33|0.8055555555555556|0.0009820461273193|0.0017464160919189
96|34|0.8333333333333334|0.0009915828704833|0.0018138885498046
96|35|0.8055555555555556|0.0009956359863281|0.0018525123596191
96|36|0.8148148148148148|0.0010454654693603|0.0019178390502929
96|37|0.8148148148148148|0.0010087490081787|0.001894474029541
96|38|0.8148148148148148|0.0010643005371093|0.0019497871398925
96|39|0.8148148148148148|0.0010221004486083|0.0020787715911865
96|40|0.8055555555555556|0.0010733604431152|0.0020880699157714
96|41|0.8148148148148148|0.0010492801666259|0.0021123886108398
96|42|0.7777777777777778|0.0011005401611328|0.0022425651550292
96|43|0.7685185185185185|0.0010654926300048|0.0021381378173828
96|44|0.7962962962962963|0.0010848045349121|0.0022094249725341
96|45|0.7777777777777778|0.0010631084442138|0.0022611618041992
96|46|0.7870370370370371|0.0011019706726074|0.0023889541625976
96|47|0.7777777777777778|0.0010631084442138|0.0022718906402587
96|48|0.7777777777777778|0.0011050701141357|0.0023543834686279
96|49|0.7870370370370371|0.0010688304901123|0.0024263858795166
96|50|0.7777777777777778|0.0011248588562011|0.002418041229248
96|51|0.7870370370370371|0.0011022090911865|0.0024545192718505
96|52|0.7777777777777778|0.0011398792266845|0.0025830268859863
96|53|0.7685185185185185|0.0011200904846191|0.0026361942291259
96|54|0.7777777777777778|0.0011634826660156|0.0026509761810302
96|55|0.7685185185185185|0.0011377334594726|0.0026569366455078
96|56|0.7777777777777778|0.0011696815490722|0.0026955604553222
96|57|0.7870370370370371|0.0011494159698486|0.0027225017547607
96|58|0.7777777777777778|0.0011918544769287|0.0026657581329345
96|59|0.7962962962962963|0.0011708736419677|0.0026445388793945
96|60|0.7962962962962963|0.0012125968933105|0.0028424263000488
96|61|0.7962962962962963|0.0011882781982421|0.0028843879699707
96|62|0.7870370370370371|0.0012423992156982|0.0029106140136718
96|63|0.7870370370370371|0.001197338104248|0.0029792785644531
96|64|0.8055555555555556|0.0012049674987792|0.0027859210968017
96|65|0.7962962962962963|0.0012249946594238|0.0028266906738281
96|66|0.7870370370370371|0.0012340545654296|0.0030610561370849
96|67|0.7777777777777778|0.0012285709381103|0.003098726272583
96|68|0.7685185185185185|0.0012509822845458|0.002997875213623
96|69|0.7685185185185185|0.0012600421905517|0.0031130313873291
96|70|0.7870370370370371|0.0012609958648681|0.0031373500823974
96|71|0.7777777777777778|0.0012831687927246|0.0029985904693603
96|72|0.7777777777777778|0.0012712478637695|0.00325608253479
96|73|0.7777777777777778|0.001317024230957|0.0032634735107421
96|74|0.7777777777777778|0.0013079643249511|0.0032615661621093
96|75|0.7777777777777778|0.0013251304626464|0.003129243850708
96|76|0.7777777777777778|0.0013380050659179|0.0034284591674804
96|77|0.7777777777777778|0.001347541809082|0.0031840801239013
96|78|0.7685185185185185|0.001359224319458|0.003481388092041
96|79|0.7685185185185185|0.0013964176177978|0.0034346580505371
96|80|0.7685185185185185|0.0014078617095947|0.0032873153686523
96|81|0.7592592592592593|0.0013973712921142|0.0034761428833007
96|82|0.7685185185185185|0.0014142990112304|0.003575325012207
96|83|0.7592592592592593|0.0014293193817138|0.0033626556396484
96|84|0.7592592592592593|0.0014493465423583|0.0034074783325195
96|85|0.7592592592592593|0.0014653205871582|0.0035321712493896
96|86|0.75|0.0014803409576416|0.0036935806274414
96|87|0.7592592592592593|0.001509666442871|0.0036401748657226
96|88|0.7592592592592593|0.0015063285827636|0.0035197734832763
96|89|0.7592592592592593|0.0015211105346679|0.0035340785980224
96|90|0.7592592592592593|0.0015439987182617|0.0038073062896728
96|91|0.7592592592592593|0.0016744136810302|0.0037202835083007
96|92|0.7592592592592593|0.001579999923706|0.0038070678710937
96|93|0.7592592592592593|0.0016167163848876|0.0039770603179931
96|94|0.7592592592592593|0.0015985965728759|0.0038578510284423
96|95|0.7685185185185185|0.0016252994537353|0.0039591789245605
96|96|0.7592592592592593|0.0016379356384277|0.0038940906524658
96|97|0.7592592592592593|0.0016546249389648|0.0038707256317138
96|98|0.7592592592592593|0.0017173290252685|0.0040552616119384
96|99|0.7592592592592593|0.0017611980438232|0.0040345191955566
96|100|0.7592592592592593|0.0017588138580322|0.0039064884185791
96|101|0.7592592592592593|0.0017833709716796|0.0040645599365234
96|102|0.7592592592592593|0.001779556274414|0.0042271614074707
96|103|0.7592592592592593|0.0017578601837158|0.0040135383605957
96|104|0.7592592592592593|0.0017497539520263|0.0041751861572265
96|105|0.7592592592592593|0.0017449855804443|0.0040144920349121
96|106|0.7592592592592593|0.0017740726470947|0.0040485858917236
96|107|0.7685185185185185|0.0017738342285156|0.0043740272521972
96|108|0.7685185185185185|0.0017988681793212|0.0040154457092285
96|109|0.7685185185185185|0.0018048286437988|0.0043096542358398
96|110|0.7592592592592593|0.0019001960754394|0.004300832748413
96|111|0.7592592592592593|0.0018477439880371|0.0040504932403564
96|112|0.7592592592592593|0.0018413066864013|0.0043802261352539
96|113|0.7592592592592593|0.0018451213836669|0.0040709972381591
96|114|0.7592592592592593|0.0018444061279296|0.0044195652008056
96|115|0.7592592592592593|0.0018684864044189|0.0043818950653076
96|116|0.7592592592592593|0.0018625259399414|0.0042595863342285
96|117|0.7592592592592593|0.0018775463104248|0.0043051242828369
96|118|0.7592592592592593|0.0018932819366455|0.0041446685791015
96|119|0.7592592592592593|0.0018966197967529|0.0044713020324707
96|120|0.75|0.0018980503082275|0.0044662952423095
96|121|0.75|0.0018966197967529|0.0047111511230468
96|122|0.75|0.0019111633300781|0.00445556640625
96|123|0.7592592592592593|0.001920461654663|0.0041244029998779
96|124|0.7592592592592593|0.0019247531890869|0.0044007301330566
96|125|0.7592592592592593|0.0019400119781494|0.004434585571289
96|126|0.7592592592592593|0.0019397735595703|0.0044641494750976
96|127|0.7592592592592593|0.0019774436950683|0.0043685436248779
96|128|0.7592592592592593|0.0019710063934326|0.0046854019165039
96|129|0.7685185185185185|0.0019867420196533|0.0043644905090332
96|130|0.7685185185185185|0.0019924640655517|0.0042142868041992
96|131|0.7685185185185185|0.0020115375518798|0.0044710636138916
96|132|0.7685185185185185|0.0020196437835693|0.0044364929199218
96|133|0.7685185185185185|0.0020232200622558|0.0043501853942871
96|134|0.7685185185185185|0.0020694732666015|0.0043189525604248
96|135|0.7685185185185185|0.0020601749420166|0.0043461322784423
96|136|0.7685185185185185|0.0020384788513183|0.0047814846038818
96|137|0.7685185185185185|0.0020751953125|0.0044195652008056
96|138|0.7685185185185185|0.0020718574523925|0.0044434070587158
96|139|0.7685185185185185|0.0020668506622314|0.0044877529144287
92|20|0.6851851851851852|0.0013084411621093|
92|21|0.75|0.0009610652923583|0.0013206005096435
92|22|0.8425925925925926|0.00105881690979|0.0013263225555419
92|23|0.8148148148148148|0.0009694099426269|0.0014231204986572
92|24|0.8240740740740741|0.0010340213775634|0.0014255046844482
92|25|0.7777777777777778|0.0009920597076416|0.0014619827270507
92|26|0.75|0.0010178089141845|0.0015227794647216
92|27|0.7222222222222222|0.0009770393371582|0.0015976428985595
92|28|0.7129629629629629|0.0010206699371337|0.0015947818756103
92|29|0.7129629629629629|0.0009922981262207|0.0016582012176513
92|30|0.7129629629629629|0.0010328292846679|0.0016601085662841
92|31|0.7222222222222222|0.00099778175354|0.0017015933990478
92|32|0.7777777777777778|0.0010075569152832|0.0018267631530761
92|33|0.8148148148148148|0.0010082721710205|0.0018432140350341
92|34|0.8148148148148148|0.0010292530059814|0.0018815994262695
92|35|0.8240740740740741|0.0010390281677246|0.0018665790557861
92|36|0.8333333333333334|0.0010526180267333|0.0019030570983886
92|37|0.8425925925925926|0.0010251998901367|0.0019757747650146
92|38|0.8333333333333334|0.0011043548583984|0.0020561218261718
92|39|0.8333333333333334|0.0010402202606201|0.0020127296447753
92|40|0.8055555555555556|0.0010886192321777|0.0020694732666015
92|41|0.8333333333333334|0.0010409355163574|0.0020875930786132
92|42|0.8240740740740741|0.0011026859283447|0.0021858215332031
92|43|0.8240740740740741|0.0010590553283691|0.0021741390228271
92|44|0.8240740740740741|0.0011079311370849|0.0022175312042236
92|45|0.8333333333333334|0.0010895729064941|0.002263069152832
92|46|0.8796296296296297|0.001136302947998|0.0023078918457031
92|47|0.8796296296296297|0.0010952949523925|0.0023176670074462
92|48|0.8703703703703703|0.0011351108551025|0.0023744106292724
92|49|0.8796296296296297|0.0011031627655029|0.0023634433746337
92|50|0.8703703703703703|0.0011558532714843|0.0023930072784423
92|51|0.8518518518518519|0.0011253356933593|0.0025498867034912
92|52|0.8425925925925926|0.0011601448059082|0.0025255680084228
92|53|0.8518518518518519|0.0011336803436279|0.0025057792663574
92|54|0.8518518518518519|0.0011711120605468|0.0025570392608642
92|55|0.8518518518518519|0.0011670589447021|0.0026209354400634
92|56|0.8518518518518519|0.0011858940124511|0.0027141571044921
92|57|0.8611111111111112|0.0011684894561767|0.0026414394378662
92|58|0.8611111111111112|0.0011906623840332|0.0027236938476562
92|59|0.8611111111111112|0.0011940002441406|0.0027582645416259
92|60|0.8425925925925926|0.0012307167053222|0.0027470588684082
92|61|0.8703703703703703|0.0011916160583496|0.0027544498443603
92|62|0.8425925925925926|0.0012409687042236|0.0028131008148193
92|63|0.8703703703703703|0.0012032985687255|0.0027952194213867
92|64|0.8796296296296297|0.0012297630310058|0.0028347969055175
92|65|0.8611111111111112|0.0012280941009521|0.0028719902038574
92|66|0.8611111111111112|0.0012307167053222|0.0030186176300048
92|67|0.8240740740740741|0.0012383460998535|0.0029222965240478
92|68|0.8240740740740741|0.0012838840484619|0.0029997825622558
92|69|0.8333333333333334|0.0012879371643066|0.0030021667480468
92|70|0.8333333333333334|0.0013020038604736|0.0030446052551269
92|71|0.8333333333333334|0.0013113021850585|0.0030770301818847
92|72|0.8333333333333334|0.001314640045166|0.0032320022583007
92|73|0.8240740740740741|0.0013103485107421|0.003270149230957
92|74|0.8518518518518519|0.0013155937194824|0.0031666755676269
92|75|0.8425925925925926|0.0013458728790283|0.0031917095184326
92|76|0.8333333333333334|0.0013656616210937|0.0032339096069335
92|77|0.8425925925925926|0.0013527870178222|0.0032820701599121
92|78|0.8333333333333334|0.0013847351074218|0.0032887458801269
92|79|0.8611111111111112|0.001389741897583|0.0034162998199462
92|80|0.8703703703703703|0.0013952255249023|0.0033354759216308
92|81|0.8703703703703703|0.0014262199401855|0.0034534931182861
92|82|0.8611111111111112|0.0014345645904541|0.0034329891204833
92|83|0.8518518518518519|0.0014460086822509|0.0034220218658447
92|84|0.8518518518518519|0.0014562606811523|0.0034437179565429
92|85|0.8425925925925926|0.0015065670013427|0.0036437511444091
92|86|0.8425925925925926|0.0014863014221191|0.0035450458526611
92|87|0.8425925925925926|0.0015156269073486|0.0035417079925537
92|88|0.8518518518518519|0.0015068054199218|0.0035593509674072
92|89|0.8425925925925926|0.0015292167663574|0.0037834644317626
92|90|0.8425925925925926|0.0015490055084228|0.0036251544952392
92|91|0.8425925925925926|0.0015923976898193|0.0037457942962646
92|92|0.8425925925925926|0.0015943050384521|0.0038719177246093
92|93|0.8425925925925926|0.0016016960144042|0.0038597583770751
92|94|0.8425925925925926|0.0016529560089111|0.0037133693695068
92|95|0.8518518518518519|0.0016286373138427|0.0037741661071777
92|96|0.8518518518518519|0.001636266708374|0.0037629604339599
92|97|0.8611111111111112|0.0016558170318603|0.0039939880371093
92|98|0.8611111111111112|0.0016908645629882|0.0039963722229003
92|99|0.8518518518518519|0.0017127990722656|0.0038502216339111
92|100|0.8518518518518519|0.0017037391662597|0.003929853439331
92|101|0.8518518518518519|0.0017437934875488|0.0039103031158447
92|102|0.8518518518518519|0.00177001953125|0.0040526390075683
92|103|0.8518518518518519|0.0017585754394531|0.0040423870086669
92|104|0.8518518518518519|0.0017993450164794|0.0040042400360107
92|105|0.8518518518518519|0.0017976760864257|0.0040948390960693
92|106|0.8611111111111112|0.0018463134765625|0.0040793418884277
92|107|0.8611111111111112|0.0018348693847656|0.0040512084960937
92|108|0.8611111111111112|0.0018794536590576|0.0041048526763916
92|109|0.8611111111111112|0.0018930435180664|0.0042290687561035
92|110|0.8611111111111112|0.0018789768218994|0.0041568279266357
92|111|0.8611111111111112|0.0019378662109375|0.0041325092315673
92|112|0.8611111111111112|0.0018811225891113|0.0041837692260742
92|113|0.8611111111111112|0.0019218921661376|0.0043997764587402
92|114|0.8611111111111112|0.0019075870513916|0.0044074058532714
92|115|0.8611111111111112|0.0019295215606689|0.0042345523834228
92|116|0.8611111111111112|0.0019218921661376|0.0042028427124023
92|117|0.8611111111111112|0.0019493103027343|0.0042440891265869
92|118|0.8611111111111112|0.0019667148590087|0.0043435096740722
92|119|0.8611111111111112|0.0019648075103759|0.004507303237915
92|120|0.8611111111111112|0.0019686222076416|0.0042104721069335
92|121|0.8611111111111112|0.0019760131835937|0.0043506622314453
92|122|0.8611111111111112|0.0020163059234619|0.004260778427124
92|123|0.8611111111111112|0.0020029544830322|0.004291296005249
92|124|0.8611111111111112|0.0020070075988769|0.004310131072998
92|125|0.8611111111111112|0.002012014389038|0.0044054985046386
92|126|0.8611111111111112|0.0020129680633544|0.0044014453887939
92|127|0.8611111111111112|0.00205659866333|0.0043699741363525
92|128|0.8611111111111112|0.0020520687103271|0.0042853355407714
92|129|0.8611111111111112|0.0020449161529541|0.0043780803680419
92|130|0.8611111111111112|0.0020804405212402|0.0043137073516845
92|131|0.8611111111111112|0.002077579498291|0.0045130252838134
92|132|0.8611111111111112|0.0021076202392578|0.0043344497680664
92|133|0.8611111111111112|0.0021197795867919|0.0043435096740722
92|134|0.8611111111111112|0.0021150112152099|0.004378318786621
92|135|0.8611111111111112|0.0021281242370605|0.0044326782226562
92|136|0.8611111111111112|0.0021255016326904|0.0043280124664306
92|137|0.8611111111111112|0.0021207332611083|0.0043699741363525
92|138|0.8611111111111112|0.0021564960479736|0.0043601989746093
92|139|0.8611111111111112|0.0021679401397705|0.0043699741363525
93|20|0.7685185185185185|0.0014483928680419|
93|21|0.8240740740740741|0.000974416732788|0.0013332366943359
93|22|0.8240740740740741|0.0010251998901367|0.0013494491577148
93|23|0.8055555555555556|0.0009589195251464|0.001361608505249
93|24|0.7592592592592593|0.0009851455688476|0.0014467239379882
93|25|0.8055555555555556|0.0009651184082031|0.0014309883117675
93|26|0.8148148148148148|0.0009713172912597|0.0014901161193847
93|27|0.8148148148148148|0.0009820461273193|0.0015215873718261
93|28|0.8333333333333334|0.0010249614715576|0.0015473365783691
93|29|0.8518518518518519|0.0009675025939941|0.0015819072723388
93|30|0.8425925925925926|0.0010263919830322|0.0017242431640625
93|31|0.8333333333333334|0.0009827613830566|0.0017552375793457
93|32|0.8425925925925926|0.0009922981262207|0.0017352104187011
93|33|0.8148148148148148|0.0009734630584716|0.0017874240875244
93|34|0.8148148148148148|0.0010225772857666|0.0018274784088134
93|35|0.8518518518518519|0.000990867614746|0.0018887519836425
93|36|0.8055555555555556|0.0010502338409423|0.0019454956054687
93|37|0.8518518518518519|0.0009894371032714|0.0019073486328125
93|38|0.8240740740740741|0.0010836124420166|0.0019898414611816
93|39|0.8240740740740741|0.0010206699371337|0.0019843578338623
93|40|0.8240740740740741|0.0010607242584228|0.002016544342041
93|41|0.8240740740740741|0.0010356903076171|0.0021431446075439
93|42|0.8148148148148148|0.0010616779327392|0.0020532608032226
93|43|0.8055555555555556|0.0010573863983154|0.0021576881408691
93|44|0.8148148148148148|0.0011379718780517|0.002138614654541
93|45|0.8148148148148148|0.0010535717010498|0.0022695064544677
93|46|0.8148148148148148|0.0011446475982666|0.0023262500762939
93|47|0.8240740740740741|0.0010638236999511|0.0023214817047119
93|48|0.8240740740740741|0.0011110305786132|0.0022947788238525
93|49|0.8148148148148148|0.0010628700256347|0.0023343563079833
93|50|0.8240740740740741|0.0011236667633056|0.002453327178955
93|51|0.8425925925925926|0.0011069774627685|0.0023994445800781
93|52|0.8425925925925926|0.0011470317840576|0.0024900436401367
93|53|0.8611111111111112|0.0011041164398193|0.0026538372039794
93|54|0.8240740740740741|0.0011734962463378|0.0024886131286621
93|55|0.8240740740740741|0.001129150390625|0.0025463104248046
93|56|0.8240740740740741|0.0011830329895019|0.002744436264038
93|57|0.8240740740740741|0.0011494159698486|0.002636432647705
93|58|0.8240740740740741|0.0011916160583496|0.0026929378509521
93|59|0.8148148148148148|0.0011627674102783|0.0026986598968505
93|60|0.8240740740740741|0.0012128353118896|0.0027728080749511
93|61|0.8240740740740741|0.0011801719665527|0.0029289722442626
93|62|0.8425925925925926|0.0012645721435546|0.0028715133666992
93|63|0.8425925925925926|0.0012145042419433|0.0028817653656005
93|64|0.8333333333333334|0.0012416839599609|0.0028779506683349
93|65|0.8333333333333334|0.0012307167053222|0.0029830932617187
93|66|0.8333333333333334|0.0012440681457519|0.0029952526092529
93|67|0.8333333333333334|0.0012493133544921|0.0029606819152832
93|68|0.8240740740740741|0.0012652873992919|0.0030410289764404
93|69|0.8240740740740741|0.0012605190277099|0.0030226707458496
93|70|0.8333333333333334|0.0012781620025634|0.0030546188354492
93|71|0.8425925925925926|0.0013113021850585|0.0032131671905517
93|72|0.8333333333333334|0.0013129711151123|0.0032379627227783
93|73|0.8240740740740741|0.0013258457183837|0.0032358169555664
93|74|0.8240740740740741|0.0013363361358642|0.003300666809082
93|75|0.8240740740740741|0.001333475112915|0.0034403800964355
93|76|0.8240740740740741|0.0013594627380371|0.0031754970550537
93|77|0.8240740740740741|0.0013542175292968|0.0032515525817871
93|78|0.8240740740740741|0.0013740062713623|0.0032894611358642
93|79|0.8333333333333334|0.0013959407806396|0.0033283233642578
93|80|0.8333333333333334|0.001413345336914|0.0033478736877441
93|81|0.8240740740740741|0.0014007091522216|0.0035269260406494
93|82|0.8240740740740741|0.0014240741729736|0.0034475326538085
93|83|0.8148148148148148|0.0014362335205078|0.0036556720733642
93|84|0.8055555555555556|0.001441478729248|0.0035223960876464
93|85|0.8055555555555556|0.0014472007751464|0.0037083625793457
93|86|0.8240740740740741|0.0014595985412597|0.0035510063171386
93|87|0.8148148148148148|0.0015068054199218|0.003732681274414
93|88|0.8240740740740741|0.0015060901641845|0.0036561489105224
93|89|0.8240740740740741|0.0015010833740234|0.0037250518798828
93|90|0.8240740740740741|0.0015425682067871|0.0036096572875976
93|91|0.8148148148148148|0.0015590190887451|0.0038673877716064
93|92|0.8240740740740741|0.0015652179718017|0.0037305355072021
93|93|0.8148148148148148|0.0015983581542968|0.0038909912109375
93|94|0.8148148148148148|0.0015935897827148|0.0037648677825927
93|95|0.8148148148148148|0.001612901687622|0.0036749839782714
93|96|0.8240740740740741|0.0016491413116455|0.0037038326263427
93|97|0.8240740740740741|0.0016369819641113|0.003798484802246
93|98|0.8240740740740741|0.0016789436340332|0.0038826465606689
93|99|0.8240740740740741|0.0016868114471435|0.0040829181671142
93|100|0.8240740740740741|0.0016868114471435|0.0039970874786376
93|101|0.8240740740740741|0.0017166137695312|0.0041396617889404
93|102|0.8240740740740741|0.0017051696777343|0.0040454864501953
93|103|0.8240740740740741|0.0017528533935546|0.0038568973541259
93|104|0.8240740740740741|0.0017404556274414|0.0039126873016357
93|105|0.8240740740740741|0.0017879009246826|0.0040547847747802
93|106|0.8240740740740741|0.0017585754394531|0.0039291381835937
93|107|0.8240740740740741|0.0017766952514648|0.0039141178131103
93|108|0.8240740740740741|0.0017967224121093|0.0039677619934082
93|109|0.8240740740740741|0.0017735958099365|0.0040705204010009
93|110|0.8333333333333334|0.001796007156372|0.0043232440948486
93|111|0.8333333333333334|0.0018231868743896|0.0042948722839355
93|112|0.8333333333333334|0.001805305480957|0.0040552616119384
93|113|0.8333333333333334|0.0018186569213867|0.0046498775482177
93|114|0.8333333333333334|0.0018174648284912|0.004324197769165
93|115|0.8333333333333334|0.0018458366394042|0.0042963027954101
93|116|0.8333333333333334|0.0018341541290283|0.004380464553833
93|117|0.8333333333333334|0.0018727779388427|0.0041275024414062
93|118|0.8333333333333334|0.0018508434295654|0.004227876663208
93|119|0.8333333333333334|0.0018627643585205|0.0042388439178466
93|120|0.8333333333333334|0.0018649101257324|0.0041549205780029
93|121|0.8333333333333334|0.0018839836120605|0.0041875839233398
93|122|0.8333333333333334|0.0018761157989501|0.0043513774871826
93|123|0.8333333333333334|0.0018985271453857|0.0041706562042236
93|124|0.8333333333333334|0.0019211769104003|0.0041487216949462
93|125|0.8333333333333334|0.0019524097442626|0.0043292045593261
93|126|0.8333333333333334|0.0019624233245849|0.0041453838348388
93|127|0.8333333333333334|0.0019929409027099|0.0042839050292968
93|128|0.8333333333333334|0.0020339488983154|0.0043156147003173
93|129|0.8333333333333334|0.0020015239715576|0.0043103694915771
93|130|0.8333333333333334|0.0020029544830322|0.0042371749877929
93|131|0.8333333333333334|0.0020258426666259|0.0044887065887451
93|132|0.8333333333333334|0.0020122528076171|0.0042760372161865
93|133|0.8333333333333334|0.0020270347595214|0.0043396949768066
93|134|0.8333333333333334|0.0020444393157958|0.0042400360107421
93|135|0.8333333333333334|0.0020663738250732|0.0042695999145507
93|136|0.8333333333333334|0.0020701885223388|0.0044116973876953
93|137|0.8333333333333334|0.0020608901977539|0.0042645931243896
93|138|0.8333333333333334|0.0020835399627685|0.0042927265167236
94|20|0.8240740740740741|0.0011365413665771|
94|21|0.7962962962962963|0.0009539127349853|0.0013463497161865
94|22|0.8148148148148148|0.0009379386901855|0.0013272762298583
94|23|0.7962962962962963|0.0009374618530273|0.0014345645904541
94|24|0.8148148148148148|0.0009360313415527|0.0015451908111572
94|25|0.7685185185185185|0.0009398460388183|0.0014967918395996
94|26|0.7685185185185185|0.0009455680847167|0.0015463829040527
94|27|0.8148148148148148|0.0009493827819824|0.0015404224395751
94|28|0.8148148148148148|0.0009534358978271|0.0016665458679199
94|29|0.8425925925925926|0.0009548664093017|0.0016851425170898
94|30|0.8148148148148148|0.0009875297546386|0.0017406940460205
94|31|0.8055555555555556|0.0009732246398925|0.0018272399902343
94|32|0.8611111111111112|0.0009713172912597|0.0017592906951904
94|33|0.8703703703703703|0.000974416732788|0.0017867088317871
94|34|0.8240740740740741|0.0009894371032714|0.0018777847290039
94|35|0.8240740740740741|0.0009891986846923|0.0018897056579589
94|36|0.8888888888888888|0.0010008811950683|0.0018961429595947
94|37|0.8611111111111112|0.001589298248291|0.0027840137481689
94|38|0.8796296296296297|0.0016725063323974|0.0035839080810546
94|39|0.8888888888888888|0.0017039775848388|0.0036964416503906
94|40|0.8796296296296297|0.0016963481903076|0.0036776065826416
94|41|0.8796296296296297|0.0016555786132812|0.0037589073181152
94|42|0.8888888888888888|0.0016553401947021|0.0037851333618164
94|43|0.8888888888888888|0.0016646385192871|0.003901720046997
94|44|0.9074074074074074|0.0010740756988525|0.0027837753295898
94|45|0.8981481481481481|0.0010721683502197|0.0023262500762939
94|46|0.8888888888888888|0.0010988712310791|0.0023396015167236
94|47|0.8888888888888888|0.0010805130004882|0.0023648738861083
94|48|0.8888888888888888|0.0010888576507568|0.0023949146270751
94|49|0.8981481481481481|0.001086950302124|0.0023808479309082
94|50|0.8888888888888888|0.0011317729949951|0.0024678707122802
94|51|0.8888888888888888|0.0011241436004638|0.0025949478149414
94|52|0.8888888888888888|0.0011332035064697|0.0026686191558837
94|53|0.8796296296296297|0.0011093616485595|0.0026459693908691
94|54|0.8796296296296297|0.0011301040649414|0.0026090145111083
94|55|0.8888888888888888|0.001129150390625|0.0026836395263671
94|56|0.8703703703703703|0.0011498928070068|0.0026938915252685
94|57|0.8888888888888888|0.0011568069458007|0.0026566982269287
94|58|0.8888888888888888|0.001166820526123|0.0027058124542236
94|59|0.8796296296296297|0.001157522201538|0.0027399063110351
94|60|0.8888888888888888|0.0011737346649169|0.00272798538208
94|61|0.8888888888888888|0.0011804103851318|0.0029873847961425
94|62|0.8888888888888888|0.001230239868164|0.0029401779174804
94|63|0.8888888888888888|0.0012416839599609|0.0030930042266845
94|64|0.8796296296296297|0.0012342929840087|0.0031044483184814
94|65|0.8703703703703703|0.00128173828125|0.0030996799468994
94|66|0.8518518518518519|0.0012426376342773|0.0031876564025878
94|67|0.8796296296296297|0.001249074935913|0.0030701160430908
94|68|0.8888888888888888|0.0012440681457519|0.0031967163085937
94|69|0.8888888888888888|0.0012717247009277|0.0031352043151855
94|70|0.8796296296296297|0.0012800693511962|0.0031917095184326
94|71|0.8888888888888888|0.0013048648834228|0.0031104087829589
94|72|0.8796296296296297|0.001328706741333|0.0033895969390869
94|73|0.8611111111111112|0.0013043880462646|0.0035202503204345
94|74|0.8518518518518519|0.0013153553009033|0.0034523010253906
94|75|0.8611111111111112|0.0013341903686523|0.0033826828002929
94|76|0.8611111111111112|0.0013444423675537|0.0032515525817871
94|77|0.8611111111111112|0.0013787746429443|0.003274917602539
94|78|0.8703703703703703|0.0014595985412597|0.0033226013183593
94|79|0.8796296296296297|0.0014033317565917|0.003422737121582
94|80|0.8796296296296297|0.0013940334320068|0.003580093383789
94|81|0.8796296296296297|0.0014204978942871|0.003711462020874
94|82|0.8796296296296297|0.0014832019805908|0.0034093856811523
94|83|0.8796296296296297|0.0014553070068359|0.0034613609313964
94|84|0.8796296296296297|0.0015051364898681|0.0034549236297607
94|85|0.8888888888888888|0.0014805793762207|0.0036520957946777
94|86|0.8888888888888888|0.0015172958374023|0.0035421848297119
94|87|0.8796296296296297|0.0015134811401367|0.0036466121673583
94|88|0.8703703703703703|0.0015168190002441|0.0035793781280517
94|89|0.8703703703703703|0.0015535354614257|0.0036098957061767
94|90|0.8611111111111112|0.0015602111816406|0.0036730766296386
94|91|0.8611111111111112|0.0015544891357421|0.0038051605224609
94|92|0.8518518518518519|0.0015821456909179|0.0037047863006591
94|93|0.8703703703703703|0.0016024112701416|0.003957986831665
94|94|0.8703703703703703|0.0015995502471923|0.0038073062896728
94|95|0.8703703703703703|0.0016601085662841|0.0037696361541748
94|96|0.8703703703703703|0.0025477409362792|0.006608247756958
94|97|0.8703703703703703|0.0016779899597167|0.0038754940032958
94|98|0.8703703703703703|0.0016868114471435|0.0039429664611816
94|99|0.8703703703703703|0.0017580986022949|0.0038785934448242
94|100|0.8703703703703703|0.001716136932373|0.0039467811584472
94|101|0.8703703703703703|0.0017275810241699|0.0040652751922607
94|102|0.8703703703703703|0.0017750263214111|0.0039806365966796
94|103|0.8703703703703703|0.0017938613891601|0.0040125846862792
94|104|0.8703703703703703|0.0018479824066162|0.0040118694305419
94|105|0.8703703703703703|0.0017943382263183|0.0041282176971435
94|106|0.8703703703703703|0.0018413066864013|0.0041601657867431
94|107|0.8703703703703703|0.0018668174743652|0.0040595531463623
94|108|0.8703703703703703|0.0018427371978759|0.0043227672576904
94|109|0.8703703703703703|0.0018196105957031|0.0041775703430175
94|110|0.8703703703703703|0.0018537044525146|0.0043401718139648
94|111|0.8703703703703703|0.0018601417541503|0.004352331161499
94|112|0.8703703703703703|0.0018632411956787|0.0041530132293701
94|113|0.8703703703703703|0.0018618106842041|0.0041508674621582
94|114|0.8703703703703703|0.0018844604492187|0.0043292045593261
94|115|0.8703703703703703|0.0019466876983642|0.0042455196380615
94|116|0.8703703703703703|0.0019245147705078|0.0042512416839599
94|117|0.8703703703703703|0.0019621849060058|0.0044443607330322
94|118|0.8703703703703703|0.0019934177398681|0.0044586658477783
94|119|0.8703703703703703|0.0020256042480468|0.0044062137603759
94|120|0.8703703703703703|0.0019826889038085|0.0042526721954345
94|121|0.8703703703703703|0.0020322799682617|0.0043604373931884
94|122|0.8703703703703703|0.0020327568054199|0.0046222209930419
94|123|0.8703703703703703|0.0020356178283691|0.0043091773986816
94|124|0.8703703703703703|0.0020215511322021|0.0044901371002197
94|125|0.8703703703703703|0.0020360946655273|0.0046415328979492
94|126|0.8703703703703703|0.0020656585693359|0.0044431686401367
94|127|0.8703703703703703|0.0020675659179687|0.0045855045318603
94|128|0.8703703703703703|0.0020835399627685|0.004420518875122
94|129|0.8703703703703703|0.0020961761474609|0.0045876502990722
94|130|0.8703703703703703|0.0021157264709472|0.0047047138214111
94|131|0.8703703703703703|0.0020999908447265|0.0044620037078857
94|132|0.8703703703703703|0.0021204948425292|0.0045959949493408
94|133|0.8703703703703703|0.0021474361419677|0.0045921802520751
94|134|0.8703703703703703|0.0021934509277343|0.0046889781951904
94|135|0.8703703703703703|0.0022127628326416|0.0047154426574707
94|136|0.8703703703703703|0.0022237300872802|0.0046577453613281
94|137|0.8703703703703703|0.0022273063659667|0.0045552253723144
94|138|0.8703703703703703|0.0022411346435546|0.0044748783111572
95|20|0.8055555555555556|0.0013206005096435|
95|21|0.7685185185185185|0.0009870529174804|0.0013713836669921
95|22|0.75|0.0010335445404052|0.0013573169708251
95|23|0.7962962962962963|0.0010149478912353|0.0013434886932373
95|24|0.8333333333333334|0.0010311603546142|0.0014140605926513
95|25|0.8055555555555556|0.001007080078125|0.0014846324920654
95|26|0.8333333333333334|0.0010180473327636|0.0015583038330078
95|27|0.7777777777777778|0.0010092258453369|0.0015838146209716
95|28|0.7870370370370371|0.0010111331939697|0.0016405582427978
95|29|0.7685185185185185|0.0010211467742919|0.0016336441040039
95|30|0.7962962962962963|0.0010321140289306|0.0017457008361816
95|31|0.8055555555555556|0.0010128021240234|0.0017571449279785
95|32|0.7870370370370371|0.0010650157928466|0.0016946792602539
95|33|0.7962962962962963|0.0010793209075927|0.0017535686492919
95|34|0.7962962962962963|0.0010356903076171|0.0018458366394042
95|35|0.7685185185185185|0.0010342597961425|0.0018248558044433
95|36|0.75|0.0010750293731689|0.0019700527191162
95|37|0.7592592592592593|0.00105881690979|0.0020160675048828
95|38|0.7777777777777778|0.0011346340179443|0.0020155906677246
95|39|0.8148148148148148|0.0010745525360107|0.0019764900207519
95|40|0.7777777777777778|0.0011136531829833|0.0021235942840576
95|41|0.7592592592592593|0.0010809898376464|0.0021228790283203
95|42|0.7685185185185185|0.0011534690856933|0.0021722316741943
95|43|0.8148148148148148|0.0011365413665771|0.0022952556610107
95|44|0.7870370370370371|0.0011553764343261|0.0022048950195312
95|45|0.7962962962962963|0.0011355876922607|0.002277135848999
95|46|0.7777777777777778|0.0011744499206542|0.002293586730957
95|47|0.8148148148148148|0.0011305809020996|0.0023071765899658
95|48|0.8148148148148148|0.0011601448059082|0.0023481845855712
95|49|0.8148148148148148|0.0011444091796875|0.0023741722106933
95|50|0.8240740740740741|0.001185655593872|0.0024187564849853
95|51|0.8240740740740741|0.0011560916900634|0.0024960041046142
95|52|0.8333333333333334|0.0011980533599853|0.0024728775024414
95|53|0.8333333333333334|0.0011613368988037|0.0025248527526855
95|54|0.8240740740740741|0.0012011528015136|0.0024962425231933
95|55|0.8148148148148148|0.001204490661621|0.0026371479034423
95|56|0.8055555555555556|0.0012598037719726|0.0026476383209228
95|57|0.8055555555555556|0.0012314319610595|0.0025882720947265
95|58|0.7962962962962963|0.0012881755828857|0.0027229785919189
95|59|0.7962962962962963|0.0012426376342773|0.0026576519012451
95|60|0.7962962962962963|0.0012731552124023|0.0026619434356689
95|61|0.7962962962962963|0.0012574195861816|0.0027000904083251
95|62|0.7962962962962963|0.0012850761413574|0.0027370452880859
95|63|0.7962962962962963|0.0012595653533935|0.0027751922607421
95|64|0.7962962962962963|0.0012621879577636|0.0028696060180664
95|65|0.8055555555555556|0.0012743473052978|0.0029380321502685
95|66|0.7962962962962963|0.0012814998626708|0.0028843879699707
95|67|0.7962962962962963|0.0012974739074707|0.0029001235961914
95|68|0.7962962962962963|0.0013084411621093|0.0030224323272705
95|69|0.8148148148148148|0.0013208389282226|0.0029597282409667
95|70|0.7962962962962963|0.001328706741333|0.0031604766845703
95|71|0.8055555555555556|0.0013511180877685|0.0030117034912109
95|72|0.7870370370370371|0.0013458728790283|0.0031709671020507
95|73|0.7962962962962963|0.0013628005981445|0.0032052993774414
95|74|0.7962962962962963|0.0013866424560546|0.0031337738037109
95|75|0.7962962962962963|0.0014111995697021|0.0032856464385986
95|76|0.7870370370370371|0.0013990402221679|0.0032210350036621
95|77|0.7870370370370371|0.001415729522705|0.0032551288604736
95|78|0.7962962962962963|0.0014238357543945|0.0032696723937988
95|79|0.7870370370370371|0.001448631286621|0.0033094882965087
95|80|0.7870370370370371|0.0014703273773193|0.0033214092254638
95|81|0.7777777777777778|0.0014758110046386|0.003380537033081
95|82|0.7777777777777778|0.0014889240264892|0.0033771991729736
95|83|0.7777777777777778|0.0015068054199218|0.0035901069641113
95|84|0.7777777777777778|0.001533031463623|0.0035791397094726
95|85|0.7777777777777778|0.0015511512756347|0.0035121440887451
95|86|0.7777777777777778|0.0015676021575927|0.003619909286499
95|87|0.7777777777777778|0.0016243457794189|0.0036818981170654
95|88|0.7777777777777778|0.0016162395477294|0.0037078857421875
95|89|0.7777777777777778|0.0015885829925537|0.003570556640625
95|90|0.7777777777777778|0.0016193389892578|0.0035932064056396
95|91|0.7870370370370371|0.0016708374023437|0.0036392211914062
95|92|0.7962962962962963|0.0016601085662841|0.0036547183990478
95|93|0.7870370370370371|0.0016937255859375|0.0036895275115966
95|94|0.7870370370370371|0.0016942024230957|0.0037338733673095
95|95|0.7870370370370371|0.0016822814941406|0.0037305355072021
95|96|0.7870370370370371|0.001746654510498|0.0039200782775878
95|97|0.7870370370370371|0.0017242431640625|0.0037972927093505
95|98|0.7870370370370371|0.0017511844635009|0.0040416717529296
95|99|0.7870370370370371|0.0017838478088378|0.0038690567016601
95|100|0.7777777777777778|0.0017933845520019|0.0038700103759765
95|101|0.7777777777777778|0.0017867088317871|0.003925085067749
95|102|0.7777777777777778|0.0018303394317626|0.0040163993835449
95|103|0.7777777777777778|0.00185227394104|0.0039288997650146
95|104|0.7777777777777778|0.0018320083618164|0.0039474964141845
95|105|0.7777777777777778|0.0018312931060791|0.0039393901824951
95|106|0.7777777777777778|0.0018527507781982|0.0039787292480468
95|107|0.7777777777777778|0.0018653869628906|0.0039653778076171
95|108|0.7777777777777778|0.0018937587738037|0.0039880275726318
95|109|0.7777777777777778|0.0018539428710937|0.003986120223999
95|110|0.7777777777777778|0.0019001960754394|0.0042259693145751
95|111|0.7777777777777778|0.0018835067749023|0.0043861865997314
95|112|0.7777777777777778|0.001927375793457|0.0040249824523925
95|113|0.7777777777777778|0.0019023418426513|0.0040509700775146
95|114|0.7777777777777778|0.001983642578125|0.0041658878326416
95|115|0.7777777777777778|0.0019481182098388|0.0040729045867919
95|116|0.7777777777777778|0.0019965171813964|0.004065990447998
95|117|0.7777777777777778|0.0019845962524414|0.0040984153747558
95|118|0.7777777777777778|0.0020070075988769|0.0041291713714599
95|119|0.7777777777777778|0.0020153522491455|0.0042924880981445
95|120|0.7777777777777778|0.0020055770874023|0.0042448043823242
95|121|0.7777777777777778|0.001986026763916|0.0041286945343017
95|122|0.7777777777777778|0.0020029544830322|0.0041010379791259
95|123|0.7777777777777778|0.0019643306732177|0.0041420459747314
95|124|0.7777777777777778|0.0019888877868652|0.0041694641113281
95|125|0.7777777777777778|0.001971960067749|0.0042335987091064
95|126|0.7777777777777778|0.0020334720611572|0.004544973373413
95|127|0.7777777777777778|0.0032031536102294|0.0073533058166503
95|128|0.7777777777777778|0.0020878314971923|0.005061388015747
95|129|0.7777777777777778|0.0020821094512939|0.0041518211364746
95|130|0.7777777777777778|0.0020408630371093|0.0041677951812744
95|131|0.7777777777777778|0.0020475387573242|0.0041775703430175
95|132|0.7777777777777778|0.0020365715026855|0.0041785240173339
95|133|0.7777777777777778|0.0020391941070556|0.0044302940368652
95|134|0.7777777777777778|0.0020444393157958|0.0041768550872802
95|135|0.7777777777777778|0.0020699501037597|0.0046555995941162
95|136|0.7777777777777778|0.0020534992218017|0.0041944980621337
95|137|0.7777777777777778|0.0020585060119628|0.0042989253997802
95|138|0.7777777777777778|0.0020971298217773|0.0042901039123535
95|139|0.7777777777777778|0.0020880699157714|0.0042238235473632
91|20|0.7592592592592593|0.0013787746429443|
91|21|0.7129629629629629|0.0011043548583984|0.0013833045959472
91|22|0.6944444444444444|0.0011308193206787|0.0013768672943115
91|23|0.6759259259259259|0.0010206699371337|0.0014505386352539
91|24|0.6481481481481481|0.0010571479797363|0.0015068054199218
91|25|0.6944444444444444|0.001042366027832|0.0015339851379394
91|26|0.6944444444444444|0.0010609626770019|0.0015633106231689
91|27|0.7222222222222222|0.0010731220245361|0.0016486644744873
91|28|0.7407407407407407|0.001054048538208|0.001626968383789
91|29|0.7777777777777778|0.0010402202606201|0.0016858577728271
91|30|0.7870370370370371|0.0010550022125244|0.0017204284667968
91|31|0.7870370370370371|0.0010914802551269|0.0017194747924804
91|32|0.7870370370370371|0.0010778903961181|0.0017623901367187
91|33|0.7685185185185185|0.0010583400726318|0.0018146038055419
91|34|0.7592592592592593|0.0010933876037597|0.0018863677978515
91|35|0.7777777777777778|0.0010857582092285|0.0019140243530273
91|36|0.7685185185185185|0.0011134147644042|0.0020265579223632
91|37|0.7777777777777778|0.0011236667633056|0.0019981861114501
91|38|0.7685185185185185|0.0011608600616455|0.0020160675048828
91|39|0.8055555555555556|0.001105785369873|0.0021784305572509
91|40|0.8148148148148148|0.0011515617370605|0.0021038055419921
91|41|0.8148148148148148|0.001101016998291|0.002155065536499
91|42|0.8148148148148148|0.0011518001556396|0.0021953582763671
91|43|0.8240740740740741|0.0011394023895263|0.0022130012512207
91|44|0.8055555555555556|0.0011677742004394|0.002263069152832
91|45|0.8240740740740741|0.0011165142059326|0.0023117065429687
91|46|0.8333333333333334|0.0011844635009765|0.0023798942565917
91|47|0.8333333333333334|0.00115966796875|0.0024580955505371
91|48|0.8055555555555556|0.001194953918457|0.0023996829986572
91|49|0.8148148148148148|0.0011847019195556|0.0024502277374267
91|50|0.8148148148148148|0.0012018680572509|0.0026013851165771
91|51|0.8425925925925926|0.0012092590332031|0.0026078224182128
91|52|0.8148148148148148|0.001230239868164|0.0025949478149414
91|53|0.8148148148148148|0.0012023448944091|0.0026030540466308
91|54|0.8240740740740741|0.0012388229370117|0.0025839805603027
91|55|0.8333333333333334|0.0012130737304687|0.0026037693023681
91|56|0.8333333333333334|0.0012679100036621|0.0026648044586181
91|57|0.8333333333333334|0.0012617111206054|0.0028128623962402
91|58|0.8240740740740741|0.0012972354888916|0.0027215480804443
91|59|0.8148148148148148|0.0012674331665039|0.0027518272399902
91|60|0.8240740740740741|0.0013527870178222|0.0029382705688476
91|61|0.8055555555555556|0.001314640045166|0.002826452255249
91|62|0.8055555555555556|0.001373291015625|0.0028820037841796
91|63|0.8148148148148148|0.0013718605041503|0.0028843879699707
91|64|0.7962962962962963|0.0013520717620849|0.0030629634857177
91|65|0.7870370370370371|0.0013368129730224|0.0029821395874023
91|66|0.7777777777777778|0.001354694366455|0.002997875213623
91|67|0.7962962962962963|0.0013420581817626|0.0031216144561767
91|68|0.7962962962962963|0.001373291015625|0.003119945526123
91|69|0.8055555555555556|0.0013766288757324|0.0030963420867919
91|70|0.7962962962962963|0.0013880729675292|0.0033693313598632
91|71|0.7962962962962963|0.0014431476593017|0.0033836364746093
91|72|0.7962962962962963|0.0014386177062988|0.0032286643981933
91|73|0.7962962962962963|0.0014777183532714|0.0032353401184082
91|74|0.7962962962962963|0.0014381408691406|0.0032169818878173
91|75|0.7962962962962963|0.0014450550079345|0.0033435821533203
91|76|0.7962962962962963|0.0014638900756835|0.0035569667816162
91|77|0.7962962962962963|0.0014684200286865|0.0033297538757324
91|78|0.7962962962962963|0.0014891624450683|0.0035724639892578
91|79|0.7962962962962963|0.0014901161193847|0.0036463737487792
91|80|0.8148148148148148|0.001514196395874|0.0033905506134033
91|81|0.8148148148148148|0.001530647277832|0.0034091472625732
91|82|0.8148148148148148|0.0015347003936767|0.0034923553466796
91|83|0.8148148148148148|0.0015487670898437|0.0035054683685302
91|84|0.8148148148148148|0.0015695095062255|0.0036404132843017
91|85|0.8240740740740741|0.001579999923706|0.0038251876831054
91|86|0.8240740740740741|0.0016205310821533|0.0038819313049316
91|87|0.8148148148148148|0.0016059875488281|0.0039043426513671
91|88|0.8240740740740741|0.0016167163848876|0.0036191940307617
91|89|0.8240740740740741|0.0016484260559082|0.0039739608764648
91|90|0.8240740740740741|0.0016348361968994|0.0036704540252685
91|91|0.8240740740740741|0.0016884803771972|0.0040287971496582
91|92|0.8240740740740741|0.0017082691192626|0.0039031505584716
91|93|0.8240740740740741|0.001725435256958|0.0037815570831298
91|94|0.8240740740740741|0.0017375946044921|0.0039005279541015
91|95|0.8240740740740741|0.0017569065093994|0.0040006637573242
91|96|0.8240740740740741|0.0017883777618408|0.0041871070861816
91|97|0.8240740740740741|0.0017900466918945|0.0038661956787109
91|98|0.8240740740740741|0.0018098354339599|0.0040204524993896
91|99|0.8240740740740741|0.0018763542175292|0.0040287971496582
91|100|0.8240740740740741|0.0018930435180664|0.0043129920959472
91|101|0.8240740740740741|0.0019161701202392|0.0040762424468994
91|102|0.8240740740740741|0.0019207000732421|0.0042505264282226
91|103|0.8240740740740741|0.0019526481628417|0.004077672958374
91|104|0.8240740740740741|0.0018987655639648|0.0041115283966064
91|105|0.8240740740740741|0.0019752979278564|0.0043728351593017
91|106|0.8240740740740741|0.0019388198852539|0.0044269561767578
91|107|0.8240740740740741|0.0019869804382324|0.0041019916534423
91|108|0.8240740740740741|0.0020427703857421|0.0043568611145019
91|109|0.8240740740740741|0.0020585060119628|0.0044858455657958
91|110|0.8240740740740741|0.002070665359497|0.0041162967681884
91|111|0.8240740740740741|0.001990795135498|0.004148244857788
91|112|0.8240740740740741|0.0020086765289306|0.0044128894805908
91|113|0.8240740740740741|0.0020172595977783|0.0041522979736328
91|114|0.8240740740740741|0.0020191669464111|0.0043320655822753
91|115|0.8240740740740741|0.0020372867584228|0.0042273998260498
91|116|0.8240740740740741|0.0020666122436523|0.0044543743133544
91|117|0.8240740740740741|0.0020833015441894|0.0041975975036621
91|118|0.8240740740740741|0.0020654201507568|0.0043838024139404
91|119|0.8240740740740741|0.0020661354064941|0.0043010711669921
91|120|0.8240740740740741|0.0020604133605957|0.0042591094970703
91|121|0.8240740740740741|0.0020647048950195|0.0044410228729248
91|122|0.8333333333333334|0.0021345615386962|0.0042612552642822
91|123|0.8333333333333334|0.0021140575408935|0.0043563842773437
91|124|0.8333333333333334|0.0021374225616455|0.0042588710784912
91|125|0.8333333333333334|0.0021562576293945|0.0042421817779541
91|126|0.8333333333333334|0.0022046566009521|0.0046024322509765
91|127|0.8333333333333334|0.0021946430206298|0.0042943954467773
91|128|0.8333333333333334|0.0021545886993408|0.0042884349822998
91|129|0.8333333333333334|0.0021445751190185|0.004366397857666
91|130|0.8333333333333334|0.0021576881408691|0.0046553611755371
91|131|0.8333333333333334|0.0021679401397705|0.0043201446533203
91|132|0.8333333333333334|0.0021820068359375|0.0045785903930664
91|133|0.8333333333333334|0.0021841526031494|0.0043497085571289
91|134|0.8240740740740741|0.0022222995758056|0.0043318271636962
91|135|0.8240740740740741|0.0022249221801757|0.0043601989746093
91|136|0.8240740740740741|0.0022342205047607|0.0048134326934814
91|137|0.8240740740740741|0.0022716522216796|0.0047855377197265
91|138|0.8240740740740741|0.0022785663604736|0.0044138431549072
91|139|0.8240740740740741|0.0023128986358642|0.0046570301055908
97|20|0.7407407407407407|0.001279592514038|
97|21|0.8240740740740741|0.0009479522705078|0.0013399124145507
97|22|0.8148148148148148|0.0010092258453369|0.0013391971588134
97|23|0.7962962962962963|0.0009570121765136|0.0014121532440185
97|24|0.7962962962962963|0.0009758472442626|0.0014808177947998
97|25|0.8148148148148148|0.0009591579437255|0.0014934539794921
97|26|0.8240740740740741|0.0009801387786865|0.0014786720275878
97|27|0.8333333333333334|0.0009844303131103|0.0015311241149902
97|28|0.7962962962962963|0.0009920597076416|0.0015983581542968
97|29|0.7962962962962963|0.000969648361206|0.0016496181488037
97|30|0.8240740740740741|0.0009965896606445|0.001727819442749
97|31|0.8240740740740741|0.0010144710540771|0.0016741752624511
97|32|0.7777777777777778|0.0009896755218505|0.001774787902832
97|33|0.7129629629629629|0.0009913444519042|0.0019083023071289
97|34|0.6944444444444444|0.0010228157043457|0.0018606185913085
97|35|0.7129629629629629|0.0010058879852294|0.0019164085388183
97|36|0.7222222222222222|0.0010831356048583|0.0019669532775878
97|37|0.7777777777777778|0.0010290145874023|0.0019476413726806
97|38|0.7592592592592593|0.0010709762573242|0.0020735263824462
97|39|0.7592592592592593|0.0010275840759277|0.0020382404327392
97|40|0.8055555555555556|0.0010809898376464|0.0021257400512695
97|41|0.8518518518518519|0.0010392665863037|0.0021436214447021
97|42|0.8148148148148148|0.0010921955108642|0.002108097076416
97|43|0.8240740740740741|0.001075267791748|0.0021865367889404
97|44|0.8148148148148148|0.0010743141174316|0.0022556781768798
97|45|0.8240740740740741|0.0010461807250976|0.0022211074829101
97|46|0.8148148148148148|0.0010979175567626|0.0022134780883789
97|47|0.8148148148148148|0.0010647773742675|0.0024571418762207
97|48|0.8240740740740741|0.0011188983917236|0.0024361610412597
97|49|0.8240740740740741|0.0011019706726074|0.0025110244750976
97|50|0.7962962962962963|0.0011265277862548|0.0023837089538574
97|51|0.8148148148148148|0.0011107921600341|0.002612829208374
97|52|0.8148148148148148|0.001155138015747|0.0025622844696044
97|53|0.8055555555555556|0.0011160373687744|0.0025205612182617
97|54|0.8425925925925926|0.0011775493621826|0.0025537014007568
97|55|0.8240740740740741|0.0011463165283203|0.0025703907012939
97|56|0.8240740740740741|0.0011734962463378|0.0027048587799072
97|57|0.8240740740740741|0.0011584758758544|0.0027401447296142
97|58|0.8240740740740741|0.0011847019195556|0.0027167797088623
97|59|0.8240740740740741|0.0011677742004394|0.0027830600738525
97|60|0.8055555555555556|0.0012037754058837|0.0027389526367187
97|61|0.8240740740740741|0.0011928081512451|0.002833604812622
97|62|0.8240740740740741|0.0012555122375488|0.002958059310913
97|63|0.8240740740740741|0.0012211799621582|0.00295090675354
97|64|0.8055555555555556|0.0012280941009521|0.0030007362365722
97|65|0.8055555555555556|0.0012407302856445|0.0030040740966796
97|66|0.8240740740740741|0.0012412071228027|0.0030310153961181
97|67|0.8425925925925926|0.0012531280517578|0.003084659576416
97|68|0.8333333333333334|0.0012502670288085|0.0029687881469726
97|69|0.8333333333333334|0.0012950897216796|0.0031471252441406
97|70|0.8333333333333334|0.0012800693511962|0.0033137798309326
97|71|0.8333333333333334|0.0012924671173095|0.0032627582550048
97|72|0.8148148148148148|0.0013010501861572|0.0031018257141113
97|73|0.8240740740740741|0.001310110092163|0.0031435489654541
97|74|0.8425925925925926|0.0013275146484375|0.0033113956451416
97|75|0.8240740740740741|0.0013906955718994|0.0032839775085449
97|76|0.8240740740740741|0.0013556480407714|0.0034012794494628
97|77|0.8055555555555556|0.0013730525970458|0.0033886432647705
97|78|0.8240740740740741|0.0013868808746337|0.0033140182495117
97|79|0.8148148148148148|0.0014071464538574|0.0033948421478271
97|80|0.8333333333333334|0.0014495849609375|0.0034468173980712
97|81|0.8240740740740741|0.0014302730560302|0.0037240982055664
97|82|0.8240740740740741|0.0014522075653076|0.0035018920898437
97|83|0.8240740740740741|0.0014934539794921|0.0035347938537597
97|84|0.8333333333333334|0.0014755725860595|0.0035879611968994
97|85|0.8333333333333334|0.0014803409576416|0.0036203861236572
97|86|0.8240740740740741|0.0014889240264892|0.0036940574645996
97|87|0.8333333333333334|0.0020651817321777|0.0035617351531982
97|88|0.8333333333333334|0.0015060901641845|0.0035526752471923
97|89|0.8333333333333334|0.0015223026275634|0.0035693645477294
97|90|0.8333333333333334|0.0015687942504882|0.0036468505859375
97|91|0.8240740740740741|0.0015697479248046|0.0037009716033935
97|92|0.8333333333333334|0.0016069412231445|0.0039830207824707
97|93|0.8333333333333334|0.0015871524810791|0.0039381980895996
97|94|0.8333333333333334|0.0016214847564697|0.0040671825408935
97|95|0.8333333333333334|0.0016365051269531|0.0040884017944335
97|96|0.8333333333333334|0.0016374588012695|0.0039029121398925
97|97|0.8333333333333334|0.0016665458679199|0.0039699077606201
97|98|0.8425925925925926|0.0017163753509521|0.0038411617279052
97|99|0.8333333333333334|0.0016803741455078|0.003955602645874
97|100|0.8333333333333334|0.0017039775848388|0.0040733814239501
97|101|0.8333333333333334|0.0016932487487792|0.0042200088500976
97|102|0.8333333333333334|0.0017323493957519|0.0040907859802246
97|103|0.8333333333333334|0.0017147064208984|0.0041775703430175
97|104|0.8333333333333334|0.0020411014556884|0.0040459632873535
97|105|0.8333333333333334|0.0017359256744384|0.00404953956604
97|106|0.8333333333333334|0.0017502307891845|0.0040292739868164
97|107|0.8240740740740741|0.0017716884613037|0.004138708114624
97|108|0.8240740740740741|0.0017786026000976|0.0039758682250976
97|109|0.8240740740740741|0.0017831325531005|0.0040366649627685
97|110|0.8240740740740741|0.0017826557159423|0.0042700767517089
97|111|0.8240740740740741|0.0018012523651123|0.0040349960327148
97|112|0.8240740740740741|0.0017955303192138|0.0044388771057128
97|113|0.8240740740740741|0.0018177032470703|0.0040655136108398
97|114|0.8240740740740741|0.0018224716186523|0.0040655136108398
97|115|0.8240740740740741|0.0018396377563476|0.0042402744293212
97|116|0.8240740740740741|0.0018529891967773|0.0041377544403076
97|117|0.8240740740740741|0.001866340637207|0.0043795108795166
97|118|0.8240740740740741|0.0018792152404785|0.0043728351593017
97|119|0.8240740740740741|0.0018866062164306|0.0043628215789794
97|120|0.8240740740740741|0.0018632411956787|0.0043277740478515
97|121|0.8240740740740741|0.0019228458404541|0.0041713714599609
97|122|0.8148148148148148|0.0029904842376708|0.0076942443847656
97|123|0.8148148148148148|0.0029892921447753|0.0078434944152832
97|124|0.8148148148148148|0.0029544830322265|0.0079274177551269
97|125|0.8148148148148148|0.0029757022857666|0.0079846382141113
97|126|0.8148148148148148|0.0030500888824462|0.0079648494720458
97|127|0.8148148148148148|0.0030674934387207|0.0079195499420166
97|128|0.8148148148148148|0.0030734539031982|0.0079138278961181
97|129|0.8148148148148148|0.0020759105682373|0.0066969394683837
97|130|0.8148148148148148|0.002004861831665|0.0042119026184082
97|131|0.8148148148148148|0.0020153522491455|0.0045645236968994
97|132|0.8148148148148148|0.0020554065704345|0.004624605178833
97|133|0.8148148148148148|0.0020234584808349|0.0042726993560791
97|134|0.8148148148148148|0.0020158290863037|0.0045628547668457
97|135|0.8148148148148148|0.0020632743835449|0.0045051574707031
97|136|0.8148148148148148|0.0020439624786376|0.0042591094970703
97|137|0.8148148148148148|0.002079963684082|0.0042726993560791
97|138|0.8148148148148148|0.0020568370819091|0.0044996738433837
90|20|0.7129629629629629|0.0016083717346191|
90|21|0.7777777777777778|0.001089334487915|0.0013680458068847
90|22|0.75|0.0011806488037109|0.0013506412506103
90|23|0.7222222222222222|0.0011100769042968|0.0013916492462158
90|24|0.7314814814814815|0.0011279582977294|0.0014221668243408
90|25|0.7592592592592593|0.0010416507720947|0.0014662742614746
90|26|0.7314814814814815|0.001070499420166|0.0015051364898681
90|27|0.7592592592592593|0.0010645389556884|0.0015802383422851
90|28|0.7870370370370371|0.0011096000671386|0.0015871524810791
90|29|0.8055555555555556|0.0010731220245361|0.0016310214996337
90|30|0.8055555555555556|0.0011458396911621|0.0016736984252929
90|31|0.7870370370370371|0.0010857582092285|0.0017244815826416
90|32|0.8148148148148148|0.0010657310485839|0.0017542839050292
90|33|0.8148148148148148|0.0010490417480468|0.0017726421356201
90|34|0.8148148148148148|0.0011248588562011|0.0018174648284912
90|35|0.7870370370370371|0.0017518997192382|0.0033466815948486
90|36|0.7870370370370371|0.0017492771148681|0.0033996105194091
90|37|0.8055555555555556|0.0015971660614013|0.0034229755401611
90|38|0.8055555555555556|0.0018239021301269|0.0034489631652832
90|39|0.8240740740740741|0.0015947818756103|0.0035393238067626
90|40|0.8240740740740741|0.0019423961639404|0.0035834312438964
90|41|0.8425925925925926|0.0016398429870605|0.0036849975585937
90|42|0.8240740740740741|0.0012123584747314|0.0021724700927734
90|43|0.8240740740740741|0.0010819435119628|0.0022048950195312
90|44|0.8240740740740741|0.001183271408081|0.0021886825561523
90|45|0.8055555555555556|0.0010790824890136|0.0022454261779785
90|46|0.8055555555555556|0.0012273788452148|0.002310037612915
90|47|0.8240740740740741|0.0010991096496582|0.0023036003112792
90|48|0.8518518518518519|0.0012102127075195|0.0023417472839355
90|49|0.8148148148148148|0.00114107131958|0.0023660659790039
90|50|0.8240740740740741|0.0012569427490234|0.0024678707122802
90|51|0.8425925925925926|0.0011372566223144|0.0025050640106201
90|52|0.8240740740740741|0.0012683868408203|0.0025453567504882
90|53|0.8333333333333334|0.0011453628540039|0.0025618076324462
90|54|0.8240740740740741|0.001293659210205|0.0025441646575927
90|55|0.8518518518518519|0.0011677742004394|0.0025749206542968
90|56|0.8611111111111112|0.0013301372528076|0.0026624202728271
90|57|0.8518518518518519|0.0011858940124511|0.0026507377624511
90|58|0.8425925925925926|0.0013184547424316|0.0026874542236328
90|59|0.8333333333333334|0.0012125968933105|0.0027735233306884
90|60|0.8425925925925926|0.0013456344604492|0.0027501583099365
90|61|0.8425925925925926|0.0013656616210937|0.002777099609375
90|62|0.8425925925925926|0.0013885498046875|0.0028443336486816
90|63|0.8333333333333334|0.001267671585083|0.0028588771820068
90|64|0.8333333333333334|0.0012629032135009|0.0029206275939941
90|65|0.8425925925925926|0.0012633800506591|0.0029816627502441
90|66|0.8425925925925926|0.0012750625610351|0.002953290939331
90|67|0.8425925925925926|0.0012838840484619|0.0029752254486083
90|68|0.8425925925925926|0.0012934207916259|0.0029795169830322
90|69|0.8425925925925926|0.0013132095336914|0.0031170845031738
90|70|0.8425925925925926|0.0013120174407958|0.0030643939971923
90|71|0.8425925925925926|0.0013675689697265|0.0030782222747802
90|72|0.8425925925925926|0.0013432502746582|0.0031435489654541
90|73|0.8518518518518519|0.0013442039489746|0.0032112598419189
90|74|0.8425925925925926|0.0013654232025146|0.0032136440277099
90|75|0.8425925925925926|0.001387596130371|0.0032129287719726
90|76|0.8333333333333334|0.0014107227325439|0.0032517910003662
90|77|0.8425925925925926|0.0014410018920898|0.0032696723937988
90|78|0.8425925925925926|0.0014176368713378|0.0033397674560546
90|79|0.8425925925925926|0.0014312267303466|0.0033149719238281
90|80|0.8333333333333334|0.0014336109161376|0.0033426284790039
90|81|0.8425925925925926|0.001495361328125|0.0033788681030273
90|82|0.8425925925925926|0.001490831375122|0.0034370422363281
90|83|0.8333333333333334|0.0024452209472656|0.0062661170959472
90|84|0.8333333333333334|0.0024259090423583|0.0063984394073486
90|85|0.8333333333333334|0.0024554729461669|0.0064709186553955
90|86|0.8333333333333334|0.0024721622467041|0.0064599514007568
90|87|0.8333333333333334|0.0016264915466308|0.0048892498016357
90|88|0.8240740740740741|0.0017759799957275|0.0036001205444335
90|89|0.8333333333333334|0.0017552375793457|0.0037050247192382
90|90|0.8333333333333334|0.0017635822296142|0.0036928653717041
90|91|0.8333333333333334|0.0017628669738769|0.0036728382110595
90|92|0.8240740740740741|0.0017895698547363|0.0037178993225097
90|93|0.8240740740740741|0.0018188953399658|0.0037214756011962
90|94|0.8240740740740741|0.0018379688262939|0.0037293434143066
90|95|0.8240740740740741|0.0018587112426757|0.0037684440612792
90|96|0.8240740740740741|0.0018565654754638|0.0037798881530761
90|97|0.8240740740740741|0.001861572265625|0.0038123130798339
90|98|0.8240740740740741|0.0018577575683593|0.0038080215454101
90|99|0.8240740740740741|0.0018577575683593|0.0038354396820068
90|100|0.8240740740740741|0.001842975616455|0.003854751586914
90|101|0.8240740740740741|0.0018455982208251|0.0038764476776123
90|102|0.8240740740740741|0.0019397735595703|0.0038814544677734
90|103|0.8240740740740741|0.0019557476043701|0.0039370059967041
90|104|0.8240740740740741|0.0019664764404296|0.003957986831665
90|105|0.8240740740740741|0.0018985271453857|0.0039572715759277
90|106|0.8240740740740741|0.0019388198852539|0.0039584636688232
90|107|0.8240740740740741|0.0019497871398925|0.0039656162261962
90|108|0.8240740740740741|0.0019714832305908|0.0039975643157958
90|109|0.8240740740740741|0.0019683837890625|0.004000186920166
90|110|0.8240740740740741|0.0019760131835937|0.0040323734283447
90|111|0.8240740740740741|0.0019524097442626|0.0041139125823974
90|112|0.8240740740740741|0.001986026763916|0.0040302276611328
90|113|0.8240740740740741|0.0019838809967041|0.0040755271911621
90|114|0.8240740740740741|0.0019779205322265|0.0040528774261474
90|115|0.8240740740740741|0.0019748210906982|0.0041093826293945
90|116|0.8240740740740741|0.0020210742950439|0.004087209701538
90|117|0.8240740740740741|0.0019829273223876|0.0041170120239257
90|118|0.8240740740740741|0.0020229816436767|0.0041563510894775
90|119|0.8240740740740741|0.0019953250885009|0.0041272640228271
90|120|0.8333333333333334|0.0020198822021484|0.0041143894195556
90|121|0.8333333333333334|0.0020220279693603|0.0041332244873046
90|122|0.8333333333333334|0.002026081085205|0.0041444301605224
90|123|0.8333333333333334|0.002037763595581|0.0041444301605224
90|124|0.8333333333333334|0.0020525455474853|0.0041635036468505
90|125|0.8333333333333334|0.002079963684082|0.0041511058807373
90|126|0.8333333333333334|0.0020644664764404|0.0041942596435546
90|127|0.8333333333333334|0.0020875930786132|0.0041666030883789
90|128|0.8333333333333334|0.0021364688873291|0.0042071342468261
90|129|0.8333333333333334|0.002143383026123|0.0042378902435302
90|130|0.8333333333333334|0.0021193027496337|0.0042624473571777
90|131|0.8333333333333334|0.0021300315856933|0.0043919086456298
90|132|0.8333333333333334|0.0021567344665527|0.004246711730957
90|133|0.8333333333333334|0.0021560192108154|0.004279613494873
90|134|0.8333333333333334|0.0022432804107666|0.0042898654937744
90|135|0.8333333333333334|0.0022361278533935|0.0042827129364013
90|136|0.8333333333333334|0.0022494792938232|0.004406452178955
90|137|0.8333333333333334|0.0023019313812255|0.0042929649353027
90|138|0.8333333333333334|0.0022711753845214|0.0042986869812011
90|139|0.8333333333333334|0.0022332668304443|0.0043208599090576
98|20|0.8148148148148148|0.0013110637664794|
98|21|0.8425925925925926|0.0010051727294921|0.00132417678833
98|22|0.7962962962962963|0.0010280609130859|0.0013699531555175
98|23|0.8333333333333334|0.0010006427764892|0.0013709068298339
98|24|0.8055555555555556|0.0010130405426025|0.0014774799346923
98|25|0.8055555555555556|0.0010168552398681|0.0014946460723876
98|26|0.8333333333333334|0.0010139942169189|0.0014996528625488
98|27|0.8148148148148148|0.0010044574737548|0.0015609264373779
98|28|0.7962962962962963|0.0010507106781005|0.0015726089477539
98|29|0.7962962962962963|0.0010299682617187|0.0016405582427978
98|30|0.75|0.0010309219360351|0.001688003540039
98|31|0.7222222222222222|0.0010273456573486|0.0017380714416503
98|32|0.7314814814814815|0.0010242462158203|0.0017199516296386
98|33|0.7314814814814815|0.0010218620300292|0.0017635822296142
98|34|0.6851851851851852|0.0010468959808349|0.0018141269683837
98|35|0.7222222222222222|0.0010378360748291|0.0018796920776367
98|36|0.7407407407407407|0.0010712146759033|0.0019371509552001
98|37|0.7314814814814815|0.0010569095611572|0.0019559860229492
98|38|0.75|0.0011167526245117|0.0019457340240478
98|39|0.7777777777777778|0.00108003616333|0.0019910335540771
98|40|0.7962962962962963|0.0011186599731445|0.0020661354064941
98|41|0.7962962962962963|0.0010888576507568|0.002145767211914
98|42|0.8240740740740741|0.0011167526245117|0.0021438598632812
98|43|0.8148148148148148|0.0011153221130371|0.0022363662719726
98|44|0.8055555555555556|0.0011374950408935|0.0022671222686767
98|45|0.7962962962962963|0.0011065006256103|0.0022792816162109
98|46|0.8240740740740741|0.001173973083496|0.0022981166839599
98|47|0.8240740740740741|0.001133918762207|0.002310037612915
98|48|0.8240740740740741|0.0011882781982421|0.0023701190948486
98|49|0.8333333333333334|0.0011491775512695|0.0024070739746093
98|50|0.8333333333333334|0.0011906623840332|0.0023560523986816
98|51|0.8055555555555556|0.0011837482452392|0.0024323463439941
98|52|0.8148148148148148|0.0012311935424804|0.0026109218597412
98|53|0.8055555555555556|0.0012025833129882|0.0024788379669189
98|54|0.8240740740740741|0.0012311935424804|0.0026464462280273
98|55|0.8148148148148148|0.0012054443359375|0.0026793479919433
98|56|0.8148148148148148|0.0012557506561279|0.0026593208312988
98|57|0.8333333333333334|0.0012140274047851|0.0026986598968505
98|58|0.8425925925925926|0.0012574195861816|0.0026593208312988
98|59|0.8240740740740741|0.0012624263763427|0.0027575492858886
98|60|0.8240740740740741|0.0012855529785156|0.0027880668640136
98|61|0.8333333333333334|0.0013015270233154|0.002760887145996
98|62|0.8425925925925926|0.0013046264648437|0.0028631687164306
98|63|0.8333333333333334|0.0013108253479003|0.0028080940246582
98|64|0.8148148148148148|0.0012955665588378|0.0029151439666748
98|65|0.8518518518518519|0.0012788772583007|0.0028815269470214
98|66|0.8333333333333334|0.0012984275817871|0.0029792785644531
98|67|0.8425925925925926|0.0013139247894287|0.0030019283294677
98|68|0.8425925925925926|0.001328706741333|0.0031347274780273
98|69|0.8611111111111112|0.0013160705566406|0.0030257701873779
98|70|0.8796296296296297|0.0013294219970703|0.0032351016998291
98|71|0.8703703703703703|0.0013508796691894|0.003185749053955
98|72|0.8703703703703703|0.0013785362243652|0.0032746791839599
98|73|0.8703703703703703|0.0013659000396728|0.0031409263610839
98|74|0.8425925925925926|0.0013511180877685|0.0031704902648925
98|75|0.8425925925925926|0.0013856887817382|0.0031664371490478
98|76|0.8518518518518519|0.0013971328735351|0.0032124519348144
98|77|0.8425925925925926|0.0014381408691406|0.0033118724822998
98|78|0.8333333333333334|0.0014247894287109|0.0034782886505126
98|79|0.8425925925925926|0.0014586448669433|0.0034787654876708
98|80|0.8425925925925926|0.0014541149139404|0.0032994747161865
98|81|0.8425925925925926|0.0014820098876953|0.0034208297729492
98|82|0.8240740740740741|0.001528263092041|0.0035316944122314
98|83|0.8240740740740741|0.001516580581665|0.003641128540039
98|84|0.8333333333333334|0.0015316009521484|0.0035443305969238
98|85|0.8425925925925926|0.0015676021575927|0.0036828517913818
98|86|0.8425925925925926|0.0015912055969238|0.003713846206665
98|87|0.8425925925925926|0.0015738010406494|0.0037543773651123
98|88|0.8425925925925926|0.001605749130249|0.0036869049072265
98|89|0.8425925925925926|0.0016210079193115|0.0037033557891845
98|90|0.8425925925925926|0.0016071796417236|0.0036299228668212
98|91|0.8425925925925926|0.0016286373138427|0.0037784576416015
98|92|0.8240740740740741|0.0016541481018066|0.0039179325103759
98|93|0.8240740740740741|0.0016589164733886|0.0037026405334472
98|94|0.8333333333333334|0.001673936843872|0.0039479732513427
98|95|0.8240740740740741|0.0016992092132568|0.0039114952087402
98|96|0.8333333333333334|0.001706838607788|0.0040125846862792
98|97|0.8240740740740741|0.0017166137695312|0.0037827491760253
98|98|0.8240740740740741|0.0017604827880859|0.0037958621978759
98|99|0.8240740740740741|0.0018191337585449|0.0039782524108886
98|100|0.8240740740740741|0.0018072128295898|0.0041618347167968
98|101|0.8240740740740741|0.0018146038055419|0.0041432380676269
98|102|0.8240740740740741|0.0018482208251953|0.0038821697235107
98|103|0.8240740740740741|0.0018386840820312|0.0038859844207763
98|104|0.8240740740740741|0.0018491744995117|0.0040655136108398
98|105|0.8240740740740741|0.0018267631530761|0.0038931369781494
98|106|0.8240740740740741|0.001833438873291|0.0041840076446533
98|107|0.8240740740740741|0.0018951892852783|0.0040915012359619
98|108|0.8240740740740741|0.0019137859344482|0.0040664672851562
98|109|0.8240740740740741|0.0019068717956542|0.0039894580841064
98|110|0.8240740740740741|0.0019392967224121|0.0040297508239746
98|111|0.8240740740740741|0.001932144165039|0.0042941570281982
98|112|0.8240740740740741|0.0019190311431884|0.0040247440338134
98|113|0.8240740740740741|0.0019607543945312|0.0041000843048095
98|114|0.8333333333333334|0.0019662380218505|0.0040481090545654
98|115|0.8333333333333334|0.0019853115081787|0.0042388439178466
98|116|0.8333333333333334|0.0019772052764892|0.004249095916748
98|117|0.8333333333333334|0.0019879341125488|0.0041625499725341
98|118|0.8333333333333334|0.0019788742065429|0.0042707920074462
98|119|0.8333333333333334|0.002018928527832|0.0044190883636474
98|120|0.8333333333333334|0.0029001235961914|0.007742166519165
98|121|0.8333333333333334|0.002835988998413|0.0077252388000488
98|122|0.8333333333333334|0.002892255783081|0.0077929496765136
98|123|0.8333333333333334|0.003019094467163|0.0078942775726318
98|124|0.8333333333333334|0.0029850006103515|0.0078940391540527
98|125|0.8333333333333334|0.0029866695404052|0.0078835487365722
98|126|0.8333333333333334|0.0029759407043457|0.0078744888305664
98|127|0.8333333333333334|0.002028465270996|0.004239797592163
98|128|0.8333333333333334|0.0020442008972167|0.0043308734893798
98|129|0.8333333333333334|0.0020122528076171|0.0044398307800292
98|130|0.8333333333333334|0.0020146369934082|0.0044677257537841
98|131|0.8333333333333334|0.0020177364349365|0.0043795108795166
98|132|0.8333333333333334|0.0020911693572998|0.0042617321014404
98|133|0.8333333333333334|0.0020842552185058|0.0043210983276367
98|134|0.8333333333333334|0.0020747184753417|0.0042972564697265
98|135|0.8333333333333334|0.0020911693572998|0.0045137405395507
98|136|0.8333333333333334|0.002084732055664|0.0043160915374755
98|137|0.8333333333333334|0.0020833015441894|0.0043344497680664
98|138|0.8333333333333334|0.0021131038665771|0.0043275356292724
98|139|0.8425925925925926|0.0021846294403076|0.0043554306030273
99|20|0.6851851851851852|0.001296043395996|
99|21|0.6944444444444444|0.0009903907775878|0.001349925994873
99|22|0.7037037037037037|0.0010385513305664|0.0013818740844726
99|23|0.7407407407407407|0.0009863376617431|0.0013816356658935
99|24|0.7592592592592593|0.0011329650878906|0.0014564990997314
99|25|0.7407407407407407|0.0009975433349609|0.0014412403106689
99|26|0.7685185185185185|0.0010037422180175|0.0015003681182861
99|27|0.7592592592592593|0.0010499954223632|0.0015783309936523
99|28|0.7685185185185185|0.0010952949523925|0.0016131401062011
99|29|0.7592592592592593|0.001025915145874|0.0016930103302001
99|30|0.7314814814814815|0.0010333061218261|0.0016849040985107
99|31|0.75|0.0010197162628173|0.0017867088317871
99|32|0.7222222222222222|0.0010311603546142|0.0017347335815429
99|33|0.7592592592592593|0.0010509490966796|0.0017521381378173
99|34|0.7407407407407407|0.0010402202606201|0.0018513202667236
99|35|0.7129629629629629|0.0010499954223632|0.0019283294677734
99|36|0.6944444444444444|0.0010852813720703|0.0018937587738037
99|37|0.6944444444444444|0.0010616779327392|0.0019977092742919
99|38|0.75|0.0011067390441894|0.0020785331726074
99|39|0.75|0.0010881423950195|0.0020601749420166
99|40|0.7407407407407407|0.0011074542999267|0.0021295547485351
99|41|0.75|0.0010852813720703|0.0020368099212646
99|42|0.7777777777777778|0.0011177062988281|0.0021593570709228
99|43|0.7685185185185185|0.0010950565338134|0.0021829605102539
99|44|0.75|0.0011181831359863|0.0022857189178466
99|45|0.7685185185185185|0.0011088848114013|0.0022766590118408
99|46|0.7685185185185185|0.0011565685272216|0.0023825168609619
99|47|0.7962962962962963|0.0011367797851562|0.0022938251495361
99|48|0.7962962962962963|0.0012130737304687|0.0023136138916015
99|49|0.7777777777777778|0.0011713504791259|0.0024590492248535
99|50|0.7685185185185185|0.0011920928955078|0.0024199485778808
99|51|0.7777777777777778|0.0011851787567138|0.0025463104248046
99|52|0.7870370370370371|0.0012323856353759|0.0025937557220458
99|53|0.7685185185185185|0.0011990070343017|0.0025360584259033
99|54|0.7685185185185185|0.0012440681457519|0.0025970935821533
99|55|0.7777777777777778|0.0012989044189453|0.0025832653045654
99|56|0.7685185185185185|0.0013418197631835|0.0027523040771484
99|57|0.7685185185185185|0.0013413429260253|0.0027406215667724
99|58|0.7777777777777778|0.0013585090637207|0.0026736259460449
99|59|0.75|0.0013020038604736|0.0028948783874511
99|60|0.7407407407407407|0.0013368129730224|0.0027723312377929
99|61|0.7407407407407407|0.001300573348999|0.0028502941131591
99|62|0.7407407407407407|0.0013442039489746|0.0029644966125488
99|63|0.7407407407407407|0.0013012886047363|0.0028650760650634
99|64|0.7407407407407407|0.0013258457183837|0.0028998851776123
99|65|0.7407407407407407|0.0013492107391357|0.0028767585754394
99|66|0.7777777777777778|0.0013561248779296|0.0030765533447265
99|67|0.7777777777777778|0.0013542175292968|0.0030686855316162
99|68|0.7777777777777778|0.00142502784729|0.0030374526977539
99|69|0.7777777777777778|0.0014035701751708|0.0030963420867919
99|70|0.7592592592592593|0.0013990402221679|0.0033464431762695
99|71|0.7592592592592593|0.0014128684997558|0.003232717514038
99|72|0.7685185185185185|0.0014193058013916|0.0030958652496337
99|73|0.7685185185185185|0.0014102458953857|0.003244400024414
99|74|0.7685185185185185|0.0014796257019042|0.0034558773040771
99|75|0.7685185185185185|0.001474380493164|0.0033943653106689
99|76|0.7685185185185185|0.0014679431915283|0.0032184123992919
99|77|0.7685185185185185|0.0015249252319335|0.0032849311828613
99|78|0.7685185185185185|0.0015602111816406|0.0034177303314208
99|79|0.7685185185185185|0.0015468597412109|0.0035996437072753
99|80|0.7685185185185185|0.0015637874603271|0.0036771297454833
99|81|0.7685185185185185|0.0015699863433837|0.0035843849182128
99|82|0.7685185185185185|0.0015902519226074|0.003568410873413
99|83|0.7777777777777778|0.0016009807586669|0.0035786628723144
99|84|0.7777777777777778|0.0016138553619384|0.0035383701324462
99|85|0.7777777777777778|0.0016534328460693|0.0036749839782714
99|86|0.7777777777777778|0.0016610622406005|0.0036623477935791
99|87|0.7777777777777778|0.0016701221466064|0.0037212371826171
99|88|0.7777777777777778|0.0016958713531494|0.0036311149597167
99|89|0.7777777777777778|0.001699686050415|0.0037615299224853
99|90|0.7777777777777778|0.001767873764038|0.0037202835083007
99|91|0.7777777777777778|0.0017371177673339|0.0037891864776611
99|92|0.7777777777777778|0.0017628669738769|0.0037596225738525
99|93|0.7870370370370371|0.0017609596252441|0.0038113594055175
99|94|0.7870370370370371|0.0017759799957275|0.0038344860076904
99|95|0.7870370370370371|0.0018050670623779|0.0038261413574218
99|96|0.7870370370370371|0.0017869472503662|0.003899335861206
99|97|0.7870370370370371|0.0018012523651123|0.003939151763916
99|98|0.7870370370370371|0.0018119812011718|0.0039224624633789
99|99|0.7870370370370371|0.0018477439880371|0.0038263797760009
99|100|0.7777777777777778|0.0018579959869384|0.0038368701934814
99|101|0.7777777777777778|0.0018541812896728|0.0039575099945068
99|102|0.7777777777777778|0.0019118785858154|0.0039782524108886
99|103|0.7777777777777778|0.0019123554229736|0.003892183303833
99|104|0.7777777777777778|0.0019311904907226|0.0038959980010986
99|105|0.7777777777777778|0.0019547939300537|0.0039942264556884
99|106|0.7777777777777778|0.0019919872283935|0.0039160251617431
99|107|0.7777777777777778|0.0019848346710205|0.0041284561157226
99|108|0.7777777777777778|0.0019965171813964|0.0041344165802001
99|109|0.7777777777777778|0.0019803047180175|0.0041704177856445
99|110|0.7777777777777778|0.0019278526306152|0.0040771961212158
99|111|0.7777777777777778|0.0018997192382812|0.0040140151977539
99|112|0.7777777777777778|0.0019392967224121|0.00425386428833
99|113|0.7777777777777778|0.0018861293792724|0.0040881633758544
99|114|0.7777777777777778|0.001927375793457|0.0040681362152099
99|115|0.7777777777777778|0.001927375793457|0.0041682720184326
99|116|0.7777777777777778|0.001950979232788|0.0041851997375488
99|117|0.7777777777777778|0.0019385814666748|0.0041160583496093
99|118|0.7777777777777778|0.0019652843475341|0.0043561458587646
99|119|0.7777777777777778|0.0019524097442626|0.0042448043823242
99|120|0.7777777777777778|0.0019619464874267|0.0041031837463378
99|121|0.7777777777777778|0.0019745826721191|0.0043234825134277
99|122|0.7777777777777778|0.0019738674163818|0.004256248474121
99|123|0.7777777777777778|0.00201416015625|0.0043206214904785
99|124|0.7777777777777778|0.0019953250885009|0.0042791366577148
99|125|0.7777777777777778|0.0020320415496826|0.0041439533233642
99|126|0.7777777777777778|0.0020108222961425|0.004080057144165
99|127|0.7777777777777778|0.0020449161529541|0.004157543182373
99|128|0.7777777777777778|0.0020287036895751|0.0043063163757324
99|129|0.7777777777777778|0.002061128616333|0.0043802261352539
99|130|0.7777777777777778|0.0020375251770019|0.0042109489440917
99|131|0.7777777777777778|0.0020551681518554|0.0042846202850341
99|132|0.7777777777777778|0.0021028518676757|0.0042288303375244
99|133|0.7777777777777778|0.002073049545288|0.0042340755462646
99|134|0.7777777777777778|0.0021002292633056|0.0043399333953857
99|135|0.7777777777777778|0.0020782947540283|0.0042500495910644
99|136|0.7777777777777778|0.0021188259124755|0.0043683052062988
99|137|0.7777777777777778|0.0021157264709472|0.0043652057647705
99|138|0.7777777777777778|0.00211763381958|0.0042791366577148
99|139|0.7777777777777778|0.002148151397705|0.0042614936828613
99|140|0.7777777777777778|0.0021197795867919|0.0041918754577636
96|140|0.7685185185185185|0.002110481262207|0.0045588016510009
96|141|0.7685185185185185|0.0021529197692871|0.004446268081665
96|142|0.7685185185185185|0.0021300315856933|0.0043985843658447
96|143|0.7685185185185185|0.0021421909332275|0.0046348571777343
96|144|0.7685185185185185|0.0021514892578125|0.0044116973876953
96|145|0.7685185185185185|0.0021591186523437|0.0044293403625488
96|146|0.7685185185185185|0.0021917819976806|0.0047545433044433
96|147|0.7685185185185185|0.0021910667419433|0.0048668384552001
96|148|0.7685185185185185|0.0022244453430175|0.0043058395385742
96|149|0.7685185185185185|0.0022029876708984|0.0043756961822509
96|150|0.7685185185185185|0.0022110939025878|0.0045418739318847
96|151|0.7685185185185185|0.0022389888763427|0.0044145584106445
96|152|0.7685185185185185|0.0022270679473876|0.0043494701385498
96|153|0.7685185185185185|0.0022284984588623|0.0047450065612792
96|154|0.7685185185185185|0.0022904872894287|0.0045361518859863
96|155|0.7685185185185185|0.0023200511932373|0.0045158863067626
96|156|0.7685185185185185|0.0022494792938232|0.0047178268432617
96|157|0.7685185185185185|0.00225830078125|0.0044679641723632
96|158|0.7685185185185185|0.0023634433746337|0.0048499107360839
96|159|0.7685185185185185|0.0022749900817871|0.0048451423645019
96|160|0.7685185185185185|0.0022864341735839|0.0045499801635742
96|161|0.7685185185185185|0.0032951831817626|0.0061225891113281
96|162|0.7685185185185185|0.0023367404937744|0.0045559406280517
92|140|0.8611111111111112|0.002192735671997|0.0044615268707275
92|141|0.8518518518518519|0.0022177696228027|0.00441575050354
92|142|0.8518518518518519|0.0022449493408203|0.0044503211975097
92|143|0.8518518518518519|0.0022459030151367|0.0044412612915039
92|144|0.8518518518518519|0.0022337436676025|0.0044624805450439
92|145|0.8518518518518519|0.002267837524414|0.0044498443603515
92|146|0.8518518518518519|0.0022614002227783|0.0046849250793457
92|147|0.8518518518518519|0.0022633075714111|0.0044527053833007
92|148|0.8518518518518519|0.0022890567779541|0.0044624805450439
92|149|0.8518518518518519|0.0022733211517333|0.0046775341033935
92|150|0.8518518518518519|0.0023157596588134|0.0046725273132324
92|151|0.8518518518518519|0.0023026466369628|0.0046865940093994
92|152|0.8518518518518519|0.0023179054260253|0.0044939517974853
92|153|0.8518518518518519|0.0023269653320312|0.0044901371002197
92|154|0.8518518518518519|0.0023488998413085|0.0044934749603271
92|155|0.8518518518518519|0.0023541450500488|0.0045256614685058
92|156|0.8518518518518519|0.0023386478424072|0.004606008529663
92|157|0.8518518518518519|0.0023527145385742|0.0045921802520751
92|158|0.8518518518518519|0.0023555755615234|0.00445556640625
92|159|0.8518518518518519|0.0032269954681396|0.0060465335845947
92|160|0.8518518518518519|0.0023806095123291|0.0045597553253173
92|161|0.8518518518518519|0.0023810863494873|0.0045104026794433
92|162|0.8518518518518519|0.0024166107177734|0.0044775009155273
93|139|0.8333333333333334|0.0020887851715087|0.0044584274291992
93|140|0.8333333333333334|0.0021240711212158|0.0042808055877685
93|141|0.8333333333333334|0.0021257400512695|0.0043854713439941
93|142|0.8333333333333334|0.0021145343780517|0.0045835971832275
93|143|0.8333333333333334|0.0021796226501464|0.0042817592620849
93|144|0.8333333333333334|0.0021796226501464|0.0044629573822021
93|145|0.8333333333333334|0.002199649810791|0.0043981075286865
93|146|0.8333333333333334|0.0022063255310058|0.0043907165527343
93|147|0.8333333333333334|0.0022168159484863|0.004451036453247
93|148|0.8333333333333334|0.002202033996582|0.0043272972106933
93|149|0.8333333333333334|0.002204418182373|0.0043413639068603
93|150|0.8333333333333334|0.0022110939025878|0.0044765472412109
93|151|0.8333333333333334|0.0022196769714355|0.0044021606445312
93|152|0.8333333333333334|0.0024244785308837|0.0048699378967285
93|153|0.8333333333333334|0.0022418498992919|0.0044927597045898
93|154|0.8333333333333334|0.0022366046905517|0.0043463706970214
93|155|0.8333333333333334|0.0022644996643066|0.0043644905090332
93|156|0.8333333333333334|0.0022644996643066|0.0044746398925781
93|157|0.8333333333333334|0.0022611618041992|0.0044050216674804
93|158|0.8333333333333334|0.0033192634582519|0.0056936740875244
93|159|0.8333333333333334|0.0023066997528076|0.0046064853668212
93|160|0.8333333333333334|0.0023236274719238|0.0043258666992187
93|161|0.8333333333333334|0.0023949146270751|0.004420518875122
93|162|0.8333333333333334|0.0025215148925781|0.0047192573547363
95|140|0.7777777777777778|0.0021185874938964|0.0042026042938232
95|141|0.7777777777777778|0.0021171569824218|0.0042333602905273
95|142|0.7777777777777778|0.0021569728851318|0.0042471885681152
95|143|0.7777777777777778|0.0021579265594482|0.0042333602905273
95|144|0.7777777777777778|0.0021522045135498|0.0044264793395996
95|145|0.7777777777777778|0.0021460056304931|0.0043244361877441
95|146|0.7777777777777778|0.0021431446075439|0.0042541027069091
95|147|0.7777777777777778|0.0021743774414062|0.0044276714324951
95|148|0.7777777777777778|0.0021870136260986|0.0043468475341796
95|149|0.7777777777777778|0.002202033996582|0.0043354034423828
95|150|0.7870370370370371|0.0022463798522949|0.0042521953582763
95|151|0.7870370370370371|0.0022718906402587|0.0045561790466308
95|152|0.7870370370370371|0.0022792816162109|0.0044479370117187
95|153|0.7870370370370371|0.0022404193878173|0.0042676925659179
95|154|0.7870370370370371|0.0022404193878173|0.0042996406555175
95|155|0.7870370370370371|0.0022447109222412|0.0043461322784423
95|156|0.7870370370370371|0.0022621154785156|0.0043880939483642
95|157|0.7870370370370371|0.0023081302642822|0.0043070316314697
95|158|0.7870370370370371|0.0022673606872558|0.0044872760772705
95|159|0.7870370370370371|0.0025432109832763|0.0044691562652587
95|160|0.7870370370370371|0.0022931098937988|0.0042982101440429
95|161|0.7870370370370371|0.0023026466369628|0.0042841434478759
95|162|0.7870370370370371|0.0022921562194824|0.0042932033538818
94|139|0.8703703703703703|0.0022604465484619|0.0047087669372558
94|140|0.8703703703703703|0.0022332668304443|0.0046429634094238
94|141|0.8703703703703703|0.0022633075714111|0.0048203468322753
94|142|0.8703703703703703|0.0022587776184082|0.0044856071472167
94|143|0.8703703703703703|0.0022885799407958|0.0046644210815429
94|144|0.8703703703703703|0.0022830963134765|0.0047550201416015
94|145|0.8703703703703703|0.0023066997528076|0.0044898986816406
94|146|0.8703703703703703|0.0023028850555419|0.0047662258148193
94|147|0.8703703703703703|0.0023286342620849|0.0046639442443847
94|148|0.8703703703703703|0.002333641052246|0.0044901371002197
94|149|0.8703703703703703|0.0023176670074462|0.0046114921569824
94|150|0.8703703703703703|0.0023360252380371|0.0046045780181884
94|151|0.8703703703703703|0.0023531913757324|0.0044982433319091
94|152|0.8703703703703703|0.0023689270019531|0.0045337677001953
94|153|0.8703703703703703|0.0023584365844726|0.0047411918640136
94|154|0.8703703703703703|0.0023612976074218|0.0045089721679687
94|155|0.8703703703703703|0.0023751258850097|0.0046219825744628
94|156|0.8703703703703703|0.002406358718872|0.0044853687286376
94|157|0.8703703703703703|0.0024349689483642|0.0047900676727294
94|158|0.8703703703703703|0.0025670528411865|0.0048561096191406
94|159|0.8703703703703703|0.0026845932006835|0.0046854019165039
94|160|0.8703703703703703|0.0027985572814941|0.0046553611755371
94|161|0.8703703703703703|0.0027878284454345|0.0046215057373046
94|162|0.8703703703703703|0.0024943351745605|0.0043370723724365
91|140|0.8240740740740741|0.0023412704467773|0.0045199394226074
91|141|0.8240740740740741|0.002392292022705|0.0044209957122802
91|142|0.8240740740740741|0.0023305416107177|0.0045251846313476
91|143|0.8240740740740741|0.0023360252380371|0.0045442581176757
91|144|0.8240740740740741|0.00236177444458|0.0044672489166259
91|145|0.8240740740740741|0.0023953914642333|0.0047206878662109
91|146|0.8240740740740741|0.0023610591888427|0.0044703483581542
91|147|0.8240740740740741|0.0023984909057617|0.004462718963623
91|148|0.8240740740740741|0.0023844242095947|0.0046198368072509
91|149|0.8240740740740741|0.0024335384368896|0.0045504570007324
91|150|0.8240740740740741|0.0024476051330566|0.0044672489166259
91|151|0.8240740740740741|0.0024390220642089|0.0045561790466308
91|152|0.8240740740740741|0.0024166107177734|0.0048110485076904
91|153|0.8240740740740741|0.0049617290496826|0.0044775009155273
91|154|0.8240740740740741|0.0024638175964355|0.0049912929534912
91|155|0.8240740740740741|0.00248384475708|0.0046813488006591
91|156|0.8240740740740741|0.002465009689331|0.0044841766357421
91|157|0.8240740740740741|0.0024847984313964|0.004908800125122
91|158|0.8240740740740741|0.0025198459625244|0.0047607421875
91|159|0.8240740740740741|0.0025482177734375|0.0045206546783447
91|160|0.8240740740740741|0.002610445022583|0.0050864219665527
91|161|0.8240740740740741|0.0025663375854492|0.0047187805175781
91|162|0.8240740740740741|0.0025994777679443|0.0045270919799804
97|139|0.8148148148148148|0.0020666122436523|0.0042920112609863
97|140|0.8148148148148148|0.0020806789398193|0.0045380592346191
97|141|0.8148148148148148|0.0020728111267089|0.0044202804565429
97|142|0.8148148148148148|0.002089500427246|0.0045061111450195
97|143|0.8148148148148148|0.0020906925201416|0.0045089721679687
97|144|0.8148148148148148|0.0021054744720458|0.0045628547668457
97|145|0.8148148148148148|0.0021116733551025|0.0043082237243652
97|146|0.8148148148148148|0.0021483898162841|0.0046446323394775
97|147|0.8148148148148148|0.0022089481353759|0.0045962333679199
97|148|0.8148148148148148|0.0021944046020507|0.0045058727264404
97|149|0.8148148148148148|0.002199649810791|0.0045931339263916
97|150|0.8148148148148148|0.0022075176239013|0.0043601989746093
97|151|0.8148148148148148|0.0022153854370117|0.0045688152313232
97|152|0.8148148148148148|0.0022306442260742|0.0045156478881835
97|153|0.8148148148148148|0.002251386642456|0.0043675899505615
97|154|0.8148148148148148|0.0022416114807128|0.0045886039733886
97|155|0.8148148148148148|0.0032620429992675|0.0058646202087402
97|156|0.8148148148148148|0.0033819675445556|0.0050225257873535
97|157|0.8148148148148148|0.0024411678314208|0.0047729015350341
97|158|0.8148148148148148|0.0025761127471923|0.0044844150543212
97|159|0.8148148148148148|0.0026359558105468|0.0044586658477783
97|160|0.8148148148148148|0.0024249553680419|0.0046358108520507
97|161|0.8148148148148148|0.0023541450500488|0.0046806335449218
97|162|0.8148148148148148|0.0024154186248779|0.0043189525604248
90|140|0.8333333333333334|0.0022652149200439|0.0043015480041503
90|141|0.8333333333333334|0.0022568702697753|0.0043270587921142
90|142|0.8333333333333334|0.0022597312927246|0.0043168067932128
90|143|0.8333333333333334|0.0022697448730468|0.0043191909790039
90|144|0.8333333333333334|0.0022964477539062|0.0043578147888183
90|145|0.8333333333333334|0.0023255348205566|0.0043487548828125
90|146|0.8333333333333334|0.0023078918457031|0.004357099533081
90|147|0.8333333333333334|0.0023314952850341|0.0043704509735107
90|148|0.8333333333333334|0.0027060508728027|0.0045249462127685
90|149|0.8333333333333334|0.0023407936096191|0.0043780803680419
90|150|0.8333333333333334|0.0023062229156494|0.0043656826019287
90|151|0.8333333333333334|0.0023474693298339|0.0043947696685791
90|152|0.8333333333333334|0.0023517608642578|0.0044102668762207
90|153|0.8333333333333334|0.0023784637451171|0.0043733119964599
90|154|0.8333333333333334|0.0023808479309082|0.0044057369232177
90|155|0.8333333333333334|0.0023941993713378|0.0043885707855224
90|156|0.8333333333333334|0.0023770332336425|0.0043814182281494
90|157|0.8333333333333334|0.0023696422576904|0.0044374465942382
90|158|0.8333333333333334|0.0023841857910156|0.0044009685516357
90|159|0.8333333333333334|0.0024635791778564|0.0043714046478271
90|160|0.8333333333333334|0.0025022029876708|0.0043859481811523
90|161|0.8333333333333334|0.0025031566619873|0.004310131072998
90|162|0.8333333333333334|0.0025928020477294|0.0044264793395996
99|141|0.7777777777777778|0.0021777153015136|0.0042433738708496
99|142|0.7777777777777778|0.0021698474884033|0.0043842792510986
99|143|0.7777777777777778|0.0021708011627197|0.0043365955352783
99|144|0.7777777777777778|0.0022006034851074|0.0044939517974853
99|145|0.7777777777777778|0.0021915435791015|0.0043566226959228
99|146|0.7777777777777778|0.002195119857788|0.0043957233428955
99|147|0.7777777777777778|0.0022082328796386|0.0043518543243408
99|148|0.7777777777777778|0.0022261142730712|0.0044214725494384
99|149|0.7777777777777778|0.002265453338623|0.0043282508850097
99|150|0.7777777777777778|0.0022718906402587|0.0044448375701904
99|151|0.7777777777777778|0.0022556781768798|0.00425386428833
99|152|0.7777777777777778|0.0022785663604736|0.0043199062347412
99|153|0.7777777777777778|0.0022540092468261|0.0043458938598632
99|154|0.7777777777777778|0.0022387504577636|0.0045156478881835
99|155|0.7777777777777778|0.0022618770599365|0.0043942928314208
99|156|0.7777777777777778|0.0022475719451904|0.0044202804565429
99|157|0.7777777777777778|0.0022511482238769|0.0045166015625
99|158|0.7777777777777778|0.0026063919067382|0.00459885597229
99|159|0.7777777777777778|0.0024662017822265|0.0043494701385498
99|160|0.7777777777777778|0.002471923828125|0.004368782043457
99|161|0.7777777777777778|0.0024561882019042|0.0045118331909179
99|162|0.7777777777777778|0.0023384094238281|0.0041522979736328
98|140|0.8425925925925926|0.0022001266479492|0.0044069290161132
98|141|0.8425925925925926|0.0022308826446533|0.004521369934082
98|142|0.8425925925925926|0.0022082328796386|0.0045142173767089
98|143|0.8425925925925926|0.002230167388916|0.0045027732849121
98|144|0.8425925925925926|0.0022692680358886|0.0045630931854248
98|145|0.8425925925925926|0.0025663375854492|0.0045948028564453
98|146|0.8425925925925926|0.0022463798522949|0.0044217109680175
98|147|0.8425925925925926|0.0022695064544677|0.0044677257537841
98|148|0.8425925925925926|0.002352237701416|0.0044367313385009
98|149|0.8425925925925926|0.0022578239440917|0.0046122074127197
98|150|0.8425925925925926|0.002288818359375|0.0045876502990722
98|151|0.8425925925925926|0.0023529529571533|0.0045356750488281
98|152|0.8425925925925926|0.0023283958435058|0.0046720504760742
98|153|0.8425925925925926|0.0040295124053955|0.0067336559295654
98|154|0.8425925925925926|0.0025992393493652|0.004504919052124
98|155|0.8425925925925926|0.0026197433471679|0.0045232772827148
98|156|0.8425925925925926|0.0027766227722167|0.0045180320739746
98|157|0.8425925925925926|0.0024895668029785|0.0045952796936035
98|158|0.8425925925925926|0.0027823448181152|0.0045001506805419
98|159|0.8425925925925926|0.0027627944946289|0.0046310424804687
98|160|0.8425925925925926|0.0026314258575439|0.0044400691986083
98|161|0.8425925925925926|0.0027356147766113|0.0046589374542236
98|162|0.8425925925925926|0.0029280185699462|0.0047132968902587
106|20|0.75|0.0013222694396972|
106|21|0.7777777777777778|0.0009675025939941|0.0014059543609619
106|22|0.7870370370370371|0.0009853839874267|0.0013303756713867
106|23|0.7870370370370371|0.000983715057373|0.0014307498931884
106|24|0.7870370370370371|0.0009851455688476|0.0014553070068359
106|25|0.7870370370370371|0.0009779930114746|0.0014934539794921
106|26|0.7962962962962963|0.000969648361206|0.0015442371368408
106|27|0.8055555555555556|0.0009858608245849|0.0015156269073486
106|28|0.7870370370370371|0.0010225772857666|0.0016472339630126
106|29|0.7870370370370371|0.0009992122650146|0.0016765594482421
106|30|0.7592592592592593|0.0009922981262207|0.0017340183258056
106|31|0.7870370370370371|0.0010058879852294|0.0017290115356445
106|32|0.7962962962962963|0.0010199546813964|0.0017507076263427
106|33|0.7777777777777778|0.0009794235229492|0.0017433166503906
106|34|0.7777777777777778|0.0010068416595458|0.0018477439880371
106|35|0.7592592592592593|0.0009958744049072|0.0018877983093261
106|36|0.7962962962962963|0.0010590553283691|0.0019454956054687
106|37|0.75|0.0009958744049072|0.0019869804382324
106|38|0.7870370370370371|0.001070499420166|0.0019924640655517
106|39|0.7962962962962963|0.0010521411895751|0.0020279884338378
106|40|0.8240740740740741|0.0010712146759033|0.0020759105682373
106|41|0.8333333333333334|0.0010170936584472|0.0021781921386718
106|42|0.8240740740740741|0.0010571479797363|0.0022270679473876
106|43|0.8148148148148148|0.0010538101196289|0.0021407604217529
106|44|0.8055555555555556|0.0010862350463867|0.0022597312927246
106|45|0.8148148148148148|0.0014195442199707|0.0022592544555664
106|46|0.7962962962962963|0.0011179447174072|0.0022816658020019
106|47|0.7777777777777778|0.0010664463043212|0.0022542476654052
106|48|0.8148148148148148|0.0011305809020996|0.002347707748413
106|49|0.8055555555555556|0.0010948181152343|0.0023999214172363
106|50|0.8055555555555556|0.0011143684387207|0.0024933815002441
106|51|0.8240740740740741|0.0010919570922851|0.0024988651275634
106|52|0.8240740740740741|0.0011320114135742|0.0024855136871337
106|53|0.8611111111111112|0.0011119842529296|0.0025200843811035
106|54|0.8425925925925926|0.0011401176452636|0.0026319026947021
106|55|0.8333333333333334|0.0011391639709472|0.0025684833526611
106|56|0.8425925925925926|0.0011684894561767|0.00274658203125
106|57|0.8148148148148148|0.0011451244354248|0.0025999546051025
106|58|0.8425925925925926|0.0011794567108154|0.0027542114257812
106|59|0.8425925925925926|0.0011489391326904|0.0027389526367187
106|60|0.8425925925925926|0.0011887550354003|0.0026960372924804
106|61|0.8425925925925926|0.0011782646179199|0.0028295516967773
106|62|0.8148148148148148|0.0012242794036865|0.0029103755950927
106|63|0.8240740740740741|0.0012023448944091|0.0028076171875
106|64|0.8333333333333334|0.0012142658233642|0.0029354095458984
106|65|0.8333333333333334|0.0012323856353759|0.0029809474945068
106|66|0.8333333333333334|0.0012295246124267|0.003141164779663
106|67|0.8333333333333334|0.001253604888916|0.0031096935272216
106|68|0.8518518518518519|0.0012741088867187|0.0031466484069824
106|69|0.8518518518518519|0.0012722015380859|0.0032238960266113
106|70|0.8518518518518519|0.0012707710266113|0.0033848285675048
106|71|0.8518518518518519|0.0012996196746826|0.0032742023468017
106|72|0.8240740740740741|0.0013184547424316|0.0032663345336914
106|73|0.8333333333333334|0.0013248920440673|0.0034046173095703
106|74|0.8333333333333334|0.00136399269104|0.0033576488494873
106|75|0.8333333333333334|0.0013430118560791|0.003307819366455
106|76|0.8425925925925926|0.0013518333435058|0.0033991336822509
106|77|0.8333333333333334|0.001375675201416|0.003413438796997
106|78|0.8333333333333334|0.0014083385467529|0.0034878253936767
106|79|0.8333333333333334|0.0013928413391113|0.0034215450286865
106|80|0.8425925925925926|0.0014135837554931|0.0035524368286132
106|81|0.8425925925925926|0.001413345336914|0.0035638809204101
106|82|0.8518518518518519|0.0014877319335937|0.0035722255706787
106|83|0.8518518518518519|0.0014259815216064|0.0036342144012451
106|84|0.8518518518518519|0.001462697982788|0.0034816265106201
106|85|0.8518518518518519|0.0014564990997314|0.0037240982055664
106|86|0.8518518518518519|0.0015239715576171|0.0038905143737792
106|87|0.8425925925925926|0.0015022754669189|0.0036780834197998
106|88|0.8425925925925926|0.0015139579772949|0.0038115978240966
106|89|0.8518518518518519|0.0015480518341064|0.0038750171661376
106|90|0.8425925925925926|0.0015473365783691|0.0042104721069335
106|91|0.8425925925925926|0.0015676021575927|0.0036313533782958
106|92|0.8518518518518519|0.0015993118286132|0.0037901401519775
106|93|0.8518518518518519|0.0015895366668701|0.003760814666748
106|94|0.8425925925925926|0.0015983581542968|0.0037887096405029
106|95|0.8518518518518519|0.0016400814056396|0.0039949417114257
106|96|0.8425925925925926|0.0016891956329345|0.003770112991333
106|97|0.8425925925925926|0.0016911029815673|0.0039691925048828
106|98|0.8425925925925926|0.001685619354248|0.0038626194000244
106|99|0.8425925925925926|0.0016953945159912|0.0041558742523193
106|100|0.8425925925925926|0.0017471313476562|0.0042140483856201
106|101|0.8425925925925926|0.0017242431640625|0.0039026737213134
106|102|0.8425925925925926|0.0017182826995849|0.0038909912109375
106|103|0.8425925925925926|0.0018064975738525|0.0043189525604248
106|104|0.8425925925925926|0.0017318725585937|0.0042014122009277
106|105|0.8425925925925926|0.0017838478088378|0.0041477680206298
106|106|0.8425925925925926|0.0017445087432861|0.003951072692871
106|107|0.8425925925925926|0.0018916130065917|0.0040318965911865
106|108|0.8425925925925926|0.001767873764038|0.004296064376831
106|109|0.8425925925925926|0.0017964839935302|0.0039539337158203
106|110|0.8425925925925926|0.0017783641815185|0.0042793750762939
106|111|0.8425925925925926|0.0018818378448486|0.0039741992950439
106|112|0.8425925925925926|0.0017988681793212|0.0041151046752929
106|113|0.8425925925925926|0.0018184185028076|0.0042145252227783
106|114|0.8425925925925926|0.0018162727355957|0.0041959285736083
106|115|0.8425925925925926|0.0018761157989501|0.0042333602905273
106|116|0.8425925925925926|0.0018362998962402|0.0043396949768066
106|117|0.8425925925925926|0.0018773078918457|0.0042016506195068
106|118|0.8425925925925926|0.0018293857574462|0.0043616294860839
106|119|0.8425925925925926|0.0018799304962158|0.0042343139648437
106|120|0.8518518518518519|0.0018305778503417|0.0042762756347656
106|121|0.8518518518518519|0.0018448829650878|0.0043349266052246
106|122|0.8518518518518519|0.0018427371978759|0.0044782161712646
106|123|0.8518518518518519|0.0020549297332763|0.0044825077056884
106|124|0.8518518518518519|0.001863956451416|0.0041756629943847
106|125|0.8518518518518519|0.0019097328186035|0.004319429397583
106|126|0.8518518518518519|0.0018975734710693|0.0045399665832519
106|127|0.8518518518518519|0.0018918514251708|0.0045399665832519
106|128|0.8518518518518519|0.0018959045410156|0.0044775009155273
106|129|0.8518518518518519|0.0018978118896484|0.0042324066162109
106|130|0.8518518518518519|0.0019259452819824|0.0042369365692138
106|131|0.8518518518518519|0.0019061565399169|0.0042340755462646
106|132|0.8518518518518519|0.0019359588623046|0.0042333602905273
106|133|0.8518518518518519|0.001920461654663|0.0042552947998046
106|134|0.8518518518518519|0.0019443035125732|0.0042388439178466
106|135|0.8518518518518519|0.0019450187683105|0.0042698383331298
106|136|0.8518518518518519|0.0019507408142089|0.0042304992675781
106|137|0.8518518518518519|0.0019526481628417|0.0043001174926757
100|20|0.6944444444444444|0.0013773441314697|
100|21|0.7592592592592593|0.0010714530944824|0.0013849735260009
100|22|0.7870370370370371|0.001122236251831|0.0014111995697021
100|23|0.7870370370370371|0.0010707378387451|0.0014302730560302
100|24|0.7592592592592593|0.0010814666748046|0.0015375614166259
100|25|0.7870370370370371|0.0010623931884765|0.0016088485717773
100|26|0.7870370370370371|0.0010731220245361|0.0015521049499511
100|27|0.7777777777777778|0.0010905265808105|0.0015983581542968
100|28|0.7685185185185185|0.0010924339294433|0.0016663074493408
100|29|0.7870370370370371|0.0011112689971923|0.0016844272613525
100|30|0.7870370370370371|0.0010828971862792|0.0017750263214111
100|31|0.7962962962962963|0.0010859966278076|0.0017685890197753
100|32|0.7962962962962963|0.0010626316070556|0.0018341541290283
100|33|0.7962962962962963|0.0010561943054199|0.0018482208251953
100|34|0.7962962962962963|0.001070499420166|0.0018856525421142
100|35|0.8240740740740741|0.001108169555664|0.0019633769989013
100|36|0.8333333333333334|0.0011043548583984|0.001971960067749
100|37|0.8518518518518519|0.0010900497436523|0.0020167827606201
100|38|0.8333333333333334|0.0011429786682128|0.0020546913146972
100|39|0.8333333333333334|0.0011157989501953|0.0020453929901123
100|40|0.8425925925925926|0.0011723041534423|0.0021185874938964
100|41|0.8333333333333334|0.0011348724365234|0.0022127628326416
100|42|0.8333333333333334|0.0011541843414306|0.0022153854370117
100|43|0.8611111111111112|0.0011248588562011|0.0021693706512451
100|44|0.8518518518518519|0.0011758804321289|0.0021896362304687
100|45|0.8703703703703703|0.0011727809906005|0.0023036003112792
100|46|0.8703703703703703|0.0011866092681884|0.00225830078125
100|47|0.8611111111111112|0.0011630058288574|0.002408742904663
100|48|0.8518518518518519|0.0012469291687011|0.0023751258850097
100|49|0.8611111111111112|0.0011839866638183|0.0023789405822753
100|50|0.8611111111111112|0.0012147426605224|0.0025804042816162
100|51|0.8611111111111112|0.0011730194091796|0.0024881362915039
100|52|0.8611111111111112|0.0012373924255371|0.0025570392608642
100|53|0.8611111111111112|0.0012118816375732|0.0026144981384277
100|54|0.8611111111111112|0.0012376308441162|0.0026755332946777
100|55|0.8425925925925926|0.0012176036834716|0.0028102397918701
100|56|0.8518518518518519|0.001265525817871|0.0026285648345947
100|57|0.8425925925925926|0.0012679100036621|0.002744436264038
100|58|0.8055555555555556|0.0013210773468017|0.0027763843536376
100|59|0.8425925925925926|0.0013301372528076|0.0028092861175537
100|60|0.8333333333333334|0.0013074874877929|0.0028605461120605
100|61|0.8518518518518519|0.0012891292572021|0.0028307437896728
100|62|0.8333333333333334|0.0013399124145507|0.0028321743011474
100|63|0.8425925925925926|0.0013608932495117|0.0029523372650146
100|64|0.8425925925925926|0.0013747215270996|0.0029003620147705
100|65|0.8333333333333334|0.001321792602539|0.0029582977294921
100|66|0.8333333333333334|0.0013341903686523|0.0030264854431152
100|67|0.8518518518518519|0.0013470649719238|0.0030524730682373
100|68|0.8611111111111112|0.0013887882232666|0.0032448768615722
100|69|0.8425925925925926|0.0013611316680908|0.0030741691589355
100|70|0.8518518518518519|0.0013773441314697|0.003314733505249
100|71|0.8425925925925926|0.0014140605926513|0.0031962394714355
100|72|0.8518518518518519|0.0014150142669677|0.0033240318298339
100|73|0.8518518518518519|0.0014171600341796|0.00325608253479
100|74|0.8518518518518519|0.0014407634735107|0.003474473953247
100|75|0.8518518518518519|0.0014569759368896|0.0033540725708007
100|76|0.8425925925925926|0.0014910697937011|0.0034546852111816
100|77|0.8518518518518519|0.0014569759368896|0.0033419132232666
100|78|0.8611111111111112|0.0014905929565429|0.0033061504364013
100|79|0.8518518518518519|0.0014739036560058|0.003333568572998
100|80|0.8425925925925926|0.0014803409576416|0.0034055709838867
100|81|0.8240740740740741|0.001500129699707|0.0034081935882568
100|82|0.8240740740740741|0.0015435218811035|0.0034432411193847
100|83|0.8240740740740741|0.0015769004821777|0.0034711360931396
100|84|0.8333333333333334|0.0015959739685058|0.00376558303833
100|85|0.8333333333333334|0.0015845298767089|0.0036342144012451
100|86|0.8333333333333334|0.0015759468078613|0.003580093383789
100|87|0.8333333333333334|0.0015785694122314|0.0036859512329101
100|88|0.8425925925925926|0.0016133785247802|0.0035533905029296
100|89|0.8425925925925926|0.0016398429870605|0.0038905143737792
100|90|0.8518518518518519|0.0016255378723144|0.0036695003509521
100|91|0.8518518518518519|0.0016872882843017|0.0037529468536376
100|92|0.8518518518518519|0.0017290115356445|0.0037324428558349
100|93|0.8518518518518519|0.0016937255859375|0.0036940574645996
100|94|0.8518518518518519|0.001915693283081|0.0038309097290039
100|95|0.8518518518518519|0.0017933845520019|0.0039381980895996
100|96|0.8518518518518519|0.0017685890197753|0.0038144588470458
100|97|0.8518518518518519|0.0017554759979248|0.0038521289825439
100|98|0.8425925925925926|0.0018763542175292|0.00404953956604
100|99|0.8425925925925926|0.0019357204437255|0.004023790359497
100|100|0.8425925925925926|0.0018985271453857|0.003882884979248
100|101|0.8425925925925926|0.0018811225891113|0.0040740966796875
100|102|0.8425925925925926|0.0019381046295166|0.0039916038513183
100|103|0.8425925925925926|0.0019676685333251|0.0041971206665039
100|104|0.8518518518518519|0.0020034313201904|0.0039918422698974
100|105|0.8518518518518519|0.0019388198852539|0.0040693283081054
100|106|0.8518518518518519|0.0020070075988769|0.0040442943572998
100|107|0.8518518518518519|0.0019991397857666|0.0041100978851318
100|108|0.8518518518518519|0.0019726753234863|0.0041799545288085
100|109|0.8518518518518519|0.001955509185791|0.0040676593780517
100|110|0.8333333333333334|0.0020351409912109|0.0041449069976806
100|111|0.8333333333333334|0.0020539760589599|0.0043187141418457
100|112|0.8333333333333334|0.002040147781372|0.0041444301605224
100|113|0.8333333333333334|0.001986026763916|0.0041460990905761
100|114|0.8333333333333334|0.0020332336425781|0.0042221546173095
100|115|0.8333333333333334|0.0020616054534912|0.0042347908020019
100|116|0.8333333333333334|0.0020523071289062|0.0042588710784912
100|117|0.8333333333333334|0.0020961761474609|0.0044388771057128
100|118|0.8333333333333334|0.0020594596862792|0.0043611526489257
100|119|0.8333333333333334|0.0021414756774902|0.0043299198150634
100|120|0.8425925925925926|0.0020914077758789|0.0043387413024902
100|121|0.8425925925925926|0.0020978450775146|0.0044279098510742
100|122|0.8425925925925926|0.0021126270294189|0.0042293071746826
100|123|0.8425925925925926|0.0021157264709472|0.0042474269866943
100|124|0.8425925925925926|0.0021219253540039|0.004279613494873
100|125|0.8425925925925926|0.0021278858184814|0.0043127536773681
100|126|0.8425925925925926|0.0021402835845947|0.004284381866455
100|127|0.8425925925925926|0.0022053718566894|0.0042603015899658
100|128|0.8425925925925926|0.0022058486938476|0.0043075084686279
100|129|0.8425925925925926|0.0022566318511962|0.0042939186096191
100|130|0.8425925925925926|0.0022218227386474|0.0046267509460449
100|131|0.8425925925925926|0.0022461414337158|0.0043451786041259
100|132|0.8333333333333334|0.0022778511047363|0.0043463706970214
100|133|0.8333333333333334|0.0022459030151367|0.0043773651123046
100|134|0.8333333333333334|0.002253770828247|0.004396915435791
100|135|0.8333333333333334|0.0022709369659423|0.0043456554412841
100|136|0.8333333333333334|0.0022399425506591|0.0043501853942871
100|137|0.8333333333333334|0.0022780895233154|0.0045747756958007
104|20|0.8240740740740741|0.0012669563293457|
104|21|0.8333333333333334|0.0009610652923583|0.0013985633850097
104|22|0.8240740740740741|0.0009801387786865|0.0013766288757324
104|23|0.8333333333333334|0.0009372234344482|0.0014498233795166
104|24|0.8240740740740741|0.0009717941284179|0.0015211105346679
104|25|0.8148148148148148|0.0009510517120361|0.0014643669128417
104|26|0.8148148148148148|0.0009667873382568|0.0015985965728759
104|27|0.8148148148148148|0.0009670257568359|0.0016438961029052
104|28|0.8240740740740741|0.0009775161743164|0.0017285346984863
104|29|0.8333333333333334|0.0009725093841552|0.0016324520111083
104|30|0.8148148148148148|0.0009827613830566|0.0017929077148437
104|31|0.8240740740740741|0.0009758472442626|0.0018305778503417
104|32|0.8425925925925926|0.0009779930114746|0.0018670558929443
104|33|0.8425925925925926|0.0010230541229248|0.0018680095672607
104|34|0.7962962962962963|0.0009896755218505|0.001835823059082
104|35|0.8148148148148148|0.0009925365447998|0.0019497871398925
104|36|0.7870370370370371|0.0010371208190917|0.0019693374633789
104|37|0.8148148148148148|0.0010051727294921|0.0021018981933593
104|38|0.8240740740740741|0.0010547637939453|0.0020403861999511
104|39|0.8240740740740741|0.0010504722595214|0.0021095275878906
104|40|0.8333333333333334|0.0010592937469482|0.0021805763244628
104|41|0.8148148148148148|0.0010154247283935|0.0021536350250244
104|42|0.8333333333333334|0.0010671615600585|0.0022668838500976
104|43|0.8333333333333334|0.0010499954223632|0.0023338794708251
104|44|0.8425925925925926|0.0010805130004882|0.0022985935211181
104|45|0.8425925925925926|0.001054048538208|0.0023379325866699
104|46|0.8240740740740741|0.0011048316955566|0.0025281906127929
104|47|0.8333333333333334|0.0010716915130615|0.0023219585418701
104|48|0.8148148148148148|0.0011088848114013|0.0024919509887695
104|49|0.8333333333333334|0.0010809898376464|0.0025916099548339
104|50|0.8240740740740741|0.0011358261108398|0.0025336742401123
104|51|0.8333333333333334|0.0011262893676757|0.0025384426116943
104|52|0.8333333333333334|0.0011477470397949|0.002587080001831
104|53|0.8240740740740741|0.0011126995086669|0.002582311630249
104|54|0.8333333333333334|0.0011365413665771|0.0027539730072021
104|55|0.8148148148148148|0.0011625289916992|0.0028178691864013
104|56|0.8148148148148148|0.0011825561523437|0.0028188228607177
104|57|0.8148148148148148|0.0011758804321289|0.0029010772705078
104|58|0.8240740740740741|0.0012018680572509|0.0030086040496826
104|59|0.8240740740740741|0.0011854171752929|0.0029976367950439
104|60|0.8333333333333334|0.0012238025665283|0.0029873847961425
104|61|0.8148148148148148|0.0011940002441406|0.0028517246246337
104|62|0.8055555555555556|0.0012314319610595|0.0028266906738281
104|63|0.7870370370370371|0.0011942386627197|0.0029313564300537
104|64|0.8055555555555556|0.0012235641479492|0.0028870105743408
104|65|0.8055555555555556|0.0012028217315673|0.0028953552246093
104|66|0.8148148148148148|0.0012269020080566|0.0030457973480224
104|67|0.8148148148148148|0.0012266635894775|0.0029754638671875
104|68|0.8240740740740741|0.0012459754943847|0.0029933452606201
104|69|0.8333333333333334|0.0012493133544921|0.0030372142791748
104|70|0.8425925925925926|0.0012619495391845|0.0030910968780517
104|71|0.8240740740740741|0.0012688636779785|0.0031385421752929
104|72|0.8148148148148148|0.0012683868408203|0.003110647201538
104|73|0.8240740740740741|0.0012786388397216|0.0034711360931396
104|74|0.8148148148148148|0.0012898445129394|0.0032992362976074
104|75|0.8055555555555556|0.0013041496276855|0.0034868717193603
104|76|0.8055555555555556|0.0013117790222167|0.0034348964691162
104|77|0.8055555555555556|0.0013272762298583|0.0035541057586669
104|78|0.8148148148148148|0.0013391971588134|0.003279685974121
104|79|0.8148148148148148|0.0013806819915771|0.003669261932373
104|80|0.8055555555555556|0.0013890266418457|0.0033533573150634
104|81|0.8148148148148148|0.0013940334320068|0.0035338401794433
104|82|0.8148148148148148|0.0014007091522216|0.0036497116088867
104|83|0.8055555555555556|0.0014302730560302|0.0036954879760742
104|84|0.8055555555555556|0.0014340877532958|0.0035662651062011
104|85|0.8055555555555556|0.0014491081237792|0.0037751197814941
104|86|0.8148148148148148|0.0014655590057373|0.0035059452056884
104|87|0.8055555555555556|0.001495361328125|0.0038003921508789
104|88|0.7962962962962963|0.0014808177947998|0.0037920475006103
104|89|0.7962962962962963|0.0014896392822265|0.0039098262786865
104|90|0.7962962962962963|0.0015013217926025|0.0038535594940185
104|91|0.8148148148148148|0.0015308856964111|0.0037956237792968
104|92|0.8240740740740741|0.0015504360198974|0.0036439895629882
104|93|0.8333333333333334|0.0015540122985839|0.0040128231048583
104|94|0.8240740740740741|0.0015811920166015|0.0040881633758544
104|95|0.8148148148148148|0.0016171932220458|0.0037269592285156
104|96|0.8148148148148148|0.0016450881958007|0.0040369033813476
104|97|0.8240740740740741|0.0033314228057861|0.0041174888610839
104|98|0.8055555555555556|0.0016822814941406|0.004105806350708
104|99|0.8055555555555556|0.0017085075378417|0.0041778087615966
104|100|0.8055555555555556|0.0017039775848388|0.0042634010314941
104|101|0.8148148148148148|0.0017330646514892|0.0040829181671142
104|102|0.8148148148148148|0.0017392635345458|0.0042715072631835
104|103|0.8148148148148148|0.0017571449279785|0.0042891502380371
104|104|0.8333333333333334|0.0017430782318115|0.0042710304260253
104|105|0.8240740740740741|0.0017757415771484|0.0043294429779052
104|106|0.8240740740740741|0.0017988681793212|0.0044145584106445
104|107|0.8240740740740741|0.0018191337585449|0.0040493011474609
104|108|0.8240740740740741|0.0018246173858642|0.0044724941253662
104|109|0.8240740740740741|0.0018370151519775|0.0040793418884277
104|110|0.8240740740740741|0.0018701553344726|0.0045580863952636
104|111|0.8333333333333334|0.0019478797912597|0.0041337013244628
104|112|0.8333333333333334|0.0019116401672363|0.0046091079711914
104|113|0.8333333333333334|0.0019087791442871|0.0045828819274902
104|114|0.8333333333333334|0.0019195079803466|0.0045516490936279
104|115|0.8333333333333334|0.0019409656524658|0.0041697025299072
104|116|0.8333333333333334|0.0019388198852539|0.0045266151428222
104|117|0.8333333333333334|0.0019340515136718|0.0045757293701171
104|118|0.8333333333333334|0.0019371509552001|0.004711627960205
104|119|0.8333333333333334|0.0020227432250976|0.0045349597930908
104|120|0.8333333333333334|0.001988410949707|0.0046734809875488
104|121|0.8425925925925926|0.001993179321289|0.0042626857757568
104|122|0.8425925925925926|0.0020108222961425|0.004291296005249
104|123|0.8240740740740741|0.0020637512207031|0.004554271697998
104|124|0.8240740740740741|0.0020270347595214|0.0045516490936279
104|125|0.8240740740740741|0.0020413398742675|0.0045075416564941
104|126|0.8240740740740741|0.0020661354064941|0.0048074722290039
104|127|0.8240740740740741|0.0020391941070556|0.0046679973602294
104|128|0.8240740740740741|0.0020768642425537|0.0043354034423828
104|129|0.8240740740740741|0.0020785331726074|0.0043268203735351
104|130|0.8240740740740741|0.0020747184753417|0.0045208930969238
104|131|0.8240740740740741|0.0020828247070312|0.0046942234039306
104|132|0.8240740740740741|0.0020902156829833|0.004352331161499
104|133|0.8240740740740741|0.0020999908447265|0.0046195983886718
104|134|0.8240740740740741|0.0020966529846191|0.0047054290771484
104|135|0.8240740740740741|0.0021185874938964|0.0044848918914794
104|136|0.8240740740740741|0.0021438598632812|0.0046510696411132
104|137|0.8240740740740741|0.0021383762359619|0.0046634674072265
107|20|0.8425925925925926|0.0012493133544921|
107|21|0.7962962962962963|0.0009465217590332|0.0014121532440185
107|22|0.8240740740740741|0.0009779930114746|0.0013127326965332
107|23|0.8240740740740741|0.000948429107666|0.0014257431030273
107|24|0.7962962962962963|0.0009610652923583|0.0014467239379882
107|25|0.7962962962962963|0.0009858608245849|0.0014727115631103
107|26|0.8425925925925926|0.0009646415710449|0.0015668869018554
107|27|0.8148148148148148|0.0009565353393554|0.0015578269958496
107|28|0.8240740740740741|0.0009779930114746|0.0016238689422607
107|29|0.8240740740740741|0.0009670257568359|0.0016777515411376
107|30|0.8240740740740741|0.0009827613830566|0.0017213821411132
107|31|0.8148148148148148|0.0009791851043701|0.0018050670623779
107|32|0.8055555555555556|0.0009820461273193|0.0018455982208251
107|33|0.8148148148148148|0.0009882450103759|0.0018150806427001
107|34|0.8333333333333334|0.0009994506835937|0.0019383430480957
107|35|0.8425925925925926|0.0009894371032714|0.0018696784973144
107|36|0.8333333333333334|0.0010542869567871|0.001863956451416
107|37|0.8333333333333334|0.0010137557983398|0.0020110607147216
107|38|0.8333333333333334|0.0010523796081542|0.0019543170928955
107|39|0.8425925925925926|0.0010530948638916|0.0021548271179199
107|40|0.8425925925925926|0.001056432723999|0.0021078586578369
107|41|0.8425925925925926|0.0010182857513427|0.0021784305572509
107|42|0.8518518518518519|0.0010571479797363|0.0020904541015625
107|43|0.8333333333333334|0.0010342597961425|0.0021719932556152
107|44|0.8333333333333334|0.0010714530944824|0.0022652149200439
107|45|0.8425925925925926|0.0010502338409423|0.0022943019866943
107|46|0.8425925925925926|0.0010907649993896|0.0023653507232666
107|47|0.8240740740740741|0.0010731220245361|0.0024502277374267
107|48|0.8333333333333334|0.0011656284332275|0.0024545192718505
107|49|0.8425925925925926|0.0011138916015625|0.0023891925811767
107|50|0.8425925925925926|0.0011467933654785|0.0024662017822265
107|51|0.8333333333333334|0.0010921955108642|0.0024864673614501
107|52|0.8240740740740741|0.0011518001556396|0.0025832653045654
107|53|0.8333333333333334|0.0011091232299804|0.002683401107788
107|54|0.8333333333333334|0.0011453628540039|0.0025455951690673
107|55|0.8518518518518519|0.0011610984802246|0.0026702880859375
107|56|0.8333333333333334|0.001162052154541|0.0027728080749511
107|57|0.8333333333333334|0.0011377334594726|0.0026354789733886
107|58|0.8333333333333334|0.0011858940124511|0.0027060508728027
107|59|0.8333333333333334|0.0011498928070068|0.002737283706665
107|60|0.8333333333333334|0.0012035369873046|0.0027453899383544
107|61|0.8333333333333334|0.0011684894561767|0.0028014183044433
107|62|0.8425925925925926|0.0012276172637939|0.0029256343841552
107|63|0.8425925925925926|0.0011837482452392|0.0029265880584716
107|64|0.8425925925925926|0.0012059211730957|0.0030546188354492
107|65|0.8240740740740741|0.0011992454528808|0.0030305385589599
107|66|0.8333333333333334|0.0012104511260986|0.003054141998291
107|67|0.8425925925925926|0.001227855682373|0.0031177997589111
107|68|0.8333333333333334|0.0012316703796386|0.0029716491699218
107|69|0.8518518518518519|0.0012428760528564|0.0030097961425781
107|70|0.8333333333333334|0.0012669563293457|0.0031940937042236
107|71|0.8518518518518519|0.0012753009796142|0.0031709671020507
107|72|0.8518518518518519|0.0012974739074707|0.0033166408538818
107|73|0.8425925925925926|0.0012736320495605|0.0031335353851318
107|74|0.8333333333333334|0.001305341720581|0.0032780170440673
107|75|0.8333333333333334|0.001328706741333|0.0033144950866699
107|76|0.8333333333333334|0.0013391971588134|0.0033628940582275
107|77|0.8333333333333334|0.001326560974121|0.0033082962036132
107|78|0.8425925925925926|0.0013599395751953|0.0034341812133789
107|79|0.8240740740740741|0.0013887882232666|0.0034551620483398
107|80|0.8240740740740741|0.0013928413391113|0.0034019947052001
107|81|0.8333333333333334|0.0014107227325439|0.0034470558166503
107|82|0.8425925925925926|0.0014052391052246|0.0035982131958007
107|83|0.8333333333333334|0.0014245510101318|0.0035164356231689
107|84|0.8333333333333334|0.0014204978942871|0.0036773681640625
107|85|0.8240740740740741|0.0015366077423095|0.0035970211029052
107|86|0.8240740740740741|0.0014448165893554|0.0036466121673583
107|87|0.8240740740740741|0.0014607906341552|0.0037240982055664
107|88|0.8333333333333334|0.0014629364013671|0.0037941932678222
107|89|0.8333333333333334|0.0014958381652832|0.003633975982666
107|90|0.8333333333333334|0.0015530586242675|0.0037999153137207
107|91|0.8333333333333334|0.0015642642974853|0.0036931037902832
107|92|0.8333333333333334|0.0015530586242675|0.0037224292755126
107|93|0.8333333333333334|0.0015599727630615|0.0037629604339599
107|94|0.8148148148148148|0.0018889904022216|0.0038850307464599
107|95|0.8240740740740741|0.0016102790832519|0.003953218460083
107|96|0.8240740740740741|0.0016047954559326|0.0038104057312011
107|97|0.8240740740740741|0.0016374588012695|0.0039119720458984
107|98|0.8240740740740741|0.0016620159149169|0.0038440227508544
107|99|0.8055555555555556|0.0017588138580322|0.0039525032043457
107|100|0.8055555555555556|0.0016779899597167|0.0039536952972412
107|101|0.8055555555555556|0.0016891956329345|0.0039224624633789
107|102|0.8148148148148148|0.0017230510711669|0.0041079521179199
107|103|0.8148148148148148|0.0017731189727783|0.0040838718414306
107|104|0.8148148148148148|0.0017571449279785|0.0039601325988769
107|105|0.8148148148148148|0.0017597675323486|0.0041577816009521
107|106|0.8148148148148148|0.001796007156372|0.0040757656097412
107|107|0.8148148148148148|0.001835823059082|0.0042154788970947
107|108|0.8148148148148148|0.0018110275268554|0.0041365623474121
107|109|0.8148148148148148|0.0017812252044677|0.004230260848999
107|110|0.8148148148148148|0.0018086433410644|0.004249095916748
107|111|0.8148148148148148|0.0018675327301025|0.0042028427124023
107|112|0.8148148148148148|0.0018017292022705|0.0041797161102294
107|113|0.8148148148148148|0.0018451213836669|0.0042107105255126
107|114|0.8148148148148148|0.0018544197082519|0.0041158199310302
107|115|0.8148148148148148|0.001885175704956|0.0044245719909667
107|116|0.8148148148148148|0.0018634796142578|0.0041995048522949
107|117|0.8148148148148148|0.0018765926361083|0.0043747425079345
107|118|0.8148148148148148|0.001920461654663|0.0042011737823486
107|119|0.8148148148148148|0.0019404888153076|0.0042922496795654
107|120|0.8148148148148148|0.0018889904022216|0.0042366981506347
107|121|0.8148148148148148|0.0019183158874511|0.004251480102539
107|122|0.8148148148148148|0.0018999576568603|0.0042788982391357
107|123|0.8148148148148148|0.0019402503967285|0.0042057037353515
107|124|0.8148148148148148|0.0019218921661376|0.0044126510620117
107|125|0.8148148148148148|0.0019302368164062|0.0045464038848876
107|126|0.8148148148148148|0.0019543170928955|0.0041954517364501
107|127|0.8240740740740741|0.0020084381103515|0.0043616294860839
107|128|0.8240740740740741|0.0020415782928466|0.004321813583374
107|129|0.8240740740740741|0.0020143985748291|0.0044202804565429
107|130|0.8240740740740741|0.0020389556884765|0.0042555332183837
107|131|0.8333333333333334|0.0020372867584228|0.0044867992401123
107|132|0.8333333333333334|0.0020604133605957|0.0043466091156005
107|133|0.8333333333333334|0.0020687580108642|0.0042872428894042
107|134|0.8333333333333334|0.0020582675933837|0.0044169425964355
107|135|0.8333333333333334|0.0020620822906494|0.0044150352478027
107|136|0.8333333333333334|0.0020713806152343|0.0043432712554931
107|137|0.8333333333333334|0.0021045207977294|0.0047516822814941
101|20|0.6944444444444444|0.0013082027435302|
101|21|0.7870370370370371|0.0010023117065429|0.0013902187347412
101|22|0.7685185185185185|0.0010416507720947|0.0014235973358154
101|23|0.7777777777777778|0.0010061264038085|0.0013856887817382
101|24|0.7962962962962963|0.0010313987731933|0.0014965534210205
101|25|0.8425925925925926|0.0010240077972412|0.0015945434570312
101|26|0.8148148148148148|0.0010485649108886|0.0015234947204589
101|27|0.8240740740740741|0.0010271072387695|0.0015716552734375
101|28|0.7962962962962963|0.0010428428649902|0.0015790462493896
101|29|0.7777777777777778|0.0010600090026855|0.0016522407531738
101|30|0.7777777777777778|0.0011851787567138|0.0016720294952392
101|31|0.7777777777777778|0.0010678768157958|0.0017132759094238
101|32|0.8240740740740741|0.0010814666748046|0.0017580986022949
101|33|0.8333333333333334|0.0010807514190673|0.0017890930175781
101|34|0.8148148148148148|0.0010910034179687|0.0018558502197265
101|35|0.8240740740740741|0.0011353492736816|0.0018901824951171
101|36|0.8148148148148148|0.0011420249938964|0.0019202232360839
101|37|0.8240740740740741|0.0010926723480224|0.0019423961639404
101|38|0.8333333333333334|0.0011539459228515|0.0019831657409667
101|39|0.8055555555555556|0.0010957717895507|0.0020430088043212
101|40|0.8425925925925926|0.0011587142944335|0.0020627975463867
101|41|0.8425925925925926|0.0011191368103027|0.0021164417266845
101|42|0.8425925925925926|0.0011646747589111|0.002183198928833
101|43|0.8333333333333334|0.0011405944824218|0.002204418182373
101|44|0.8148148148148148|0.001213788986206|0.0022294521331787
101|45|0.8333333333333334|0.0011847019195556|0.002286672592163
101|46|0.7870370370370371|0.001211404800415|0.0023226737976074
101|47|0.8148148148148148|0.0011796951293945|0.0024003982543945
101|48|0.8148148148148148|0.0012249946594238|0.002493143081665
101|49|0.8055555555555556|0.0011813640594482|0.0024588108062744
101|50|0.8333333333333334|0.0012211799621582|0.0025897026062011
101|51|0.8148148148148148|0.0012130737304687|0.0025830268859863
101|52|0.8055555555555556|0.0012381076812744|0.0025181770324707
101|53|0.8518518518518519|0.0012266635894775|0.0027260780334472
101|54|0.8611111111111112|0.001286506652832|0.00266695022583
101|55|0.8611111111111112|0.0012621879577636|0.0026049613952636
101|56|0.8611111111111112|0.001291275024414|0.0027687549591064
101|57|0.8611111111111112|0.0012495517730712|0.0026907920837402
101|58|0.8703703703703703|0.0013105869293212|0.0028395652770996
101|59|0.8611111111111112|0.0012874603271484|0.0030035972595214
101|60|0.8703703703703703|0.0013184547424316|0.0029222965240478
101|61|0.8703703703703703|0.0013172626495361|0.0029749870300292
101|62|0.8611111111111112|0.0013647079467773|0.0030043125152587
101|63|0.8611111111111112|0.0013327598571777|0.0028822422027587
101|64|0.8611111111111112|0.0013420581817626|0.002981424331665
101|65|0.8425925925925926|0.0013768672943115|0.0029478073120117
101|66|0.8425925925925926|0.0013420581817626|0.0031695365905761
101|67|0.8425925925925926|0.0013749599456787|0.0033240318298339
101|68|0.8703703703703703|0.0014092922210693|0.003044843673706
101|69|0.8611111111111112|0.0013861656188964|0.003084659576416
101|70|0.8518518518518519|0.0014190673828125|0.0031182765960693
101|71|0.8333333333333334|0.0014271736145019|0.0033497810363769
101|72|0.8240740740740741|0.0014314651489257|0.0032074451446533
101|73|0.8518518518518519|0.001434326171875|0.0033233165740966
101|74|0.8611111111111112|0.001469612121582|0.0032520294189453
101|75|0.8518518518518519|0.0015006065368652|0.0034747123718261
101|76|0.8611111111111112|0.0014915466308593|0.0033676624298095
101|77|0.8796296296296297|0.0015304088592529|0.003464937210083
101|78|0.8518518518518519|0.0014996528625488|0.0035345554351806
101|79|0.8611111111111112|0.001544713973999|0.0035767555236816
101|80|0.8611111111111112|0.001533031463623|0.0036563873291015
101|81|0.8518518518518519|0.0015373229980468|0.0036475658416748
101|82|0.8518518518518519|0.0015804767608642|0.0036056041717529
101|83|0.8518518518518519|0.0015528202056884|0.0035343170166015
101|84|0.8703703703703703|0.001603364944458|0.0037176609039306
101|85|0.8703703703703703|0.0016336441040039|0.0037453174591064
101|86|0.8796296296296297|0.0016310214996337|0.0039043426513671
101|87|0.8796296296296297|0.0016417503356933|0.0038051605224609
101|88|0.8888888888888888|0.0016567707061767|0.0036451816558837
101|89|0.8888888888888888|0.0016353130340576|0.0036664009094238
101|90|0.8888888888888888|0.0016682147979736|0.0036489963531494
101|91|0.8888888888888888|0.0016975402832031|0.0039637088775634
101|92|0.8796296296296297|0.0017261505126953|0.0037312507629394
101|93|0.8611111111111112|0.0017628669738769|0.0040831565856933
101|94|0.8611111111111112|0.0017890930175781|0.0040104389190673
101|95|0.8611111111111112|0.0017800331115722|0.0042040348052978
101|96|0.8611111111111112|0.0017955303192138|0.0039191246032714
101|97|0.8611111111111112|0.0018179416656494|0.0038721561431884
101|98|0.8611111111111112|0.0018098354339599|0.0039365291595458
101|99|0.8611111111111112|0.0018515586853027|0.0042479038238525
101|100|0.8611111111111112|0.0018866062164306|0.0039179325103759
101|101|0.8611111111111112|0.0019614696502685|0.0041892528533935
101|102|0.8611111111111112|0.0019652843475341|0.0041773319244384
101|103|0.8611111111111112|0.0019512176513671|0.0041277408599853
101|104|0.8611111111111112|0.0019934177398681|0.0041112899780273
101|105|0.8611111111111112|0.0019266605377197|0.0042574405670166
101|106|0.8611111111111112|0.0019421577453613|0.0040459632873535
101|107|0.8611111111111112|0.0019435882568359|0.0040998458862304
101|108|0.8611111111111112|0.0019593238830566|0.0042207241058349
101|109|0.8611111111111112|0.001965045928955|0.0041017532348632
101|110|0.8611111111111112|0.0019986629486083|0.0041496753692626
101|111|0.8611111111111112|0.0020020008087158|0.0042595863342285
101|112|0.8611111111111112|0.0020155906677246|0.0041160583496093
101|113|0.8611111111111112|0.0024280548095703|0.0045685768127441
101|114|0.8611111111111112|0.0020408630371093|0.0044226646423339
101|115|0.8611111111111112|0.0020337104797363|0.0041694641113281
101|116|0.8611111111111112|0.0020191669464111|0.0041577816009521
101|117|0.8611111111111112|0.0020520687103271|0.0043730735778808
101|118|0.8611111111111112|0.0020370483398437|0.0043835639953613
101|119|0.8611111111111112|0.0020880699157714|0.0042839050292968
101|120|0.8611111111111112|0.0020856857299804|0.0045406818389892
101|121|0.8611111111111112|0.0020627975463867|0.004387617111206
101|122|0.8611111111111112|0.0020983219146728|0.0044062137603759
101|123|0.8611111111111112|0.0021343231201171|0.00441575050354
101|124|0.8611111111111112|0.0020661354064941|0.0042445659637451
101|125|0.8611111111111112|0.0020933151245117|0.0043582916259765
101|126|0.8611111111111112|0.0021233558654785|0.0042932033538818
101|127|0.8611111111111112|0.0021188259124755|0.0044441223144531
101|128|0.8611111111111112|0.0021586418151855|0.0043103694915771
101|129|0.8611111111111112|0.0021429061889648|0.0045638084411621
101|130|0.8611111111111112|0.0021369457244873|0.0043768882751464
101|131|0.8611111111111112|0.0021686553955078|0.004347801208496
101|132|0.8611111111111112|0.0022337436676025|0.0045492649078369
101|133|0.8611111111111112|0.0022280216217041|0.0045607089996337
101|134|0.8611111111111112|0.0022377967834472|0.0044233798980712
101|135|0.8611111111111112|0.0022587776184082|0.0046038627624511
101|136|0.8611111111111112|0.0022428035736083|0.0044891834259033
101|137|0.8611111111111112|0.0022492408752441|0.0046181678771972
108|20|0.7870370370370371|0.0013415813446044|
108|21|0.7870370370370371|0.0010237693786621|0.0013771057128906
108|22|0.7685185185185185|0.0013937950134277|0.0015981197357177
108|23|0.7592592592592593|0.0010008811950683|0.0014700889587402
108|24|0.7777777777777778|0.0010256767272949|0.001413345336914
108|25|0.7777777777777778|0.0010044574737548|0.0014584064483642
108|26|0.7777777777777778|0.0010185241699218|0.0015614032745361
108|27|0.7685185185185185|0.0010387897491455|0.0016536712646484
108|28|0.7685185185185185|0.0010254383087158|0.0016307830810546
108|29|0.7870370370370371|0.0010359287261962|0.001683235168457
108|30|0.8425925925925926|0.0010645389556884|0.0017447471618652
108|31|0.8240740740740741|0.001173973083496|0.0017640590667724
108|32|0.8240740740740741|0.0010709762573242|0.0018010139465332
108|33|0.8055555555555556|0.0010673999786376|0.0018942356109619
108|34|0.7685185185185185|0.0011329650878906|0.0018956661224365
108|35|0.7777777777777778|0.0010797977447509|0.001871109008789
108|36|0.7870370370370371|0.0011224746704101|0.0020866394042968
108|37|0.7962962962962963|0.0011239051818847|0.0020413398742675
108|38|0.7962962962962963|0.0011518001556396|0.0020766258239746
108|39|0.7870370370370371|0.001108169555664|0.0021970272064208
108|40|0.7870370370370371|0.0011539459228515|0.0021905899047851
108|41|0.7777777777777778|0.0011615753173828|0.0022449493408203
108|42|0.7777777777777778|0.0011732578277587|0.0021369457244873
108|43|0.7962962962962963|0.0011212825775146|0.0021860599517822
108|44|0.7685185185185185|0.0011518001556396|0.0021820068359375
108|45|0.8148148148148148|0.0011303424835205|0.002333641052246
108|46|0.8148148148148148|0.001176118850708|0.002347707748413
108|47|0.8333333333333334|0.0011522769927978|0.0023884773254394
108|48|0.8148148148148148|0.001422643661499|0.0024735927581787
108|49|0.8333333333333334|0.001192569732666|0.0024311542510986
108|50|0.8055555555555556|0.0012223720550537|0.0024542808532714
108|51|0.7685185185185185|0.0011844635009765|0.0025355815887451
108|52|0.7962962962962963|0.001237154006958|0.0025892257690429
108|53|0.7777777777777778|0.0012414455413818|0.0025899410247802
108|54|0.7777777777777778|0.0012660026550292|0.0026655197143554
108|55|0.7777777777777778|0.0012273788452148|0.0028071403503417
108|56|0.7962962962962963|0.0012986660003662|0.0027663707733154
108|57|0.8055555555555556|0.0012571811676025|0.0028657913208007
108|58|0.8055555555555556|0.0013000965118408|0.0028867721557617
108|59|0.8240740740740741|0.0012874603271484|0.0027904510498046
108|60|0.8333333333333334|0.0013024806976318|0.0029211044311523
108|61|0.8518518518518519|0.001274824142456|0.0028142929077148
108|62|0.8055555555555556|0.0013685226440429|0.0028173923492431
108|63|0.8055555555555556|0.0013141632080078|0.0029549598693847
108|64|0.8148148148148148|0.0013473033905029|0.0030319690704345
108|65|0.8333333333333334|0.0013306140899658|0.002983808517456
108|66|0.8240740740740741|0.0013127326965332|0.0030958652496337
108|67|0.8333333333333334|0.0013551712036132|0.003239631652832
108|68|0.8148148148148148|0.0013375282287597|0.0032825469970703
108|69|0.8240740740740741|0.0013558864593505|0.003047227859497
108|70|0.8240740740740741|0.0013778209686279|0.0032646656036376
108|71|0.8240740740740741|0.0013902187347412|0.0031025409698486
108|72|0.8240740740740741|0.0013940334320068|0.0031487941741943
108|73|0.8240740740740741|0.0014319419860839|0.0034921169281005
108|74|0.8240740740740741|0.0014019012451171|0.0033736228942871
108|75|0.8148148148148148|0.0014333724975585|0.0034096240997314
108|76|0.8148148148148148|0.0014629364013671|0.0034656524658203
108|77|0.8148148148148148|0.0014529228210449|0.0034606456756591
108|78|0.8148148148148148|0.0014698505401611|0.0034918785095214
108|79|0.8240740740740741|0.0014934539794921|0.0034899711608886
108|80|0.8240740740740741|0.0015132427215576|0.0036022663116455
108|81|0.8148148148148148|0.0015268325805664|0.0034902095794677
108|82|0.8055555555555556|0.0015490055084228|0.0037653446197509
108|83|0.8055555555555556|0.0015647411346435|0.0036263465881347
108|84|0.8055555555555556|0.0015850067138671|0.0036907196044921
108|85|0.8148148148148148|0.0015804767608642|0.0037453174591064
108|86|0.8055555555555556|0.0016384124755859|0.003760814666748
108|87|0.8055555555555556|0.0016210079193115|0.0038213729858398
108|88|0.8055555555555556|0.0016286373138427|0.0039024353027343
108|89|0.8055555555555556|0.001641035079956|0.0038120746612548
108|90|0.8055555555555556|0.0016510486602783|0.0037453174591064
108|91|0.8055555555555556|0.0016534328460693|0.0037455558776855
108|92|0.7962962962962963|0.0018255710601806|0.0039732456207275
108|93|0.7962962962962963|0.0017292499542236|0.0037055015563964
108|94|0.8148148148148148|0.001732587814331|0.0039646625518798
108|95|0.8055555555555556|0.0017497539520263|0.0039222240447998
108|96|0.7962962962962963|0.0017421245574951|0.0040228366851806
108|97|0.7962962962962963|0.0017871856689453|0.004058837890625
108|98|0.7962962962962963|0.0017862319946289|0.0042147636413574
108|99|0.7962962962962963|0.0018367767333984|0.0039606094360351
108|100|0.7870370370370371|0.0018205642700195|0.0041227340698242
108|101|0.7870370370370371|0.0018341541290283|0.004145860671997
108|102|0.7870370370370371|0.0018553733825683|0.0042006969451904
108|103|0.7870370370370371|0.0019335746765136|0.0043387413024902
108|104|0.7870370370370371|0.0018973350524902|0.0040473937988281
108|105|0.7870370370370371|0.001927375793457|0.0042395591735839
108|106|0.7870370370370371|0.001976728439331|0.0043165683746337
108|107|0.7870370370370371|0.0020081996917724|0.004065990447998
108|108|0.7870370370370371|0.0019829273223876|0.0042898654937744
108|109|0.7870370370370371|0.001979112625122|0.0044004917144775
108|110|0.7870370370370371|0.001990795135498|0.0041284561157226
108|111|0.7870370370370371|0.0020673274993896|0.0042765140533447
108|112|0.7870370370370371|0.0020935535430908|0.0041644573211669
108|113|0.7870370370370371|0.0021281242370605|0.0043835639953613
108|114|0.7870370370370371|0.0021145343780517|0.0043592453002929
108|115|0.7870370370370371|0.0021724700927734|0.0043721199035644
108|116|0.7870370370370371|0.0021703243255615|0.0044035911560058
108|117|0.7777777777777778|0.0021688938140869|0.0044257640838623
108|118|0.7777777777777778|0.0021090507507324|0.0044593811035156
108|119|0.7777777777777778|0.0021367073059082|0.004500389099121
108|120|0.7777777777777778|0.0021305084228515|0.0042808055877685
108|121|0.7777777777777778|0.0021669864654541|0.0045564174652099
108|122|0.7777777777777778|0.0021159648895263|0.0045790672302246
108|123|0.7777777777777778|0.0021479129791259|0.0044455528259277
108|124|0.7777777777777778|0.0021657943725585|0.0042593479156494
108|125|0.7777777777777778|0.0021679401397705|0.0045356750488281
108|126|0.7777777777777778|0.0021767616271972|0.0043730735778808
108|127|0.7777777777777778|0.0021858215332031|0.004580020904541
108|128|0.7777777777777778|0.0021817684173583|0.0045459270477294
108|129|0.7777777777777778|0.0021793842315673|0.0045733451843261
108|130|0.7777777777777778|0.0022225379943847|0.0045981407165527
108|131|0.7777777777777778|0.002220869064331|0.0045721530914306
108|132|0.7777777777777778|0.003544807434082|0.0070815086364746
108|133|0.7777777777777778|0.0022783279418945|0.0072216987609863
108|134|0.7777777777777778|0.0022704601287841|0.0045475959777832
108|135|0.7777777777777778|0.002263069152832|0.0045447349548339
108|136|0.7777777777777778|0.0022785663604736|0.0046243667602539
108|137|0.7777777777777778|0.0022969245910644|0.0043525695800781
105|20|0.8333333333333334|0.0012953281402587|
105|21|0.8425925925925926|0.0010108947753906|0.0013391971588134
105|22|0.8240740740740741|0.0010597705841064|0.001373291015625
105|23|0.8240740740740741|0.0010132789611816|0.0013811588287353
105|24|0.8148148148148148|0.0010344982147216|0.0013961791992187
105|25|0.8333333333333334|0.0010063648223876|0.0014896392822265
105|26|0.8055555555555556|0.0010194778442382|0.0015144348144531
105|27|0.8055555555555556|0.0010323524475097|0.0015599727630615
105|28|0.8240740740740741|0.0010263919830322|0.0016274452209472
105|29|0.8240740740740741|0.0010335445404052|0.0016789436340332
105|30|0.8240740740740741|0.0010454654693603|0.0016915798187255
105|31|0.7962962962962963|0.0010466575622558|0.0017018318176269
105|32|0.7870370370370371|0.001035451889038|0.0018050670623779
105|33|0.8055555555555556|0.0010466575622558|0.0018293857574462
105|34|0.7962962962962963|0.0010516643524169|0.0019211769104003
105|35|0.8148148148148148|0.0010483264923095|0.0018422603607177
105|36|0.8055555555555556|0.0010831356048583|0.0019516944885253
105|37|0.8055555555555556|0.0010688304901123|0.0019810199737548
105|38|0.7962962962962963|0.0011100769042968|0.0020663738250732
105|39|0.7962962962962963|0.0010652542114257|0.0020685195922851
105|40|0.8055555555555556|0.0011234283447265|0.0020451545715332
105|41|0.8148148148148148|0.0010864734649658|0.0020484924316406
105|42|0.8148148148148148|0.0011005401611328|0.0021369457244873
105|43|0.8240740740740741|0.001096487045288|0.00225830078125
105|44|0.8240740740740741|0.0011446475982666|0.0022611618041992
105|45|0.8148148148148148|0.0011141300201416|0.0022346973419189
105|46|0.8240740740740741|0.0011494159698486|0.0023267269134521
105|47|0.8240740740740741|0.0011289119720458|0.0022656917572021
105|48|0.8148148148148148|0.0011591911315917|0.0023202896118164
105|49|0.8240740740740741|0.0011332035064697|0.0024688243865966
105|50|0.8055555555555556|0.0012180805206298|0.0024399757385253
105|51|0.8055555555555556|0.0011634826660156|0.0024411678314208
105|52|0.7870370370370371|0.0012514591217041|0.0024371147155761
105|53|0.8240740740740741|0.0012106895446777|0.0026047229766845
105|54|0.8240740740740741|0.0012311935424804|0.0025234222412109
105|55|0.8148148148148148|0.0012369155883789|0.0025928020477294
105|56|0.8148148148148148|0.0012593269348144|0.002612829208374
105|57|0.7870370370370371|0.0012552738189697|0.0026214122772216
105|58|0.7870370370370371|0.0013010501861572|0.0027229785919189
105|59|0.7777777777777778|0.001328706741333|0.0027337074279785
105|60|0.7870370370370371|0.0013113021850585|0.0027680397033691
105|61|0.8148148148148148|0.0012454986572265|0.0027849674224853
105|62|0.8518518518518519|0.00130295753479|0.0028138160705566
105|63|0.8518518518518519|0.0012807846069335|0.0028855800628662
105|64|0.8611111111111112|0.0012979507446289|0.0028722286224365
105|65|0.8425925925925926|0.0012874603271484|0.003054141998291
105|66|0.8518518518518519|0.0012955665588378|0.0029792785644531
105|67|0.8518518518518519|0.0012969970703125|0.0029757022857666
105|68|0.8518518518518519|0.0013132095336914|0.0031099319458007
105|69|0.8425925925925926|0.001326560974121|0.0029904842376708
105|70|0.8425925925925926|0.0013368129730224|0.0031120777130126
105|71|0.8425925925925926|0.0013349056243896|0.0031473636627197
105|72|0.8425925925925926|0.0014171600341796|0.0032064914703369
105|73|0.8425925925925926|0.0013720989227294|0.0031449794769287
105|74|0.8425925925925926|0.0014030933380126|0.003270149230957
105|75|0.8611111111111112|0.0014104843139648|0.0031940937042236
105|76|0.8611111111111112|0.0014195442199707|0.0032858848571777
105|77|0.8333333333333334|0.0014526844024658|0.0034420490264892
105|78|0.8425925925925926|0.0014257431030273|0.0033249855041503
105|79|0.8425925925925926|0.0014607906341552|0.0035390853881835
105|80|0.8425925925925926|0.0014925003051757|0.0033459663391113
105|81|0.8333333333333334|0.0014963150024414|0.0033941268920898
105|82|0.8425925925925926|0.0015223026275634|0.0033860206604003
105|83|0.8425925925925926|0.0025930404663085|0.0050866603851318
105|84|0.8333333333333334|0.0015754699707031|0.0036742687225341
105|85|0.8425925925925926|0.0015609264373779|0.0036096572875976
105|86|0.8425925925925926|0.0015711784362792|0.0035457611083984
105|87|0.8425925925925926|0.0016257762908935|0.0035560131072998
105|88|0.8425925925925926|0.0016167163848876|0.0035614967346191
105|89|0.8425925925925926|0.0015933513641357|0.0036661624908447
105|90|0.8425925925925926|0.0016076564788818|0.0036325454711914
105|91|0.8425925925925926|0.0017144680023193|0.003629446029663
105|92|0.8425925925925926|0.0016384124755859|0.0036861896514892
105|93|0.8425925925925926|0.001659870147705|0.0037314891815185
105|94|0.8425925925925926|0.00166916847229|0.0037806034088134
105|95|0.8425925925925926|0.0017566680908203|0.0037610530853271
105|96|0.8425925925925926|0.0017304420471191|0.0040035247802734
105|97|0.8425925925925926|0.0017340183258056|0.0038034915924072
105|98|0.8425925925925926|0.0017507076263427|0.0038185119628906
105|99|0.8425925925925926|0.0018315315246582|0.0038998126983642
105|100|0.8425925925925926|0.0018725395202636|0.0040404796600341
105|101|0.8425925925925926|0.0018579959869384|0.0040605068206787
105|102|0.8425925925925926|0.0018568038940429|0.0040283203125
105|103|0.8425925925925926|0.0019583702087402|0.0040395259857177
105|104|0.8425925925925926|0.0019035339355468|0.00421142578125
105|105|0.8425925925925926|0.0019359588623046|0.0042061805725097
105|106|0.8425925925925926|0.001927375793457|0.0041861534118652
105|107|0.8425925925925926|0.0019416809082031|0.0040228366851806
105|108|0.8425925925925926|0.0019357204437255|0.0040423870086669
105|109|0.8425925925925926|0.0019075870513916|0.0040931701660156
105|110|0.8425925925925926|0.0019307136535644|0.0042755603790283
105|111|0.8425925925925926|0.0019745826721191|0.004373550415039
105|112|0.8425925925925926|0.0019199848175048|0.0041167736053466
105|113|0.8425925925925926|0.0019388198852539|0.0041010379791259
105|114|0.8425925925925926|0.0019497871398925|0.0041143894195556
105|115|0.8425925925925926|0.0020656585693359|0.0041911602020263
105|116|0.8425925925925926|0.0020415782928466|0.0042853355407714
105|117|0.8425925925925926|0.0020539760589599|0.0041875839233398
105|118|0.8425925925925926|0.0020568370819091|0.0042529106140136
105|119|0.8425925925925926|0.0021002292633056|0.0043530464172363
105|120|0.8425925925925926|0.0020873546600341|0.0041656494140625
105|121|0.8425925925925926|0.0020833015441894|0.0042099952697753
105|122|0.8425925925925926|0.0021219253540039|0.0044422149658203
105|123|0.8425925925925926|0.0021243095397949|0.0042734146118164
105|124|0.8425925925925926|0.0021233558654785|0.0043220520019531
105|125|0.8425925925925926|0.002108097076416|0.0043210983276367
105|126|0.8425925925925926|0.0021471977233886|0.0042433738708496
105|127|0.8425925925925926|0.0021510124206542|0.0042500495910644
105|128|0.8425925925925926|0.0021045207977294|0.0042285919189453
105|129|0.8425925925925926|0.002138614654541|0.0044922828674316
105|130|0.8425925925925926|0.0021197795867919|0.0042736530303955
105|131|0.8425925925925926|0.0021321773529052|0.0044028759002685
105|132|0.8425925925925926|0.0022094249725341|0.0043010711669921
105|133|0.8425925925925926|0.0021896362304687|0.0043418407440185
105|134|0.8425925925925926|0.0021677017211914|0.0043287277221679
105|135|0.8425925925925926|0.0021955966949462|0.0044863224029541
105|136|0.8425925925925926|0.0021796226501464|0.0044660568237304
105|137|0.8425925925925926|0.0021920204162597|0.0044167041778564
109|20|0.7870370370370371|0.0013868808746337|
109|21|0.7962962962962963|0.0009665489196777|0.0013017654418945
109|22|0.7870370370370371|0.0010192394256591|0.001352310180664
109|23|0.7685185185185185|0.0010099411010742|0.0013947486877441
109|24|0.7592592592592593|0.0010080337524414|0.0013840198516845
109|25|0.7777777777777778|0.0009934902191162|0.0014433860778808
109|26|0.7685185185185185|0.0010182857513427|0.0015172958374023
109|27|0.7685185185185185|0.0009741783142089|0.0015738010406494
109|28|0.7777777777777778|0.0009875297546386|0.0015788078308105
109|29|0.7870370370370371|0.0009946823120117|0.0016233921051025
109|30|0.75|0.0010244846343994|0.0017056465148925
109|31|0.7870370370370371|0.0009999275207519|0.0016980171203613
109|32|0.7962962962962963|0.0009982585906982|0.0017676353454589
109|33|0.7592592592592593|0.0009760856628417|0.0018842220306396
109|34|0.7407407407407407|0.0010349750518798|0.0018725395202636
109|35|0.7592592592592593|0.0009956359863281|0.0019359588623046
109|36|0.7685185185185185|0.0010910034179687|0.0019769668579101
109|37|0.7685185185185185|0.0010180473327636|0.0020093917846679
109|38|0.7685185185185185|0.0010945796966552|0.0020167827606201
109|39|0.7685185185185185|0.0010237693786621|0.0020349025726318
109|40|0.7685185185185185|0.0010967254638671|0.0020942687988281
109|41|0.7685185185185185|0.0010516643524169|0.0021107196807861
109|42|0.75|0.0011076927185058|0.0021026134490966
109|43|0.7685185185185185|0.0010430812835693|0.0021231174468994
109|44|0.7685185185185185|0.0011062622070312|0.0021905899047851
109|45|0.7777777777777778|0.0010576248168945|0.0023274421691894
109|46|0.7962962962962963|0.0011425018310546|0.0022590160369873
109|47|0.7777777777777778|0.0010716915130615|0.0022768974304199
109|48|0.7777777777777778|0.0011637210845947|0.0023791790008544
109|49|0.7962962962962963|0.0010902881622314|0.0023622512817382
109|50|0.7962962962962963|0.0011777877807617|0.0025393962860107
109|51|0.7962962962962963|0.0011177062988281|0.0025670528411865
109|52|0.8055555555555556|0.0011954307556152|0.0024864673614501
109|53|0.8148148148148148|0.0011122226715087|0.0025522708892822
109|54|0.8148148148148148|0.001218557357788|0.0025954246520996
109|55|0.8148148148148148|0.0011425018310546|0.0026299953460693
109|56|0.7870370370370371|0.0011899471282958|0.0027225017547607
109|57|0.7870370370370371|0.0011408329010009|0.0027351379394531
109|58|0.7870370370370371|0.001213788986206|0.00274658203125
109|59|0.7962962962962963|0.0011787414550781|0.0027592182159423
109|60|0.7685185185185185|0.0012688636779785|0.002758502960205
109|61|0.7685185185185185|0.0011789798736572|0.0028278827667236
109|62|0.7685185185185185|0.0012967586517333|0.002915620803833
109|63|0.7962962962962963|0.0012004375457763|0.0028762817382812
109|64|0.7870370370370371|0.0012385845184326|0.0028920173645019
109|65|0.7777777777777778|0.0012180805206298|0.0029127597808837
109|66|0.7777777777777778|0.0012285709381103|0.0030720233917236
109|67|0.7870370370370371|0.0012192726135253|0.0028865337371826
109|68|0.7962962962962963|0.0012459754943847|0.0029637813568115
109|69|0.7962962962962963|0.0012533664703369|0.0030767917633056
109|70|0.7962962962962963|0.0012702941894531|0.0031402111053466
109|71|0.7962962962962963|0.0012722015380859|0.0029985904693603
109|72|0.8055555555555556|0.0012884140014648|0.0031619071960449
109|73|0.8055555555555556|0.0012996196746826|0.0031104087829589
109|74|0.8055555555555556|0.0013186931610107|0.0031542778015136
109|75|0.7870370370370371|0.0013384819030761|0.0031919479370117
109|76|0.8055555555555556|0.0013637542724609|0.0032923221588134
109|77|0.8055555555555556|0.0013666152954101|0.0034358501434326
109|78|0.8148148148148148|0.0013811588287353|0.0034091472625732
109|79|0.8055555555555556|0.0014019012451171|0.0032410621643066
109|80|0.7962962962962963|0.0014138221740722|0.0033202171325683
109|81|0.7962962962962963|0.0014286041259765|0.0033249855041503
109|82|0.7962962962962963|0.0014295578002929|0.0034461021423339
109|83|0.7962962962962963|0.0015158653259277|0.0033807754516601
109|84|0.7962962962962963|0.001511812210083|0.0035538673400878
109|85|0.7962962962962963|0.0014913082122802|0.0035712718963623
109|86|0.7962962962962963|0.0015406608581542|0.003542423248291
109|87|0.8055555555555556|0.0015699863433837|0.0035860538482666
109|88|0.8055555555555556|0.0015897750854492|0.003624677658081
109|89|0.8055555555555556|0.0015845298767089|0.0036091804504394
109|90|0.8055555555555556|0.0016055107116699|0.0036334991455078
109|91|0.8055555555555556|0.0026812553405761|0.0050051212310791
109|92|0.8055555555555556|0.0016601085662841|0.0037741661071777
109|93|0.8055555555555556|0.0016629695892333|0.0037441253662109
109|94|0.8055555555555556|0.0016846656799316|0.003859519958496
109|95|0.8055555555555556|0.0017759799957275|0.0037953853607177
109|96|0.8055555555555556|0.0017364025115966|0.003880500793457
109|97|0.8055555555555556|0.0017387866973876|0.0038943290710449
109|98|0.8055555555555556|0.0017528533935546|0.0039987564086914
109|99|0.8055555555555556|0.0018103122711181|0.0038895606994628
109|100|0.8055555555555556|0.00177001953125|0.0037884712219238
109|101|0.8055555555555556|0.0017838478088378|0.0040364265441894
109|102|0.8055555555555556|0.0017998218536376|0.0039560794830322
109|103|0.8055555555555556|0.0018362998962402|0.0040781497955322
109|104|0.8055555555555556|0.0018312931060791|0.0039296150207519
109|105|0.8055555555555556|0.0018107891082763|0.0040791034698486
109|106|0.8055555555555556|0.0018503665924072|0.0041201114654541
109|107|0.8055555555555556|0.0018672943115234|0.0039865970611572
109|108|0.8055555555555556|0.0018763542175292|0.0041100978851318
109|109|0.8055555555555556|0.0018737316131591|0.0040571689605712
109|110|0.8055555555555556|0.0018916130065917|0.0040407180786132
109|111|0.8055555555555556|0.0019338130950927|0.0040881633758544
109|112|0.8055555555555556|0.0019395351409912|0.0039832592010498
109|113|0.8055555555555556|0.0019567012786865|0.0040533542633056
109|114|0.8055555555555556|0.0019528865814208|0.0041887760162353
109|115|0.8055555555555556|0.0019943714141845|0.0041148662567138
109|116|0.8055555555555556|0.0019710063934326|0.0040225982666015
109|117|0.8055555555555556|0.0019838809967041|0.0041422843933105
109|118|0.8055555555555556|0.0019946098327636|0.0041677951812744
109|119|0.8055555555555556|0.0018916130065917|0.0040833950042724
109|120|0.8055555555555556|0.0018811225891113|0.0041801929473876
109|121|0.8055555555555556|0.0018987655639648|0.0043108463287353
109|122|0.8055555555555556|0.001908540725708|0.0040764808654785
109|123|0.8055555555555556|0.0019214153289794|0.0043287277221679
109|124|0.8055555555555556|0.0019166469573974|0.0043752193450927
109|125|0.8055555555555556|0.0019092559814453|0.0042879581451416
109|126|0.8055555555555556|0.0019757747650146|0.0042943954467773
109|127|0.8055555555555556|0.00199556350708|0.0041537284851074
109|128|0.8055555555555556|0.0020124912261962|0.004324197769165
109|129|0.8055555555555556|0.0020089149475097|0.0042929649353027
109|130|0.8055555555555556|0.0020461082458496|0.0041708946228027
109|131|0.8055555555555556|0.0020463466644287|0.0043363571166992
109|132|0.8055555555555556|0.0020475387573242|0.004328966140747
109|133|0.8055555555555556|0.002070665359497|0.0044710636138916
109|134|0.8055555555555556|0.0020785331726074|0.0044264793395996
109|135|0.8055555555555556|0.0020713806152343|0.0042226314544677
109|136|0.8055555555555556|0.0020968914031982|0.0043673515319824
109|137|0.8055555555555556|0.0021131038665771|0.0045995712280273
102|20|0.7685185185185185|0.0014026165008544|
102|21|0.8240740740740741|0.0009560585021972|0.0013542175292968
102|22|0.8333333333333334|0.0010266304016113|0.0013580322265625
102|23|0.7962962962962963|0.001697301864624|0.0013926029205322
102|24|0.7962962962962963|0.0010120868682861|0.0014240741729736
102|25|0.7962962962962963|0.0009770393371582|0.0014963150024414
102|26|0.7962962962962963|0.0009670257568359|0.0015501976013183
102|27|0.8148148148148148|0.0010104179382324|0.0015265941619873
102|28|0.8518518518518519|0.0010445117950439|0.0016138553619384
102|29|0.8240740740740741|0.000988483428955|0.0016520023345947
102|30|0.8333333333333334|0.0010352134704589|0.0017075538635253
102|31|0.8055555555555556|0.0009872913360595|0.0017423629760742
102|32|0.8148148148148148|0.00103759765625|0.0017659664154052
102|33|0.8333333333333334|0.0010039806365966|0.0018057823181152
102|34|0.8518518518518519|0.0010490417480468|0.0018737316131591
102|35|0.8703703703703703|0.0010087490081787|0.0018460750579833
102|36|0.8611111111111112|0.0010650157928466|0.0019087791442871
102|37|0.8518518518518519|0.0010271072387695|0.0020174980163574
102|38|0.8333333333333334|0.0011239051818847|0.0019943714141845
102|39|0.8333333333333334|0.0010464191436767|0.0020818710327148
102|40|0.8240740740740741|0.0011005401611328|0.002087116241455
102|41|0.8333333333333334|0.0010454654693603|0.0021195411682128
102|42|0.8333333333333334|0.001094102859497|0.0021524429321289
102|43|0.8240740740740741|0.0010657310485839|0.0021700859069824
102|44|0.8425925925925926|0.0011038780212402|0.0022592544555664
102|45|0.8333333333333334|0.0010769367218017|0.0022869110107421
102|46|0.8240740740740741|0.0011572837829589|0.0023365020751953
102|47|0.8333333333333334|0.0014035701751708|0.0023183822631835
102|48|0.8240740740740741|0.0017759799957275|0.0042014122009277
102|49|0.8333333333333334|0.001760721206665|0.0043654441833496
102|50|0.8333333333333334|0.0017910003662109|0.004368782043457
102|51|0.8425925925925926|0.0017898082733154|0.0046792030334472
102|52|0.8333333333333334|0.0017988681793212|0.0044701099395751
102|53|0.8240740740740741|0.0017306804656982|0.0045700073242187
102|54|0.8148148148148148|0.0017766952514648|0.0045406818389892
102|55|0.8333333333333334|0.0018830299377441|0.004810094833374
102|56|0.8425925925925926|0.0018684864044189|0.0049452781677246
102|57|0.8425925925925926|0.0018911361694335|0.0047526359558105
102|58|0.8425925925925926|0.0012609958648681|0.0029029846191406
102|59|0.8425925925925926|0.0012104511260986|0.0028591156005859
102|60|0.8240740740740741|0.0012736320495605|0.0027892589569091
102|61|0.8425925925925926|0.0012135505676269|0.0029072761535644
102|62|0.8425925925925926|0.0012774467468261|0.0029060840606689
102|63|0.8333333333333334|0.0012309551239013|0.0029065608978271
102|64|0.8425925925925926|0.0012328624725341|0.0029354095458984
102|65|0.8425925925925926|0.0012292861938476|0.0028645992279052
102|66|0.8425925925925926|0.0012488365173339|0.0029361248016357
102|67|0.8425925925925926|0.0012733936309814|0.0032415390014648
102|68|0.8425925925925926|0.001291275024414|0.0029935836791992
102|69|0.8425925925925926|0.0012784004211425|0.0031297206878662
102|70|0.8333333333333334|0.0012896060943603|0.0031445026397705
102|71|0.8425925925925926|0.0012953281402587|0.0032811164855957
102|72|0.8518518518518519|0.00132417678833|0.0030994415283203
102|73|0.8518518518518519|0.0013234615325927|0.0032086372375488
102|74|0.8518518518518519|0.0013384819030761|0.0032882690429687
102|75|0.8518518518518519|0.0013597011566162|0.0031771659851074
102|76|0.8611111111111112|0.0013349056243896|0.0032250881195068
102|77|0.8611111111111112|0.0013434886932373|0.0032761096954345
102|78|0.8611111111111112|0.0013794898986816|0.0032577514648437
102|79|0.8611111111111112|0.0013651847839355|0.0033097267150878
102|80|0.8518518518518519|0.0013720989227294|0.0033295154571533
102|81|0.8518518518518519|0.0014028549194335|0.0033433437347412
102|82|0.8611111111111112|0.0014190673828125|0.0033848285675048
102|83|0.8703703703703703|0.0014657974243164|0.0034241676330566
102|84|0.8611111111111112|0.0014905929565429|0.0035028457641601
102|85|0.8703703703703703|0.0018117427825927|0.0035922527313232
102|86|0.8703703703703703|0.0015077590942382|0.0035383701324462
102|87|0.8703703703703703|0.0015566349029541|0.0035312175750732
102|88|0.8703703703703703|0.0015516281127929|0.0035741329193115
102|89|0.8703703703703703|0.0015561580657958|0.0036118030548095
102|90|0.8703703703703703|0.0015730857849121|0.0036323070526123
102|91|0.8611111111111112|0.0016334056854248|0.0036454200744628
102|92|0.8611111111111112|0.001619815826416|0.0037047863006591
102|93|0.8611111111111112|0.0016186237335205|0.0037159919738769
102|94|0.8611111111111112|0.0016396045684814|0.0037424564361572
102|95|0.8611111111111112|0.0016887187957763|0.0038385391235351
102|96|0.8611111111111112|0.0016684532165527|0.0042734146118164
102|97|0.8611111111111112|0.0016984939575195|0.0038323402404785
102|98|0.8611111111111112|0.0016713142395019|0.0038540363311767
102|99|0.8703703703703703|0.0017433166503906|0.0038807392120361
102|100|0.8703703703703703|0.0017199516296386|0.0039577484130859
102|101|0.8703703703703703|0.0017156600952148|0.0039594173431396
102|102|0.8703703703703703|0.0017540454864501|0.0039949417114257
102|103|0.8703703703703703|0.0017566680908203|0.0039658546447753
102|104|0.8703703703703703|0.0017440319061279|0.0039846897125244
102|105|0.8703703703703703|0.0017545223236083|0.0040171146392822
102|106|0.8703703703703703|0.0017721652984619|0.0040895938873291
102|107|0.8703703703703703|0.0018119812011718|0.0040082931518554
102|108|0.8703703703703703|0.0018434524536132|0.0040392875671386
102|109|0.8703703703703703|0.0018074512481689|0.0040729045867919
102|110|0.8703703703703703|0.0017757415771484|0.0040431022644042
102|111|0.8703703703703703|0.001885175704956|0.0040423870086669
102|112|0.8703703703703703|0.0018267631530761|0.0041165351867675
102|113|0.8703703703703703|0.0018165111541748|0.0041923522949218
102|114|0.8703703703703703|0.0018434524536132|0.0041248798370361
102|115|0.8703703703703703|0.0028905868530273|0.0075271129608154
102|116|0.8703703703703703|0.0029034614562988|0.0075678825378417
102|117|0.8703703703703703|0.0028927326202392|0.0075757503509521
102|118|0.8703703703703703|0.0019035339355468|0.0042791366577148
102|119|0.8703703703703703|0.0019514560699462|0.0043866634368896
102|120|0.8703703703703703|0.0019071102142333|0.0041923522949218
102|121|0.8703703703703703|0.0019276142120361|0.0046875476837158
102|122|0.8703703703703703|0.0019173622131347|0.0042049884796142
102|123|0.8703703703703703|0.001953125|0.0044593811035156
102|124|0.8703703703703703|0.0019590854644775|0.0042116641998291
102|125|0.8703703703703703|0.001946210861206|0.0042409896850585
102|126|0.8703703703703703|0.0020122528076171|0.0046043395996093
102|127|0.8703703703703703|0.001960277557373|0.0042264461517333
102|128|0.8703703703703703|0.0020089149475097|0.0043749809265136
102|129|0.8703703703703703|0.0019822120666503|0.0042855739593505
102|130|0.8703703703703703|0.0019950866699218|0.0042779445648193
102|131|0.8703703703703703|0.0020320415496826|0.0043282508850097
102|132|0.8703703703703703|0.0020313262939453|0.0042462348937988
102|133|0.8703703703703703|0.0020310878753662|0.0042977333068847
102|134|0.8703703703703703|0.0020499229431152|0.0042757987976074
102|135|0.8703703703703703|0.0020394325256347|0.0045371055603027
102|136|0.8703703703703703|0.002124547958374|0.0043497085571289
102|137|0.8703703703703703|0.002143383026123|0.0044364929199218
103|20|0.7222222222222222|0.001521348953247|
103|21|0.75|0.0010144710540771|0.0014472007751464
103|22|0.7777777777777778|0.0010778903961181|0.001427412033081
103|23|0.7407407407407407|0.0010333061218261|0.0014512538909912
103|24|0.7777777777777778|0.0010387897491455|0.0014307498931884
103|25|0.8055555555555556|0.0010337829589843|0.0015027523040771
103|26|0.8055555555555556|0.0010499954223632|0.0015170574188232
103|27|0.7777777777777778|0.0010859966278076|0.0015726089477539
103|28|0.75|0.0010952949523925|0.0016314983367919
103|29|0.75|0.0017404556274414|0.0029511451721191
103|30|0.7777777777777778|0.0016632080078125|0.0030653476715087
103|31|0.7777777777777778|0.0015804767608642|0.003058910369873
103|32|0.8055555555555556|0.0016214847564697|0.0031599998474121
103|33|0.7962962962962963|0.0016138553619384|0.003413438796997
103|34|0.7962962962962963|0.0015928745269775|0.0032589435577392
103|35|0.8333333333333334|0.0016629695892333|0.0032687187194824
103|36|0.8333333333333334|0.0017218589782714|0.0034048557281494
103|37|0.8703703703703703|0.0016520023345947|0.0034341812133789
103|38|0.8518518518518519|0.001793622970581|0.0037543773651123
103|39|0.8425925925925926|0.0016000270843505|0.0037226676940917
103|40|0.8240740740740741|0.0017981529235839|0.003605842590332
103|41|0.8055555555555556|0.0010445117950439|0.003450870513916
103|42|0.8055555555555556|0.0011701583862304|0.0021028518676757
103|43|0.8240740740740741|0.0010638236999511|0.0021347999572753
103|44|0.8055555555555556|0.0011565685272216|0.0021970272064208
103|45|0.8055555555555556|0.0010497570037841|0.00236177444458
103|46|0.8148148148148148|0.0012364387512207|0.00234055519104
103|47|0.8333333333333334|0.0010666847229003|0.0022931098937988
103|48|0.8518518518518519|0.0012004375457763|0.0023293495178222
103|49|0.8425925925925926|0.0010697841644287|0.0023801326751708
103|50|0.8518518518518519|0.0012273788452148|0.0024168491363525
103|51|0.8425925925925926|0.0010976791381835|0.0024342536926269
103|52|0.8425925925925926|0.0012328624725341|0.0025689601898193
103|53|0.8518518518518519|0.0011610984802246|0.002687931060791
103|54|0.8518518518518519|0.001249074935913|0.0027413368225097
103|55|0.8333333333333334|0.0011858940124511|0.0027942657470703
103|56|0.8425925925925926|0.0012624263763427|0.0027337074279785
103|57|0.8333333333333334|0.0011508464813232|0.0026254653930664
103|58|0.8611111111111112|0.0013186931610107|0.0026471614837646
103|59|0.8611111111111112|0.00115966796875|0.002852439880371
103|60|0.8611111111111112|0.0012359619140625|0.0027706623077392
103|61|0.8611111111111112|0.0011873245239257|0.0027589797973632
103|62|0.8518518518518519|0.0013394355773925|0.002988576889038
103|63|0.8425925925925926|0.0011978149414062|0.002974510192871
103|64|0.8333333333333334|0.001223087310791|0.0028345584869384
103|65|0.8425925925925926|0.001209020614624|0.0028777122497558
103|66|0.8425925925925926|0.0012102127075195|0.0029726028442382
103|67|0.8333333333333334|0.0012252330780029|0.0029265880584716
103|68|0.8425925925925926|0.0012216567993164|0.0029771327972412
103|69|0.8425925925925926|0.0012166500091552|0.0030372142791748
103|70|0.8611111111111112|0.0012457370758056|0.0030083656311035
103|71|0.8611111111111112|0.0085663795471191|0.0030901432037353
103|72|0.8703703703703703|0.0013759136199951|0.0033514499664306
103|73|0.8703703703703703|0.0012934207916259|0.0032100677490234
103|74|0.8703703703703703|0.0013556480407714|0.0032861232757568
103|75|0.8796296296296297|0.0014615058898925|0.0031571388244628
103|76|0.8703703703703703|0.0013320446014404|0.0032892227172851
103|77|0.8703703703703703|0.0014350414276123|0.0032951831817626
103|78|0.8703703703703703|0.0014071464538574|0.0034270286560058
103|79|0.8611111111111112|0.0015239715576171|0.0033788681030273
103|80|0.8703703703703703|0.0013911724090576|0.0033040046691894
103|81|0.8703703703703703|0.0014309883117675|0.0033395290374755
103|82|0.8703703703703703|0.0014557838439941|0.0034770965576171
103|83|0.8703703703703703|0.0015435218811035|0.0035011768341064
103|84|0.8703703703703703|0.0014786720275878|0.0034308433532714
103|85|0.8611111111111112|0.001542329788208|0.0034625530242919
103|86|0.8611111111111112|0.0015022754669189|0.0036995410919189
103|87|0.8518518518518519|0.0015687942504882|0.0036032199859619
103|88|0.8611111111111112|0.0015301704406738|0.0039072036743164
103|89|0.8611111111111112|0.0015344619750976|0.0037682056427001
103|90|0.8703703703703703|0.001523733139038|0.0035827159881591
103|91|0.8703703703703703|0.0015954971313476|0.0037009716033935
103|92|0.8703703703703703|0.0015950202941894|0.003709077835083
103|93|0.8611111111111112|0.0016305446624755|0.0040681362152099
103|94|0.8425925925925926|0.0015974044799804|0.0038797855377197
103|95|0.8425925925925926|0.0017464160919189|0.0041606426239013
103|96|0.8333333333333334|0.0016677379608154|0.004148244857788
103|97|0.8333333333333334|0.0017001628875732|0.0037665367126464
103|98|0.8333333333333334|0.001732587814331|0.0039944648742675
103|99|0.8333333333333334|0.0017731189727783|0.0040185451507568
103|100|0.8333333333333334|0.0017900466918945|0.0040850639343261
103|101|0.8425925925925926|0.0017433166503906|0.0040686130523681
103|102|0.8518518518518519|0.0017318725585937|0.0040080547332763
103|103|0.8518518518518519|0.001833438873291|0.0040235519409179
103|104|0.8518518518518519|0.0017979145050048|0.0041034221649169
103|105|0.8425925925925926|0.0017597675323486|0.00407075881958
103|106|0.8425925925925926|0.0021431446075439|0.0041141510009765
103|107|0.8425925925925926|0.0022618770599365|0.0040867328643798
103|108|0.8425925925925926|0.0021114349365234|0.0043160915374755
103|109|0.8425925925925926|0.0020718574523925|0.0043036937713623
103|110|0.8425925925925926|0.0021424293518066|0.004570722579956
103|111|0.8425925925925926|0.0022323131561279|0.0043141841888427
103|112|0.8425925925925926|0.0021216869354248|0.0043380260467529
103|113|0.8425925925925926|0.0020942687988281|0.0045778751373291
103|114|0.8425925925925926|0.0020740032196044|0.0041368007659912
103|115|0.8425925925925926|0.0022015571594238|0.0041754245758056
103|116|0.8425925925925926|0.0021185874938964|0.0045921802520751
103|117|0.8425925925925926|0.0021533966064453|0.0042855739593505
103|118|0.8425925925925926|0.0021464824676513|0.0042266845703125
103|119|0.8425925925925926|0.0022799968719482|0.004443883895874
103|120|0.8425925925925926|0.0021822452545166|0.0043632984161376
103|121|0.8425925925925926|0.0021958351135253|0.004366397857666
103|122|0.8425925925925926|0.0021612644195556|0.004260778427124
103|123|0.8425925925925926|0.0022194385528564|0.0045235157012939
103|124|0.8425925925925926|0.0021867752075195|0.004612922668457
103|125|0.8425925925925926|0.0021998882293701|0.0043520927429199
103|126|0.8425925925925926|0.0022587776184082|0.0044343471527099
103|127|0.8425925925925926|0.0022346973419189|0.0046744346618652
103|128|0.8425925925925926|0.0022687911987304|0.0043847560882568
103|129|0.8425925925925926|0.0022704601287841|0.0044686794281005
103|130|0.8425925925925926|0.0022459030151367|0.0043656826019287
103|131|0.8425925925925926|0.0022542476654052|0.0043885707855224
103|132|0.8425925925925926|0.0022623538970947|0.0044856071472167
103|133|0.8425925925925926|0.0022656917572021|0.0043444633483886
103|134|0.8425925925925926|0.0022838115692138|0.0044012069702148
103|135|0.8518518518518519|0.0023338794708251|0.0044891834259033
103|136|0.8518518518518519|0.002357006072998|0.0043742656707763
103|137|0.8518518518518519|0.002352237701416|0.0044405460357666
106|138|0.8518518518518519|0.0019714832305908|0.0042469501495361
106|139|0.8518518518518519|0.0020694732666015|0.0042924880981445
106|140|0.8425925925925926|0.0022938251495361|0.0043311119079589
106|141|0.8425925925925926|0.0020394325256347|0.0044248104095458
106|142|0.8425925925925926|0.0020332336425781|0.004347801208496
106|143|0.8425925925925926|0.002063512802124|0.0043189525604248
106|144|0.8425925925925926|0.0020534992218017|0.0043489933013916
106|145|0.8425925925925926|0.0020766258239746|0.004345417022705
106|146|0.8425925925925926|0.0020844936370849|0.0043458938598632
106|147|0.8425925925925926|0.0021193027496337|0.0043451786041259
106|148|0.8425925925925926|0.0020909309387207|0.0043516159057617
106|149|0.8425925925925926|0.0021042823791503|0.0043601989746093
106|150|0.8425925925925926|0.0021212100982666|0.0043461322784423
106|151|0.8425925925925926|0.0021588802337646|0.0043630599975585
106|152|0.8425925925925926|0.0021345615386962|0.0043439865112304
106|153|0.8425925925925926|0.0021491050720214|0.0045063495635986
106|154|0.8425925925925926|0.0021448135375976|0.0043776035308837
106|155|0.8425925925925926|0.0021643638610839|0.0045735836029052
106|156|0.8425925925925926|0.0021734237670898|0.0048954486846923
106|157|0.8425925925925926|0.002192735671997|0.0043604373931884
106|158|0.8425925925925926|0.0021672248840332|0.0045461654663085
106|159|0.8425925925925926|0.0022351741790771|0.0043818950653076
106|160|0.8425925925925926|0.0022299289703369|0.0043599605560302
106|161|0.8425925925925926|0.002206802368164|0.0043771266937255
106|162|0.8425925925925926|0.002223253250122|0.0043787956237792
100|138|0.8333333333333334|0.0023465156555175|0.0045087337493896
100|139|0.8333333333333334|0.0023117065429687|0.0043792724609375
100|140|0.8333333333333334|0.0023274421691894|0.0044701099395751
100|141|0.8333333333333334|0.002410888671875|0.004817247390747
100|142|0.8333333333333334|0.0023305416107177|0.0043849945068359
100|143|0.8333333333333334|0.002359390258789|0.0044045448303222
100|144|0.8333333333333334|0.0024001598358154|0.0046160221099853
100|145|0.8333333333333334|0.0023682117462158|0.0043966770172119
100|146|0.8333333333333334|0.002399206161499|0.0044219493865966
100|147|0.8333333333333334|0.002455711364746|0.0044894218444824
100|148|0.8333333333333334|0.0024399757385253|0.0044178962707519
100|149|0.8333333333333334|0.0024282932281494|0.0044617652893066
100|150|0.8333333333333334|0.0024521350860595|0.0044336318969726
100|151|0.8333333333333334|0.0024926662445068|0.0044200420379638
100|152|0.8333333333333334|0.0024755001068115|0.0044178962707519
100|153|0.8333333333333334|0.0025007724761962|0.0046977996826171
100|154|0.8333333333333334|0.0024967193603515|0.0044949054718017
100|155|0.8333333333333334|0.002486228942871|0.0044705867767333
100|156|0.8333333333333334|0.0024583339691162|0.0046033859252929
100|157|0.8333333333333334|0.002453327178955|0.0044741630554199
100|158|0.8333333333333334|0.0024590492248535|0.0047385692596435
100|159|0.8333333333333334|0.0024821758270263|0.0045769214630126
100|160|0.8333333333333334|0.0024404525756835|0.0044784545898437
100|161|0.8333333333333334|0.0024502277374267|0.0045249462127685
100|162|0.8333333333333334|0.0024566650390625|0.0044841766357421
104|138|0.8240740740740741|0.0021533966064453|0.004678726196289
104|139|0.8240740740740741|0.002162218093872|0.0047056674957275
104|140|0.8240740740740741|0.0021674633026123|0.0043869018554687
104|141|0.8240740740740741|0.0021643638610839|0.0045807361602783
104|142|0.8240740740740741|0.0021896362304687|0.004739761352539
104|143|0.8240740740740741|0.0022072792053222|0.0045812129974365
104|144|0.8240740740740741|0.0021870136260986|0.004584789276123
104|145|0.8240740740740741|0.0022087097167968|0.004697561264038
104|146|0.8240740740740741|0.0022525787353515|0.0043971538543701
104|147|0.8240740740740741|0.002237319946289|0.004709243774414
104|148|0.8240740740740741|0.00223970413208|0.0045192241668701
104|149|0.8240740740740741|0.0022485256195068|0.0045957565307617
104|150|0.8240740740740741|0.0022680759429931|0.0046706199645996
104|151|0.8240740740740741|0.0022680759429931|0.0046727657318115
104|152|0.8240740740740741|0.0022840499877929|0.0045349597930908
104|153|0.8240740740740741|0.0022916793823242|0.0047781467437744
104|154|0.8240740740740741|0.0023066997528076|0.004486083984375
104|155|0.8240740740740741|0.0022869110107421|0.0047836303710937
104|156|0.8240740740740741|0.0023078918457031|0.0045602321624755
104|157|0.8240740740740741|0.0023033618927001|0.0046572685241699
104|158|0.8240740740740741|0.0023229122161865|0.0046982765197753
104|159|0.8240740740740741|0.0023388862609863|0.0045962333679199
104|160|0.8240740740740741|0.0024666786193847|0.0047614574432373
104|161|0.8240740740740741|0.0025179386138916|0.0046560764312744
104|162|0.8240740740740741|0.0025525093078613|0.004594087600708
107|138|0.8333333333333334|0.0020792484283447|0.0046052932739257
107|139|0.8333333333333334|0.0021123886108398|0.0043613910675048
107|140|0.8333333333333334|0.0021173954010009|0.0044295787811279
107|141|0.8333333333333334|0.0020973682403564|0.004495620727539
107|142|0.8333333333333334|0.0020954608917236|0.0043623447418212
107|143|0.8333333333333334|0.002129316329956|0.0045993328094482
107|144|0.8333333333333334|0.0021290779113769|0.0044372081756591
107|145|0.8333333333333334|0.0021173954010009|0.0043690204620361
107|146|0.8333333333333334|0.0021231174468994|0.0045421123504638
107|147|0.8333333333333334|0.0021398067474365|0.004533052444458
107|148|0.8333333333333334|0.0021464824676513|0.0043871402740478
107|149|0.8333333333333334|0.0021467208862304|0.0045304298400878
107|150|0.8333333333333334|0.0022239685058593|0.0045273303985595
107|151|0.8333333333333334|0.0022206306457519|0.0043921470642089
107|152|0.8333333333333334|0.0022304058074951|0.0045723915100097
107|153|0.8333333333333334|0.002298355102539|0.0046260356903076
107|154|0.8333333333333334|0.0022342205047607|0.0044426918029785
107|155|0.8333333333333334|0.002230167388916|0.0043754577636718
107|156|0.8333333333333334|0.0022683143615722|0.004474401473999
107|157|0.8333333333333334|0.0022623538970947|0.0046324729919433
107|158|0.8333333333333334|0.0023655891418457|0.0044176578521728
107|159|0.8333333333333334|0.0024220943450927|0.0045008659362792
107|160|0.8333333333333334|0.0024797916412353|0.0044808387756347
107|161|0.8333333333333334|0.0022499561309814|0.0044276714324951
107|162|0.8333333333333334|0.0022571086883544|0.0044560432434082
101|138|0.8611111111111112|0.0023126602172851|0.0046172142028808
101|139|0.8611111111111112|0.002288818359375|0.0046181678771972
101|140|0.8611111111111112|0.0023045539855957|0.0043802261352539
101|141|0.8611111111111112|0.002307653427124|0.0044333934783935
101|142|0.8611111111111112|0.0023057460784912|0.0046162605285644
101|143|0.8611111111111112|0.0023651123046875|0.0046353340148925
101|144|0.8611111111111112|0.0023713111877441|0.0044221878051757
101|145|0.8611111111111112|0.0024144649505615|0.004667043685913
101|146|0.8611111111111112|0.0023956298828125|0.0045392513275146
101|147|0.8611111111111112|0.0023937225341796|0.0046999454498291
101|148|0.8611111111111112|0.0024051666259765|0.0048534870147705
101|149|0.8611111111111112|0.0024175643920898|0.0047497749328613
101|150|0.8611111111111112|0.0024490356445312|0.0044496059417724
101|151|0.8611111111111112|0.0024411678314208|0.0047023296356201
101|152|0.8611111111111112|0.0024676322937011|0.0046103000640869
101|153|0.8611111111111112|0.0025045871734619|0.0044443607330322
101|154|0.8611111111111112|0.0025160312652587|0.0046522617340087
101|155|0.8611111111111112|0.0024945735931396|0.0047848224639892
101|156|0.8611111111111112|0.0025007724761962|0.0047254562377929
101|157|0.8611111111111112|0.0025286674499511|0.0047938823699951
101|158|0.8611111111111112|0.0025131702423095|0.0046913623809814
101|159|0.8611111111111112|0.0025591850280761|0.0044465065002441
101|160|0.8611111111111112|0.0026013851165771|0.0047242641448974
101|161|0.8611111111111112|0.0026271343231201|0.0048189163208007
101|162|0.8611111111111112|0.0026137828826904|0.0047333240509033
105|138|0.8425925925925926|0.0021986961364746|0.0044655799865722
105|139|0.8425925925925926|0.0022192001342773|0.0044925212860107
105|140|0.8425925925925926|0.0022141933441162|0.0043723583221435
105|141|0.8425925925925926|0.0022251605987548|0.0046522617340087
105|142|0.8425925925925926|0.0022032260894775|0.0045416355133056
105|143|0.8425925925925926|0.0022106170654296|0.004589557647705
105|144|0.8425925925925926|0.002211570739746|0.0046608448028564
105|145|0.8425925925925926|0.0022218227386474|0.0044264793395996
105|146|0.8425925925925926|0.0022251605987548|0.0043833255767822
105|147|0.8425925925925926|0.0022413730621337|0.0045247077941894
105|148|0.8425925925925926|0.0022969245910644|0.0044083595275878
105|149|0.8425925925925926|0.0022869110107421|0.0044195652008056
105|150|0.8425925925925926|0.0022785663604736|0.0044915676116943
105|151|0.8425925925925926|0.0023028850555419|0.0044281482696533
105|152|0.8425925925925926|0.0022766590118408|0.0043916702270507
105|153|0.8425925925925926|0.0022764205932617|0.0043845176696777
105|154|0.8425925925925926|0.0022904872894287|0.0044662952423095
105|155|0.8425925925925926|0.0023238658905029|0.0045263767242431
105|156|0.8425925925925926|0.00246262550354|0.0045633316040039
105|157|0.8425925925925926|0.0024497509002685|0.0045344829559326
105|158|0.8425925925925926|0.0024700164794921|0.0044825077056884
105|159|0.8425925925925926|0.0024299621582031|0.0045456886291503
105|160|0.8425925925925926|0.002342939376831|0.0045492649078369
105|161|0.8425925925925926|0.0023682117462158|0.00449800491333
105|162|0.8425925925925926|0.0024352073669433|0.0046191215515136
108|138|0.7777777777777778|0.0022938251495361|0.0043530464172363
108|139|0.7777777777777778|0.0023066997528076|0.0048894882202148
108|140|0.7777777777777778|0.0023019313812255|0.0046350955963134
108|141|0.7777777777777778|0.0023269653320312|0.0045478343963623
108|142|0.7777777777777778|0.0023269653320312|0.004631757736206
108|143|0.7777777777777778|0.0023314952850341|0.0046229362487792
108|144|0.7777777777777778|0.0023615360260009|0.0046136379241943
108|145|0.7777777777777778|0.0023458003997802|0.0046110153198242
108|146|0.7777777777777778|0.0023541450500488|0.0047173500061035
108|147|0.7777777777777778|0.0023801326751708|0.0047011375427246
108|148|0.7777777777777778|0.0023951530456542|0.0045506954193115
108|149|0.7777777777777778|0.0023808479309082|0.0046830177307128
108|150|0.7777777777777778|0.0023872852325439|0.0046761035919189
108|151|0.7777777777777778|0.0023937225341796|0.00468111038208
108|152|0.7777777777777778|0.0024201869964599|0.0046544075012207
108|153|0.7777777777777778|0.0024149417877197|0.0043928623199462
108|154|0.7962962962962963|0.0025036334991455|0.0045647621154785
108|155|0.7962962962962963|0.0025141239166259|0.0045778751373291
108|156|0.7962962962962963|0.0034141540527343|0.0054638385772705
108|157|0.7962962962962963|0.0026209354400634|0.0047175884246826
108|158|0.7962962962962963|0.0026576519012451|0.0046119689941406
108|159|0.7962962962962963|0.0026106834411621|0.0046393871307373
108|160|0.7962962962962963|0.0025556087493896|0.0048520565032958
108|161|0.7962962962962963|0.0026063919067382|0.004631757736206
108|162|0.7962962962962963|0.0026426315307617|0.0048151016235351
109|138|0.8055555555555556|0.0021219253540039|0.0043299198150634
109|139|0.8055555555555556|0.0021007061004638|0.00435471534729
109|140|0.8055555555555556|0.0020952224731445|0.0044727325439453
109|141|0.8055555555555556|0.0021419525146484|0.0042722225189208
109|142|0.8055555555555556|0.0021283626556396|0.0045454502105712
109|143|0.8055555555555556|0.0021240711212158|0.0044128894805908
109|144|0.8055555555555556|0.0021688938140869|0.0045275688171386
109|145|0.8055555555555556|0.0021660327911376|0.0045995712280273
109|146|0.8055555555555556|0.0021748542785644|0.0044724941253662
109|147|0.8055555555555556|0.0022046566009521|0.0044362545013427
109|148|0.8055555555555556|0.0021898746490478|0.0045170783996582
109|149|0.8055555555555556|0.0021944046020507|0.0044465065002441
109|150|0.8055555555555556|0.002213716506958|0.0045440196990966
109|151|0.8055555555555556|0.0022058486938476|0.0045192241668701
109|152|0.8055555555555556|0.0023279190063476|0.0045547485351562
109|153|0.8055555555555556|0.0023558139801025|0.0044362545013427
109|154|0.8055555555555556|0.0023736953735351|0.0046157836914062
109|155|0.8055555555555556|0.0022096633911132|0.004469871520996
109|156|0.8055555555555556|0.0022487640380859|0.0043447017669677
109|157|0.8055555555555556|0.0023455619812011|0.0043690204620361
109|158|0.8055555555555556|0.002448558807373|0.0042998790740966
109|159|0.8055555555555556|0.0024499893188476|0.0045351982116699
109|160|0.8055555555555556|0.0024347305297851|0.0044152736663818
109|161|0.8055555555555556|0.0022146701812744|0.0041761398315429
109|162|0.8055555555555556|0.0021100044250488|0.0041720867156982
102|138|0.8703703703703703|0.0021190643310546|0.0043795108795166
102|139|0.8703703703703703|0.0021352767944335|0.0043749809265136
102|140|0.8703703703703703|0.0021364688873291|0.0044569969177246
102|141|0.8703703703703703|0.0020942687988281|0.0044007301330566
102|142|0.8703703703703703|0.00211763381958|0.0047414302825927
102|143|0.8703703703703703|0.0024125576019287|0.004479169845581
102|144|0.8703703703703703|0.002105712890625|0.0043857097625732
102|145|0.8703703703703703|0.0021436214447021|0.0044605731964111
102|146|0.8703703703703703|0.0021371841430664|0.0044004917144775
102|147|0.8703703703703703|0.00213623046875|0.0043907165527343
102|148|0.8703703703703703|0.0021688938140869|0.0043911933898925
102|149|0.8703703703703703|0.0021607875823974|0.0043532848358154
102|150|0.8703703703703703|0.0022468566894531|0.0043990612030029
102|151|0.8703703703703703|0.0024096965789794|0.0044560432434082
102|152|0.8703703703703703|0.0024828910827636|0.0044648647308349
102|153|0.8703703703703703|0.0024466514587402|0.0045316219329833
102|154|0.8703703703703703|0.0022857189178466|0.0043504238128662
102|155|0.8703703703703703|0.0022220611572265|0.0043377876281738
102|156|0.8703703703703703|0.0027015209197998|0.0043118000030517
102|157|0.8703703703703703|0.002471923828125|0.0042774677276611
102|158|0.8703703703703703|0.0024013519287109|0.0048708915710449
102|159|0.8703703703703703|0.0023591518402099|0.0044481754302978
102|160|0.8703703703703703|0.0022046566009521|0.0040664672851562
102|161|0.8703703703703703|0.0021076202392578|0.0041480064392089
102|162|0.8703703703703703|0.0025563240051269|0.004103660583496
103|138|0.8518518518518519|0.0023548603057861|0.0045483112335205
103|139|0.8518518518518519|0.0023665428161621|0.0045840740203857
103|140|0.8518518518518519|0.0023794174194335|0.0044841766357421
103|141|0.8518518518518519|0.0023849010467529|0.0043978691101074
103|142|0.8518518518518519|0.0023906230926513|0.0048143863677978
103|143|0.8518518518518519|0.0024003982543945|0.0044319629669189
103|144|0.8518518518518519|0.0023880004882812|0.0044541358947753
103|145|0.8518518518518519|0.0025250911712646|0.0045943260192871
103|146|0.8518518518518519|0.0025968551635742|0.0048046112060546
103|147|0.8518518518518519|0.0026321411132812|0.0046906471252441
103|148|0.8518518518518519|0.0026156902313232|0.0044906139373779
103|149|0.8518518518518519|0.0024886131286621|0.0046241283416748
103|150|0.8518518518518519|0.0025880336761474|0.004453420639038
103|151|0.8518518518518519|0.0026283264160156|0.0047643184661865
103|152|0.8518518518518519|0.0027365684509277|0.0046682357788085
103|153|0.8518518518518519|0.0028746128082275|0.0047926902770996
103|154|0.8425925925925926|0.0027763843536376|0.0044443607330322
103|155|0.8425925925925926|0.0029807090759277|0.0046017169952392
103|156|0.8425925925925926|0.0028808116912841|0.0044317245483398
103|157|0.8425925925925926|0.0024816989898681|0.0044658184051513
103|158|0.8425925925925926|0.0029904842376708|0.0044951438903808
103|159|0.8425925925925926|0.0025525093078613|0.0042288303375244
103|160|0.8425925925925926|0.0024929046630859|0.0042552947998046
103|161|0.8425925925925926|0.0024299621582031|0.0042603015899658
103|162|0.8425925925925926|0.0024371147155761|0.0041313171386718
112|20|0.7592592592592593|0.0012791156768798|
112|21|0.75|0.0009384155273437|0.0013637542724609
112|22|0.7222222222222222|0.000986099243164|0.0013930797576904
112|23|0.7314814814814815|0.0009517669677734|0.0014505386352539
112|24|0.7314814814814815|0.0009694099426269|0.0014262199401855
112|25|0.7407407407407407|0.0009741783142089|0.0014729499816894
112|26|0.7592592592592593|0.0009613037109375|0.0014898777008056
112|27|0.7407407407407407|0.0009572505950927|0.001615285873413
112|28|0.7222222222222222|0.0009727478027343|0.0016591548919677
112|29|0.7037037037037037|0.0010068416595458|0.0016353130340576
112|30|0.7407407407407407|0.0009889602661132|0.0016818046569824
112|31|0.7870370370370371|0.0009684562683105|0.0018000602722167
112|32|0.7314814814814815|0.0009911060333251|0.0017411708831787
112|33|0.7129629629629629|0.0009868144989013|0.0018191337585449
112|34|0.7222222222222222|0.000995397567749|0.0018577575683593
112|35|0.7870370370370371|0.0009875297546386|0.0018963813781738
112|36|0.7962962962962963|0.0010287761688232|0.001908540725708
112|37|0.7870370370370371|0.0010039806365966|0.0018913745880126
112|38|0.8240740740740741|0.0010530948638916|0.0019586086273193
112|39|0.8240740740740741|0.0010573863983154|0.0020234584808349
112|40|0.8240740740740741|0.0010702610015869|0.0020265579223632
112|41|0.8148148148148148|0.0010230541229248|0.0021824836730957
112|42|0.8425925925925926|0.0010395050048828|0.0020956993103027
112|43|0.8333333333333334|0.001033067703247|0.0021932125091552
112|44|0.8333333333333334|0.0010597705841064|0.0021696090698242
112|45|0.8240740740740741|0.0010328292846679|0.0022861957550048
112|46|0.8240740740740741|0.0011036396026611|0.0022423267364501
112|47|0.8333333333333334|0.0010714530944824|0.0022838115692138
112|48|0.8333333333333334|0.0010998249053955|0.0025231838226318
112|49|0.8333333333333334|0.0010900497436523|0.002479076385498
112|50|0.8333333333333334|0.0011138916015625|0.0024476051330566
112|51|0.8425925925925926|0.0011026859283447|0.0025458335876464
112|52|0.8148148148148148|0.0011501312255859|0.0025591850280761
112|53|0.8148148148148148|0.0010981559753417|0.002626895904541
112|54|0.8333333333333334|0.0011613368988037|0.0025908946990966
112|55|0.8240740740740741|0.0011286735534667|0.0026187896728515
112|56|0.8148148148148148|0.0011682510375976|0.0028057098388671
112|57|0.8148148148148148|0.0011448860168457|0.0028321743011474
112|58|0.7962962962962963|0.0011911392211914|0.0027258396148681
112|59|0.8055555555555556|0.0011589527130126|0.0027108192443847
112|60|0.8055555555555556|0.0012109279632568|0.0028016567230224
112|61|0.8148148148148148|0.0011956691741943|0.0027825832366943
112|62|0.8055555555555556|0.0012519359588623|0.0029132366180419
112|63|0.8148148148148148|0.0012171268463134|0.0029423236846923
112|64|0.8148148148148148|0.0012338161468505|0.0029740333557128
112|65|0.8148148148148148|0.0012342929840087|0.002976655960083
112|66|0.8055555555555556|0.0012390613555908|0.0030555725097656
112|67|0.8055555555555556|0.0012528896331787|0.0030369758605957
112|68|0.7962962962962963|0.0012729167938232|0.0031230449676513
112|69|0.7962962962962963|0.0012805461883544|0.0030529499053955
112|70|0.7962962962962963|0.0012967586517333|0.0030848979949951
112|71|0.7962962962962963|0.0013124942779541|0.0031991004943847
112|72|0.8055555555555556|0.0013222694396972|0.0031936168670654
112|73|0.8055555555555556|0.0013294219970703|0.0031728744506835
112|74|0.7962962962962963|0.001338243484497|0.0032298564910888
112|75|0.8055555555555556|0.0013618469238281|0.0032150745391845
112|76|0.8055555555555556|0.0013689994812011|0.0035657882690429
112|77|0.8055555555555556|0.0013787746429443|0.0034661293029785
112|78|0.8055555555555556|0.0013937950134277|0.0036008358001708
112|79|0.8055555555555556|0.0014178752899169|0.003371238708496
112|80|0.7962962962962963|0.0014135837554931|0.0035877227783203
112|81|0.7962962962962963|0.0014288425445556|0.0034642219543457
112|82|0.7962962962962963|0.0014572143554687|0.0035912990570068
112|83|0.7962962962962963|0.0014698505401611|0.0036444664001464
112|84|0.7962962962962963|0.0014693737030029|0.00352144241333
112|85|0.8055555555555556|0.0014867782592773|0.0035524368286132
112|86|0.7962962962962963|0.0015256404876708|0.0036165714263916
112|87|0.7962962962962963|0.0015463829040527|0.0035977363586425
112|88|0.7962962962962963|0.0015637874603271|0.0035903453826904
112|89|0.7962962962962963|0.0015721321105957|0.0037417411804199
112|90|0.7962962962962963|0.0015861988067626|0.0037908554077148
112|91|0.7962962962962963|0.0016136169433593|0.0037527084350585
112|92|0.7962962962962963|0.0016431808471679|0.0039567947387695
112|93|0.7962962962962963|0.0016171932220458|0.0037691593170166
112|94|0.75|0.0016243457794189|0.0039393901824951
112|95|0.75|0.0016586780548095|0.0038332939147949
112|96|0.75|0.0016529560089111|0.0038135051727294
112|97|0.75|0.00166916847229|0.0039587020874023
112|98|0.75|0.001631736755371|0.0041916370391845
112|99|0.7685185185185185|0.00169038772583|0.0038652420043945
112|100|0.7685185185185185|0.0016968250274658|0.0039215087890625
112|101|0.7685185185185185|0.0017027854919433|0.0039207935333251
112|102|0.7685185185185185|0.0017170906066894|0.0039715766906738
112|103|0.7685185185185185|0.0017218589782714|0.0039293766021728
112|104|0.7685185185185185|0.0017356872558593|0.0039436817169189
112|105|0.7685185185185185|0.0017428398132324|0.0041060447692871
112|106|0.7685185185185185|0.0017476081848144|0.0041649341583251
112|107|0.75|0.0017468929290771|0.0041396617889404
112|108|0.7592592592592593|0.0017702579498291|0.0041496753692626
112|109|0.7592592592592593|0.0017576217651367|0.0040400028228759
112|110|0.7592592592592593|0.0017879009246826|0.0040466785430908
112|111|0.7592592592592593|0.0018088817596435|0.0040619373321533
112|112|0.7592592592592593|0.0018086433410644|0.0040814876556396
112|113|0.7592592592592593|0.0018227100372314|0.0040910243988037
112|114|0.7592592592592593|0.0018260478973388|0.004338264465332
112|115|0.7592592592592593|0.0018298625946044|0.0041615962982177
112|116|0.7592592592592593|0.0018529891967773|0.004260778427124
112|117|0.7592592592592593|0.0018417835235595|0.0041329860687255
112|118|0.7592592592592593|0.0018656253814697|0.0041913986206054
112|119|0.7592592592592593|0.00187349319458|0.0041735172271728
112|120|0.7592592592592593|0.0018761157989501|0.0043261051177978
112|121|0.7592592592592593|0.0018963813781738|0.0041348934173583
112|122|0.7592592592592593|0.0018777847290039|0.0042395591735839
112|123|0.7592592592592593|0.0019035339355468|0.0041606426239013
112|124|0.7592592592592593|0.0019025802612304|0.0041666030883789
112|125|0.7592592592592593|0.0019845962524414|0.0041680335998535
112|126|0.7592592592592593|0.0019166469573974|0.0041923522949218
112|127|0.7592592592592593|0.0019135475158691|0.004185676574707
112|128|0.7592592592592593|0.0019271373748779|0.0041725635528564
112|129|0.7592592592592593|0.001927375793457|0.004199743270874
112|130|0.7592592592592593|0.0019450187683105|0.0043532848358154
112|131|0.7592592592592593|0.0019469261169433|0.0043103694915771
112|132|0.7592592592592593|0.0019755363464355|0.0042269229888916
112|133|0.7592592592592593|0.0019636154174804|0.0044412612915039
112|134|0.7592592592592593|0.0019786357879638|0.0042200088500976
112|135|0.7592592592592593|0.001993179321289|0.0042555332183837
112|136|0.7592592592592593|0.0019989013671875|0.0042705535888671
112|137|0.7592592592592593|0.00199556350708|0.0044426918029785
112|138|0.7592592592592593|0.0020034313201904|0.0043170452117919
115|20|0.7407407407407407|0.0012571811676025|
115|21|0.7407407407407407|0.0009446144104003|0.0013015270233154
115|22|0.7407407407407407|0.0009963512420654|0.0013504028320312
115|23|0.7685185185185185|0.0009436607360839|0.0013458728790283
115|24|0.7777777777777778|0.0010011196136474|0.0013821125030517
115|25|0.7870370370370371|0.000972032546997|0.0014717578887939
115|26|0.7962962962962963|0.0009717941284179|0.0014708042144775
115|27|0.7870370370370371|0.0009825229644775|0.0015156269073486
115|28|0.7962962962962963|0.001004934310913|0.001591682434082
115|29|0.8055555555555556|0.0009779930114746|0.0016994476318359
115|30|0.7870370370370371|0.000983715057373|0.0016376972198486
115|31|0.7962962962962963|0.0009856224060058|0.0017054080963134
115|32|0.7962962962962963|0.0010228157043457|0.0018248558044433
115|33|0.7685185185185185|0.0009820461273193|0.0017623901367187
115|34|0.8055555555555556|0.0010325908660888|0.0018084049224853
115|35|0.8148148148148148|0.0009944438934326|0.0019459724426269
115|36|0.7962962962962963|0.0010466575622558|0.0018887519836425
115|37|0.8055555555555556|0.0010209083557128|0.0019710063934326
115|38|0.8148148148148148|0.001075267791748|0.0020873546600341
115|39|0.8333333333333334|0.0010254383087158|0.0019950866699218
115|40|0.8240740740740741|0.0010769367218017|0.002007246017456
115|41|0.7962962962962963|0.0010209083557128|0.0021364688873291
115|42|0.8333333333333334|0.0010485649108886|0.0020604133605957
115|43|0.8055555555555556|0.001035451889038|0.0021383762359619
115|44|0.8240740740740741|0.001056432723999|0.0021920204162597
115|45|0.8055555555555556|0.0010676383972167|0.0022969245910644
115|46|0.8055555555555556|0.001091718673706|0.0022721290588378
115|47|0.8333333333333334|0.0010511875152587|0.0023794174194335
115|48|0.8333333333333334|0.0011014938354492|0.0023338794708251
115|49|0.8425925925925926|0.0010604858398437|0.0024678707122802
115|50|0.8611111111111112|0.001103401184082|0.0023424625396728
115|51|0.8425925925925926|0.0010750293731689|0.0023775100708007
115|52|0.8611111111111112|0.0011267662048339|0.002389907836914
115|53|0.8611111111111112|0.0010921955108642|0.0026249885559082
115|54|0.8425925925925926|0.0011355876922607|0.0026798248291015
115|55|0.8425925925925926|0.0011301040649414|0.0025994777679443
115|56|0.8518518518518519|0.0011773109436035|0.0026977062225341
115|57|0.8333333333333334|0.0011451244354248|0.0027008056640625
115|58|0.8333333333333334|0.0011758804321289|0.0027072429656982
115|59|0.8611111111111112|0.0011513233184814|0.0026407241821289
115|60|0.8611111111111112|0.0011842250823974|0.0027034282684326
115|61|0.8611111111111112|0.0011663436889648|0.002716064453125
115|62|0.8518518518518519|0.0012190341949462|0.0027649402618408
115|63|0.8425925925925926|0.001199722290039|0.0028014183044433
115|64|0.8518518518518519|0.0012321472167968|0.0029339790344238
115|65|0.8425925925925926|0.0012240409851074|0.0029568672180175
115|66|0.8425925925925926|0.0012187957763671|0.0029668807983398
115|67|0.8425925925925926|0.0012373924255371|0.0031483173370361
115|68|0.8425925925925926|0.0012531280517578|0.0029916763305664
115|69|0.8518518518518519|0.0012733936309814|0.003249168395996
115|70|0.8425925925925926|0.0012753009796142|0.0030624866485595
115|71|0.8518518518518519|0.001270055770874|0.0030734539031982
115|72|0.8611111111111112|0.0012822151184082|0.0030820369720458
115|73|0.8518518518518519|0.0013072490692138|0.003258466720581
115|74|0.8425925925925926|0.0013222694396972|0.003373384475708
115|75|0.8518518518518519|0.0013625621795654|0.0034430027008056
115|76|0.8425925925925926|0.0013513565063476|0.0032334327697753
115|77|0.8518518518518519|0.0013465881347656|0.0033919811248779
115|78|0.8518518518518519|0.0013654232025146|0.003420352935791
115|79|0.8518518518518519|0.001422643661499|0.0033819675445556
115|80|0.8518518518518519|0.0013854503631591|0.0033221244812011
115|81|0.8518518518518519|0.0014014244079589|0.0034973621368408
115|82|0.8518518518518519|0.0014150142669677|0.0034334659576416
115|83|0.8518518518518519|0.0014247894287109|0.0033984184265136
115|84|0.8518518518518519|0.0014598369598388|0.0036981105804443
115|85|0.8518518518518519|0.0014564990997314|0.0037794113159179
115|86|0.8518518518518519|0.001469612121582|0.0035815238952636
115|87|0.8518518518518519|0.0014674663543701|0.0036113262176513
115|88|0.8518518518518519|0.0014879703521728|0.0038197040557861
115|89|0.8518518518518519|0.0014741420745849|0.003782033920288
115|90|0.8425925925925926|0.00152587890625|0.0037908554077148
115|91|0.8333333333333334|0.001528263092041|0.0037548542022705
115|92|0.8518518518518519|0.0015320777893066|0.0037550926208496
115|93|0.8425925925925926|0.0015530586242675|0.0037586688995361
115|94|0.8425925925925926|0.001591682434082|0.003981590270996
115|95|0.8425925925925926|0.0016055107116699|0.0038189888000488
115|96|0.8425925925925926|0.0016498565673828|0.0038309097290039
115|97|0.8425925925925926|0.0016345977783203|0.0037667751312255
115|98|0.8425925925925926|0.001680850982666|0.0039229393005371
115|99|0.8425925925925926|0.0016872882843017|0.0038313865661621
115|100|0.8425925925925926|0.0017237663269042|0.0040726661682128
115|101|0.8425925925925926|0.0017046928405761|0.0041949748992919
115|102|0.8425925925925926|0.001718521118164|0.0038871765136718
115|103|0.8425925925925926|0.0017375946044921|0.0041024684906005
115|104|0.8425925925925926|0.0017375946044921|0.0041444301605224
115|105|0.8425925925925926|0.0017561912536621|0.0039341449737548
115|106|0.8425925925925926|0.0017449855804443|0.0039522647857666
115|107|0.8425925925925926|0.0017697811126708|0.004286766052246
115|108|0.8425925925925926|0.0017542839050292|0.004227876663208
115|109|0.8425925925925926|0.0017483234405517|0.0043587684631347
115|110|0.8425925925925926|0.0017600059509277|0.0040440559387207
115|111|0.8425925925925926|0.0017755031585693|0.0042939186096191
115|112|0.8425925925925926|0.0017755031585693|0.0042159557342529
115|113|0.8425925925925926|0.00179123878479|0.004199743270874
115|114|0.8425925925925926|0.0017809867858886|0.0041568279266357
115|115|0.8425925925925926|0.0018239021301269|0.0043003559112548
115|116|0.8425925925925926|0.0018258094787597|0.0040602684020996
115|117|0.8425925925925926|0.0018563270568847|0.0040943622589111
115|118|0.8425925925925926|0.0018317699432373|0.0041399002075195
115|119|0.8425925925925926|0.0018694400787353|0.0045232772827148
115|120|0.8425925925925926|0.0018820762634277|0.0044634342193603
115|121|0.8425925925925926|0.0018839836120605|0.004368782043457
115|122|0.8425925925925926|0.0019032955169677|0.0043451786041259
115|123|0.8425925925925926|0.0018937587738037|0.0041308403015136
115|124|0.8425925925925926|0.0019049644470214|0.0041577816009521
115|125|0.8425925925925926|0.0019021034240722|0.0041666030883789
115|126|0.8425925925925926|0.0019323825836181|0.0045273303985595
115|127|0.8425925925925926|0.0019395351409912|0.0043480396270751
115|128|0.8425925925925926|0.0019536018371582|0.0043931007385253
115|129|0.8425925925925926|0.0019881725311279|0.0043463706970214
115|130|0.8425925925925926|0.0019669532775878|0.0044152736663818
115|131|0.8425925925925926|0.0019822120666503|0.0043647289276123
115|132|0.8425925925925926|0.0019855499267578|0.0042877197265625
115|133|0.8425925925925926|0.0020053386688232|0.0042483806610107
115|134|0.8425925925925926|0.0020215511322021|0.0043449401855468
115|135|0.8425925925925926|0.003204345703125|0.0077872276306152
115|136|0.8425925925925926|0.0032558441162109|0.00789475440979
115|137|0.8425925925925926|0.0029487609863281|0.0079236030578613
114|20|0.8425925925925926|0.0012643337249755|
114|21|0.8240740740740741|0.0009632110595703|0.0013463497161865
114|22|0.8148148148148148|0.0010044574737548|0.0013160705566406
114|23|0.75|0.0009591579437255|0.0013723373413085
114|24|0.7314814814814815|0.0010242462158203|0.0014805793762207
114|25|0.7870370370370371|0.0009694099426269|0.0015206336975097
114|26|0.8240740740740741|0.0009889602661132|0.0015029907226562
114|27|0.8240740740740741|0.000972032546997|0.0015292167663574
114|28|0.7962962962962963|0.0010721683502197|0.0015680789947509
114|29|0.8055555555555556|0.0009880065917968|0.0016136169433593
114|30|0.7407407407407407|0.0010120868682861|0.0016226768493652
114|31|0.7407407407407407|0.0010032653808593|0.0017480850219726
114|32|0.7222222222222222|0.0010530948638916|0.0017132759094238
114|33|0.75|0.0009984970092773|0.0017614364624023
114|34|0.7407407407407407|0.0010132789611816|0.0018689632415771
114|35|0.7592592592592593|0.0010013580322265|0.0018353462219238
114|36|0.8240740740740741|0.0010299682617187|0.0019230842590332
114|37|0.8425925925925926|0.0010290145874023|0.0018882751464843
114|38|0.8148148148148148|0.0010571479797363|0.0019092559814453
114|39|0.7870370370370371|0.0010170936584472|0.0020341873168945
114|40|0.8333333333333334|0.0010643005371093|0.0020143985748291
114|41|0.8611111111111112|0.0010390281677246|0.0020580291748046
114|42|0.8425925925925926|0.001075267791748|0.0021305084228515
114|43|0.8333333333333334|0.0010762214660644|0.002176284790039
114|44|0.8148148148148148|0.0010948181152343|0.0025022029876708
114|45|0.8148148148148148|0.0011475086212158|0.0023107528686523
114|46|0.8148148148148148|0.0010828971862792|0.0022652149200439
114|47|0.8055555555555556|0.0010645389556884|0.0022974014282226
114|48|0.8055555555555556|0.0010960102081298|0.0023159980773925
114|49|0.8240740740740741|0.0010678768157958|0.0024609565734863
114|50|0.8333333333333334|0.0011219978332519|0.0024492740631103
114|51|0.8148148148148148|0.0010991096496582|0.0024998188018798
114|52|0.8240740740740741|0.0011289119720458|0.002481460571289
114|53|0.8240740740740741|0.0011043548583984|0.0024709701538085
114|54|0.8240740740740741|0.0011558532714843|0.0025258064270019
114|55|0.8425925925925926|0.0011382102966308|0.0026938915252685
114|56|0.8333333333333334|0.0011448860168457|0.0027911663055419
114|57|0.8703703703703703|0.0011343955993652|0.0028026103973388
114|58|0.8518518518518519|0.0011851787567138|0.0027952194213867
114|59|0.8333333333333334|0.0011589527130126|0.002779483795166
114|60|0.8333333333333334|0.0011889934539794|0.0027265548706054
114|61|0.8333333333333334|0.0011637210845947|0.0027909278869628
114|62|0.8611111111111112|0.0012304782867431|0.0028746128082275
114|63|0.8796296296296297|0.0011897087097167|0.002962589263916
114|64|0.8703703703703703|0.0012266635894775|0.0030734539031982
114|65|0.8611111111111112|0.001260757446289|0.0029253959655761
114|66|0.8611111111111112|0.0012710094451904|0.0031130313873291
114|67|0.8703703703703703|0.0012495517730712|0.0031049251556396
114|68|0.8703703703703703|0.0012707710266113|0.0031094551086425
114|69|0.8703703703703703|0.0012793540954589|0.0031392574310302
114|70|0.8611111111111112|0.0012681484222412|0.0033221244812011
114|71|0.8518518518518519|0.0012693405151367|0.0032026767730712
114|72|0.8611111111111112|0.0012726783752441|0.003084659576416
114|73|0.8703703703703703|0.00130295753479|0.0034172534942626
114|74|0.8703703703703703|0.0013151168823242|0.0034513473510742
114|75|0.8518518518518519|0.0013060569763183|0.0032157897949218
114|76|0.8425925925925926|0.0013198852539062|0.00325608253479
114|77|0.8425925925925926|0.0013380050659179|0.0033929347991943
114|78|0.8425925925925926|0.0013508796691894|0.003422737121582
114|79|0.8518518518518519|0.0013818740844726|0.0035443305969238
114|80|0.8425925925925926|0.0013766288757324|0.003507375717163
114|81|0.8518518518518519|0.0013666152954101|0.0035703182220458
114|82|0.8518518518518519|0.0013766288757324|0.003342866897583
114|83|0.8518518518518519|0.0014450550079345|0.0034706592559814
114|84|0.8518518518518519|0.0014126300811767|0.0036952495574951
114|85|0.8518518518518519|0.0014069080352783|0.0035624504089355
114|86|0.8425925925925926|0.0014216899871826|0.0035076141357421
114|87|0.8518518518518519|0.0014536380767822|0.0037386417388916
114|88|0.8518518518518519|0.0014710426330566|0.0043470859527587
114|89|0.8518518518518519|0.0014560222625732|0.0037257671356201
114|90|0.8518518518518519|0.0016314983367919|0.0037627220153808
114|91|0.8518518518518519|0.00148606300354|0.0038740634918212
114|92|0.8518518518518519|0.0015139579772949|0.0038080215454101
114|93|0.8518518518518519|0.0015676021575927|0.0038373470306396
114|94|0.8611111111111112|0.0015687942504882|0.0036933422088623
114|95|0.8611111111111112|0.0015938282012939|0.0039496421813964
114|96|0.8611111111111112|0.0016100406646728|0.0039818286895751
114|97|0.8611111111111112|0.0016453266143798|0.0037393569946289
114|98|0.8518518518518519|0.0016601085662841|0.003972053527832
114|99|0.8518518518518519|0.0016500949859619|0.0041675567626953
114|100|0.8518518518518519|0.0016632080078125|0.003871202468872
114|101|0.8518518518518519|0.001702070236206|0.0038726329803466
114|102|0.8611111111111112|0.0017261505126953|0.004082441329956
114|103|0.8611111111111112|0.001727819442749|0.004223346710205
114|104|0.8518518518518519|0.0017530918121337|0.0039393901824951
114|105|0.8518518518518519|0.0017797946929931|0.0039794445037841
114|106|0.8611111111111112|0.0017921924591064|0.0040798187255859
114|107|0.8611111111111112|0.001845359802246|0.0041968822479248
114|108|0.8611111111111112|0.0018270015716552|0.0041320323944091
114|109|0.8611111111111112|0.0018107891082763|0.0040767192840576
114|110|0.8611111111111112|0.0018568038940429|0.0045435428619384
114|111|0.8611111111111112|0.0018441677093505|0.004457950592041
114|112|0.8611111111111112|0.0018596649169921|0.0041179656982421
114|113|0.8611111111111112|0.0018553733825683|0.0043683052062988
114|114|0.8611111111111112|0.0018942356109619|0.0043838024139404
114|115|0.8611111111111112|0.0018799304962158|0.0045239925384521
114|116|0.8611111111111112|0.0019047260284423|0.0042090415954589
114|117|0.8611111111111112|0.0019202232360839|0.0045363903045654
114|118|0.8611111111111112|0.0018973350524902|0.0045943260192871
114|119|0.8611111111111112|0.001924991607666|0.0045845508575439
114|120|0.8611111111111112|0.0019257068634033|0.0042548179626464
114|121|0.8518518518518519|0.0019550323486328|0.004237413406372
114|122|0.8518518518518519|0.001955509185791|0.0044319629669189
114|123|0.8518518518518519|0.0019516944885253|0.0045797824859619
114|124|0.8518518518518519|0.0019741058349609|0.0041899681091308
114|125|0.8518518518518519|0.0019564628601074|0.004523754119873
114|126|0.8518518518518519|0.0019960403442382|0.0045588016510009
114|127|0.8518518518518519|0.0019798278808593|0.0045998096466064
114|128|0.8518518518518519|0.0019991397857666|0.0047101974487304
114|129|0.8518518518518519|0.0020060539245605|0.004474401473999
114|130|0.8518518518518519|0.0020031929016113|0.0043616294860839
114|131|0.8518518518518519|0.0020899772644042|0.0043776035308837
114|132|0.8518518518518519|0.0020241737365722|0.0042598247528076
114|133|0.8518518518518519|0.0020630359649658|0.0046567916870117
114|134|0.8518518518518519|0.0020699501037597|0.0042724609375
114|135|0.8518518518518519|0.0020902156829833|0.0043423175811767
114|136|0.8518518518518519|0.0021281242370605|0.0046794414520263
114|137|0.8518518518518519|0.0020992755889892|0.0043070316314697
116|20|0.8425925925925926|0.0012948513031005|
116|21|0.8425925925925926|0.0010530948638916|0.0013809204101562
116|22|0.8240740740740741|0.0011210441589355|0.001389741897583
116|23|0.8518518518518519|0.0010468959808349|0.0013942718505859
116|24|0.8425925925925926|0.0010609626770019|0.0014498233795166
116|25|0.8148148148148148|0.001056432723999|0.001502513885498
116|26|0.8425925925925926|0.0010280609130859|0.0015759468078613
116|27|0.8055555555555556|0.0010168552398681|0.0015928745269775
116|28|0.8518518518518519|0.0010442733764648|0.0016095638275146
116|29|0.8611111111111112|0.001023530960083|0.0016508102416992
116|30|0.8703703703703703|0.0010597705841064|0.0016984939575195
116|31|0.8703703703703703|0.0010626316070556|0.0017235279083251
116|32|0.8425925925925926|0.0010368824005126|0.001725435256958
116|33|0.8518518518518519|0.001044750213623|0.0018167495727539
116|34|0.8518518518518519|0.001086950302124|0.0019252300262451
116|35|0.8518518518518519|0.0010643005371093|0.0020310878753662
116|36|0.8055555555555556|0.0011250972747802|0.0018897056579589
116|37|0.7962962962962963|0.0010757446289062|0.002051830291748
116|38|0.8333333333333334|0.0011196136474609|0.0019798278808593
116|39|0.8703703703703703|0.0010924339294433|0.0020112991333007
116|40|0.8611111111111112|0.0011167526245117|0.0021154880523681
116|41|0.8611111111111112|0.0010788440704345|0.0020759105682373
116|42|0.8611111111111112|0.0011184215545654|0.0021307468414306
116|43|0.8611111111111112|0.0011267662048339|0.0021531581878662
116|44|0.8796296296296297|0.0011394023895263|0.0021693706512451
116|45|0.8796296296296297|0.0011160373687744|0.0023283958435058
116|46|0.8796296296296297|0.0011730194091796|0.0023155212402343
116|47|0.8703703703703703|0.0011522769927978|0.002321720123291
116|48|0.8703703703703703|0.0011796951293945|0.002465009689331
116|49|0.8703703703703703|0.0011672973632812|0.0025267601013183
116|50|0.8611111111111112|0.0012109279632568|0.0025603771209716
116|51|0.8518518518518519|0.001183271408081|0.0024890899658203
116|52|0.8518518518518519|0.0012133121490478|0.0025641918182373
116|53|0.8703703703703703|0.0011935234069824|0.0026216506958007
116|54|0.8611111111111112|0.0012147426605224|0.002662181854248
116|55|0.8611111111111112|0.0012118816375732|0.0026063919067382
116|56|0.8611111111111112|0.0012362003326416|0.0025999546051025
116|57|0.8611111111111112|0.0012121200561523|0.0027778148651123
116|58|0.8703703703703703|0.0012495517730712|0.0027618408203125
116|59|0.8796296296296297|0.0012531280517578|0.0028383731842041
116|60|0.8703703703703703|0.0012710094451904|0.0027382373809814
116|61|0.8703703703703703|0.0012578964233398|0.0028226375579833
116|62|0.8796296296296297|0.0013067722320556|0.0030241012573242
116|63|0.8703703703703703|0.0012984275817871|0.0028951168060302
116|64|0.8703703703703703|0.0012915134429931|0.002847671508789
116|65|0.8703703703703703|0.0013051033020019|0.0030944347381591
116|66|0.8611111111111112|0.0013420581817626|0.0030493736267089
116|67|0.8703703703703703|0.0013263225555419|0.0031485557556152
116|68|0.8611111111111112|0.0013298988342285|0.0031864643096923
116|69|0.8703703703703703|0.0013351440429687|0.0032386779785156
116|70|0.8611111111111112|0.0013885498046875|0.0030500888824462
116|71|0.8611111111111112|0.0013737678527832|0.0031590461730957
116|72|0.8611111111111112|0.0014014244079589|0.0032248497009277
116|73|0.8611111111111112|0.0014252662658691|0.0032570362091064
116|74|0.8611111111111112|0.0014050006866455|0.0032079219818115
116|75|0.8518518518518519|0.0014221668243408|0.0032236576080322
116|76|0.8611111111111112|0.0014593601226806|0.0033380985260009
116|77|0.8611111111111112|0.0014941692352294|0.0033657550811767
116|78|0.8611111111111112|0.0014824867248535|0.0035605430603027
116|79|0.8703703703703703|0.0014855861663818|0.0035502910614013
116|80|0.8611111111111112|0.0015068054199218|0.00364351272583
116|81|0.8703703703703703|0.0015316009521484|0.0034370422363281
116|82|0.8611111111111112|0.0015404224395751|0.0034863948822021
116|83|0.8611111111111112|0.0015406608581542|0.0037157535552978
116|84|0.8611111111111112|0.0015730857849121|0.0036394596099853
116|85|0.8611111111111112|0.0015830993652343|0.0036811828613281
116|86|0.8611111111111112|0.0015625953674316|0.0036728382110595
116|87|0.8425925925925926|0.0016145706176757|0.0035841464996337
116|88|0.8518518518518519|0.0016160011291503|0.0037140846252441
116|89|0.8425925925925926|0.0016548633575439|0.0037620067596435
116|90|0.8425925925925926|0.001655101776123|0.0038070678710937
116|91|0.8518518518518519|0.0016670227050781|0.0038537979125976
116|92|0.8518518518518519|0.0017030239105224|0.0039141178131103
116|93|0.8518518518518519|0.0016894340515136|0.0039279460906982
116|94|0.8518518518518519|0.0017066001892089|0.0040233135223388
116|95|0.8518518518518519|0.0017414093017578|0.0038723945617675
116|96|0.8425925925925926|0.00177001953125|0.0040450096130371
116|97|0.8425925925925926|0.0017988681793212|0.0041160583496093
116|98|0.8425925925925926|0.0017926692962646|0.0041286945343017
116|99|0.8425925925925926|0.0018415451049804|0.0041470527648925
116|100|0.8425925925925926|0.0017862319946289|0.0043177604675292
116|101|0.8425925925925926|0.001810073852539|0.0041966438293457
116|102|0.8425925925925926|0.0018045902252197|0.0039358139038085
116|103|0.8425925925925926|0.0017964839935302|0.004108190536499
116|104|0.8425925925925926|0.0018248558044433|0.0040712356567382
116|105|0.8518518518518519|0.0018262863159179|0.0041983127593994
116|106|0.8518518518518519|0.0018572807312011|0.0042445659637451
116|107|0.8518518518518519|0.0018596649169921|0.0041542053222656
116|108|0.8518518518518519|0.0018894672393798|0.0041613578796386
116|109|0.8518518518518519|0.0018942356109619|0.0040266513824462
116|110|0.8518518518518519|0.0019187927246093|0.0040769577026367
116|111|0.8518518518518519|0.0019290447235107|0.004288911819458
116|112|0.8518518518518519|0.0019772052764892|0.0044066905975341
116|113|0.8518518518518519|0.0019865036010742|0.004108190536499
116|114|0.8518518518518519|0.0019798278808593|0.0042178630828857
116|115|0.8518518518518519|0.0020015239715576|0.0044360160827636
116|116|0.8518518518518519|0.0019881725311279|0.0042722225189208
116|117|0.8518518518518519|0.0019984245300292|0.0043780803680419
116|118|0.8518518518518519|0.0020015239715576|0.0041697025299072
116|119|0.8518518518518519|0.0020074844360351|0.004528522491455
116|120|0.8611111111111112|0.0020432472229003|0.0043771266937255
116|121|0.8611111111111112|0.0020420551300048|0.0042612552642822
116|122|0.8611111111111112|0.0020661354064941|0.0041658878326416
116|123|0.8611111111111112|0.002063512802124|0.0045671463012695
116|124|0.8611111111111112|0.0020914077758789|0.0043835639953613
116|125|0.8611111111111112|0.0021023750305175|0.0045278072357177
116|126|0.8611111111111112|0.0021319389343261|0.0042169094085693
116|127|0.8611111111111112|0.0021531581878662|0.0042202472686767
116|128|0.8611111111111112|0.0021305084228515|0.0042502880096435
116|129|0.8611111111111112|0.0021600723266601|0.004479169845581
116|130|0.8611111111111112|0.0021333694458007|0.0042495727539062
116|131|0.8611111111111112|0.0021438598632812|0.0044267177581787
116|132|0.8611111111111112|0.0021567344665527|0.0046288967132568
116|133|0.8611111111111112|0.0021929740905761|0.0044021606445312
116|134|0.8611111111111112|0.0022273063659667|0.0044474601745605
116|135|0.8611111111111112|0.0022103786468505|0.0044198036193847
116|136|0.8611111111111112|0.0022246837615966|0.0045547485351562
116|137|0.8611111111111112|0.0022640228271484|0.0046570301055908
110|20|0.7407407407407407|0.0012612342834472|
110|21|0.7037037037037037|0.0009770393371582|0.0013039112091064
110|22|0.7685185185185185|0.0010077953338623|0.0013134479522705
110|23|0.7222222222222222|0.0009684562683105|0.0014102458953857
110|24|0.7592592592592593|0.0010178089141845|0.0015103816986083
110|25|0.7129629629629629|0.0009775161743164|0.0014503002166748
110|26|0.7407407407407407|0.0009722709655761|0.001469612121582
110|27|0.7592592592592593|0.0009887218475341|0.0015194416046142
110|28|0.7314814814814815|0.0010116100311279|0.0016543865203857
110|29|0.75|0.001000165939331|0.0017051696777343
110|30|0.7870370370370371|0.0010058879852294|0.0016508102416992
110|31|0.7777777777777778|0.0009992122650146|0.001734972000122
110|32|0.7685185185185185|0.0010299682617187|0.0017552375793457
110|33|0.7962962962962963|0.0009853839874267|0.0018551349639892
110|34|0.7685185185185185|0.0010311603546142|0.0018205642700195
110|35|0.7685185185185185|0.0009925365447998|0.0019166469573974
110|36|0.7870370370370371|0.0010328292846679|0.0019056797027587
110|37|0.7592592592592593|0.0010290145874023|0.0020365715026855
110|38|0.8055555555555556|0.0010573863983154|0.00201416015625
110|39|0.7685185185185185|0.001030683517456|0.0020830631256103
110|40|0.7222222222222222|0.001091718673706|0.0020828247070312
110|41|0.7037037037037037|0.0010299682617187|0.0021092891693115
110|42|0.7592592592592593|0.0010733604431152|0.002124547958374
110|43|0.7685185185185185|0.0010530948638916|0.0021634101867675
110|44|0.7962962962962963|0.0010843276977539|0.0022523403167724
110|45|0.8148148148148148|0.0011031627655029|0.0022928714752197
110|46|0.8055555555555556|0.0011031627655029|0.0023348331451416
110|47|0.7962962962962963|0.0010600090026855|0.0023131370544433
110|48|0.7777777777777778|0.0011329650878906|0.002364158630371
110|49|0.7962962962962963|0.0010769367218017|0.0022897720336914
110|50|0.8055555555555556|0.0011186599731445|0.0023276805877685
110|51|0.7777777777777778|0.0010883808135986|0.0024285316467285
110|52|0.7870370370370371|0.0011341571807861|0.0024914741516113
110|53|0.7685185185185185|0.0011131763458251|0.0024516582489013
110|54|0.7777777777777778|0.0011520385742187|0.0025877952575683
110|55|0.7685185185185185|0.0011534690856933|0.0025272369384765
110|56|0.7870370370370371|0.0011878013610839|0.0026776790618896
110|57|0.7962962962962963|0.0011601448059082|0.002608299255371
110|58|0.7870370370370371|0.0012063980102539|0.0027434825897216
110|59|0.7962962962962963|0.0011754035949707|0.0027861595153808
110|60|0.8148148148148148|0.0012099742889404|0.003122329711914
110|61|0.7962962962962963|0.0011734962463378|0.0027041435241699
110|62|0.7870370370370371|0.001213788986206|0.0028936862945556
110|63|0.7962962962962963|0.0011968612670898|0.0029661655426025
110|64|0.7870370370370371|0.0012121200561523|0.0029501914978027
110|65|0.7870370370370371|0.0012023448944091|0.0030045509338378
110|66|0.7962962962962963|0.0012261867523193|0.0029840469360351
110|67|0.7962962962962963|0.0012381076812744|0.002993106842041
110|68|0.7870370370370371|0.0012662410736083|0.0030415058135986
110|69|0.7962962962962963|0.0012671947479248|0.0031013488769531
110|70|0.7962962962962963|0.0012533664703369|0.0030517578125
110|71|0.7870370370370371|0.001265525817871|0.003197431564331
110|72|0.7962962962962963|0.0013103485107421|0.0031743049621582
110|73|0.7962962962962963|0.0013051033020019|0.003265380859375
110|74|0.7870370370370371|0.0012910366058349|0.0031497478485107
110|75|0.7962962962962963|0.001361608505249|0.0032610893249511
110|76|0.7962962962962963|0.0013723373413085|0.0033473968505859
110|77|0.7962962962962963|0.0013422966003417|0.0032405853271484
110|78|0.7870370370370371|0.0013511180877685|0.0033614635467529
110|79|0.7870370370370371|0.001380443572998|0.0032668113708496
110|80|0.7685185185185185|0.0013959407806396|0.003380537033081
110|81|0.7685185185185185|0.0017683506011962|0.0037963390350341
110|82|0.7777777777777778|0.0014467239379882|0.0035173892974853
110|83|0.7870370370370371|0.001443862915039|0.0035681724548339
110|84|0.7870370370370371|0.0014495849609375|0.0033893585205078
110|85|0.7870370370370371|0.0014832019805908|0.0034620761871337
110|86|0.7870370370370371|0.0014944076538085|0.00350022315979
110|87|0.7870370370370371|0.0015082359313964|0.003648042678833
110|88|0.7870370370370371|0.001521348953247|0.003558874130249
110|89|0.7870370370370371|0.0015311241149902|0.0037910938262939
110|90|0.7870370370370371|0.0015544891357421|0.0036511421203613
110|91|0.7870370370370371|0.0015654563903808|0.0036242008209228
110|92|0.7870370370370371|0.0015761852264404|0.0038790702819824
110|93|0.7777777777777778|0.0015757083892822|0.0038676261901855
110|94|0.7777777777777778|0.0015938282012939|0.0037975311279296
110|95|0.7777777777777778|0.0016009807586669|0.0038235187530517
110|96|0.7777777777777778|0.0016229152679443|0.003737449645996
110|97|0.7777777777777778|0.0016655921936035|0.0039870738983154
110|98|0.7777777777777778|0.0016376972198486|0.0039436817169189
110|99|0.7777777777777778|0.0016541481018066|0.0038142204284667
110|100|0.7777777777777778|0.0016698837280273|0.0040373802185058
110|101|0.7777777777777778|0.0016627311706542|0.0040466785430908
110|102|0.7777777777777778|0.0016977787017822|0.0040161609649658
110|103|0.7777777777777778|0.0017158985137939|0.0040264129638671
110|104|0.7777777777777778|0.0017321109771728|0.0040895938873291
110|105|0.7777777777777778|0.0017304420471191|0.0040154457092285
110|106|0.7777777777777778|0.0017621517181396|0.0042660236358642
110|107|0.7777777777777778|0.0017368793487548|0.004000186920166
110|108|0.7777777777777778|0.0017428398132324|0.0040998458862304
110|109|0.7777777777777778|0.0017759799957275|0.0039198398590087
110|110|0.7685185185185185|0.001767873764038|0.004115343093872
110|111|0.7685185185185185|0.001786470413208|0.0040860176086425
110|112|0.7685185185185185|0.0017793178558349|0.0039820671081542
110|113|0.7685185185185185|0.0017681121826171|0.0041635036468505
110|114|0.7685185185185185|0.0017921924591064|0.004357099533081
110|115|0.7685185185185185|0.0017950534820556|0.0042483806610107
110|116|0.7685185185185185|0.0018055438995361|0.0043542385101318
110|117|0.7685185185185185|0.0018224716186523|0.0042414665222167
110|118|0.7685185185185185|0.0018239021301269|0.0042827129364013
110|119|0.7685185185185185|0.0018088817596435|0.0041930675506591
110|120|0.7685185185185185|0.0018088817596435|0.0042107105255126
110|121|0.7685185185185185|0.0018105506896972|0.0041399002075195
110|122|0.7685185185185185|0.0018274784088134|0.004190444946289
110|123|0.7685185185185185|0.0018477439880371|0.0042521953582763
110|124|0.7685185185185185|0.0018455982208251|0.0040993690490722
110|125|0.7685185185185185|0.0018427371978759|0.0043380260467529
110|126|0.7685185185185185|0.0018503665924072|0.0041534900665283
110|127|0.7685185185185185|0.001866340637207|0.00417160987854
110|128|0.7685185185185185|0.0018608570098876|0.0042188167572021
110|129|0.7685185185185185|0.0018739700317382|0.0042932033538818
110|130|0.7685185185185185|0.0018837451934814|0.0042459964752197
110|131|0.7685185185185185|0.0018997192382812|0.0043625831604003
110|132|0.7685185185185185|0.0019264221191406|0.0043482780456542
110|133|0.7685185185185185|0.0019285678863525|0.0043528079986572
110|134|0.7685185185185185|0.0019304752349853|0.0047452449798583
110|135|0.7685185185185185|0.0019145011901855|0.0045394897460937
110|136|0.7685185185185185|0.00191330909729|0.0042510032653808
110|137|0.7685185185185185|0.001922607421875|0.004188060760498
117|20|0.7962962962962963|0.0012807846069335|
117|21|0.8148148148148148|0.0009791851043701|0.0013301372528076
117|22|0.8055555555555556|0.0010321140289306|0.0014142990112304
117|23|0.8148148148148148|0.0010039806365966|0.0013709068298339
117|24|0.8055555555555556|0.0010197162628173|0.0014605522155761
117|25|0.8148148148148148|0.0010206699371337|0.0014402866363525
117|26|0.8148148148148148|0.0010433197021484|0.0014984607696533
117|27|0.7777777777777778|0.0010244846343994|0.0015597343444824
117|28|0.8240740740740741|0.0010285377502441|0.0015754699707031
117|29|0.8240740740740741|0.001035451889038|0.0021760463714599
117|30|0.8425925925925926|0.0010793209075927|0.0016636848449707
117|31|0.8518518518518519|0.0010356903076171|0.0016953945159912
117|32|0.8425925925925926|0.0010366439819335|0.0017318725585937
117|33|0.8240740740740741|0.0010325908660888|0.0017809867858886
117|34|0.8333333333333334|0.0010626316070556|0.0018341541290283
117|35|0.8333333333333334|0.0010683536529541|0.0018577575683593
117|36|0.8333333333333334|0.0010840892791748|0.0018894672393798
117|37|0.8240740740740741|0.0010652542114257|0.0019323825836181
117|38|0.8333333333333334|0.0011217594146728|0.0019681453704833
117|39|0.8425925925925926|0.001082420349121|0.002004861831665
117|40|0.8240740740740741|0.0011332035064697|0.0020763874053955
117|41|0.8425925925925926|0.0010838508605957|0.0021064281463623
117|42|0.8333333333333334|0.001133918762207|0.0021135807037353
117|43|0.8333333333333334|0.0011103153228759|0.0021965503692626
117|44|0.8703703703703703|0.0011477470397949|0.002225637435913
117|45|0.8611111111111112|0.0011284351348876|0.0023016929626464
117|46|0.8611111111111112|0.0011763572692871|0.0023086071014404
117|47|0.8518518518518519|0.0011477470397949|0.0023252964019775
117|48|0.8425925925925926|0.0011868476867675|0.0024688243865966
117|49|0.8518518518518519|0.0011689662933349|0.0023770332336425
117|50|0.8611111111111112|0.0011985301971435|0.002446174621582
117|51|0.8611111111111112|0.0011866092681884|0.0024724006652832
117|52|0.8611111111111112|0.001223087310791|0.0025362968444824
117|53|0.8518518518518519|0.0011987686157226|0.0025463104248046
117|54|0.8425925925925926|0.0012252330780029|0.002629280090332
117|55|0.8425925925925926|0.0012121200561523|0.0025782585144042
117|56|0.8518518518518519|0.0012426376342773|0.0026154518127441
117|57|0.8425925925925926|0.0012176036834716|0.0026443004608154
117|58|0.8425925925925926|0.0012557506561279|0.0026748180389404
117|59|0.8425925925925926|0.001230239868164|0.0026946067810058
117|60|0.8425925925925926|0.0012719631195068|0.0027453899383544
117|61|0.8425925925925926|0.0012483596801757|0.0027298927307128
117|62|0.8425925925925926|0.0013010501861572|0.0028166770935058
117|63|0.8425925925925926|0.0012938976287841|0.0027883052825927
117|64|0.8425925925925926|0.0012848377227783|0.002979040145874
117|65|0.8425925925925926|0.0012977123260498|0.0028877258300781
117|66|0.8425925925925926|0.0012791156768798|0.0029246807098388
117|67|0.8333333333333334|0.0012931823730468|0.0029680728912353
117|68|0.8333333333333334|0.0013139247894287|0.0029678344726562
117|69|0.8333333333333334|0.0013368129730224|0.0030004978179931
117|70|0.8425925925925926|0.0013501644134521|0.0031967163085937
117|71|0.8518518518518519|0.0013530254364013|0.0032463073730468
117|72|0.8425925925925926|0.0013816356658935|0.0031032562255859
117|73|0.8425925925925926|0.0013573169708251|0.0031361579895019
117|74|0.8425925925925926|0.0013999938964843|0.0033025741577148
117|75|0.8425925925925926|0.0014166831970214|0.0031757354736328
117|76|0.8425925925925926|0.0014290809631347|0.0032482147216796
117|77|0.8518518518518519|0.0014393329620361|0.0032641887664794
117|78|0.8518518518518519|0.0014491081237792|0.0032770633697509
117|79|0.8425925925925926|0.0014550685882568|0.0033190250396728
117|80|0.8518518518518519|0.0014758110046386|0.0033581256866455
117|81|0.8518518518518519|0.0014925003051757|0.003415822982788
117|82|0.8518518518518519|0.0015113353729248|0.003422737121582
117|83|0.8518518518518519|0.0014944076538085|0.0034132003784179
117|84|0.8518518518518519|0.0015239715576171|0.0035994052886962
117|85|0.8425925925925926|0.0015366077423095|0.0034868717193603
117|86|0.8425925925925926|0.0015265941619873|0.0034828186035156
117|87|0.8518518518518519|0.0015854835510253|0.0035059452056884
117|88|0.8518518518518519|0.0016131401062011|0.0035185813903808
117|89|0.8518518518518519|0.0016427040100097|0.0035834312438964
117|90|0.8518518518518519|0.0016131401062011|0.0036561489105224
117|91|0.8425925925925926|0.0016548633575439|0.00364351272583
117|92|0.8425925925925926|0.0016283988952636|0.0036566257476806
117|93|0.8425925925925926|0.0016438961029052|0.0036773681640625
117|94|0.8425925925925926|0.0017461776733398|0.0036735534667968
117|95|0.8425925925925926|0.0016694068908691|0.0037319660186767
117|96|0.8611111111111112|0.001699686050415|0.003943920135498
117|97|0.8611111111111112|0.0017037391662597|0.0038998126983642
117|98|0.8611111111111112|0.0017828941345214|0.0038068294525146
117|99|0.8611111111111112|0.0018188953399658|0.003892183303833
117|100|0.8611111111111112|0.0018136501312255|0.0038981437683105
117|101|0.8518518518518519|0.001765489578247|0.0038559436798095
117|102|0.8518518518518519|0.0018160343170166|0.0039286613464355
117|103|0.8518518518518519|0.0017738342285156|0.0039010047912597
117|104|0.8518518518518519|0.0018591880798339|0.0039625167846679
117|105|0.8518518518518519|0.0018553733825683|0.003934621810913
117|106|0.8518518518518519|0.0018568038940429|0.003972053527832
117|107|0.8518518518518519|0.0018527507781982|0.0039453506469726
117|108|0.8518518518518519|0.0018732547760009|0.0039947032928466
117|109|0.8518518518518519|0.0018448829650878|0.0039725303649902
117|110|0.8518518518518519|0.0018708705902099|0.0039577484130859
117|111|0.8518518518518519|0.001908540725708|0.0040392875671386
117|112|0.8518518518518519|0.0019080638885498|0.004037857055664
117|113|0.8518518518518519|0.0019197463989257|0.0040137767791748
117|114|0.8518518518518519|0.0019264221191406|0.0040323734283447
117|115|0.8518518518518519|0.0019295215606689|0.0041782855987548
117|116|0.8518518518518519|0.0019419193267822|0.0040822029113769
117|117|0.8518518518518519|0.0019435882568359|0.0040838718414306
117|118|0.8518518518518519|0.0019583702087402|0.0042192935943603
117|119|0.8518518518518519|0.0019798278808593|0.0042321681976318
117|120|0.8518518518518519|0.0019588470458984|0.0041255950927734
117|121|0.8518518518518519|0.0019564628601074|0.0041637420654296
117|122|0.8518518518518519|0.0019645690917968|0.0040791034698486
117|123|0.8518518518518519|0.001962661743164|0.0041186809539794
117|124|0.8425925925925926|0.0019998550415039|0.0040977001190185
117|125|0.8425925925925926|0.0019903182983398|0.0041568279266357
117|126|0.8425925925925926|0.0020177364349365|0.0042440891265869
117|127|0.8425925925925926|0.0020790100097656|0.0042440891265869
117|128|0.8333333333333334|0.002138614654541|0.0042557716369628
117|129|0.8333333333333334|0.002134084701538|0.004298448562622
117|130|0.8333333333333334|0.0021817684173583|0.0042788982391357
117|131|0.8333333333333334|0.0021562576293945|0.0042836666107177
117|132|0.8333333333333334|0.002181053161621|0.0043680667877197
117|133|0.8333333333333334|0.0021717548370361|0.0043456554412841
117|134|0.8333333333333334|0.0021913051605224|0.0043118000030517
117|135|0.8333333333333334|0.0022072792053222|0.0043652057647705
117|136|0.8333333333333334|0.0022127628326416|0.0043127536773681
117|137|0.8333333333333334|0.0022153854370117|0.0043599605560302
118|20|0.7777777777777778|0.0012943744659423|
118|21|0.7870370370370371|0.0009980201721191|0.0013391971588134
118|22|0.7685185185185185|0.001039981842041|0.0013561248779296
118|23|0.7962962962962963|0.001014232635498|0.0014352798461914
118|24|0.8240740740740741|0.0010480880737304|0.001422643661499
118|25|0.7962962962962963|0.0010328292846679|0.0015034675598144
118|26|0.8148148148148148|0.0010552406311035|0.0015747547149658
118|27|0.8425925925925926|0.0010707378387451|0.0015680789947509
118|28|0.8518518518518519|0.0010688304901123|0.0016145706176757
118|29|0.8240740740740741|0.0010476112365722|0.0016181468963623
118|30|0.8240740740740741|0.0010516643524169|0.0016653537750244
118|31|0.8055555555555556|0.0010669231414794|0.0018117427825927
118|32|0.8240740740740741|0.0010771751403808|0.0017726421356201
118|33|0.8240740740740741|0.0010523796081542|0.0017952919006347
118|34|0.8425925925925926|0.0010788440704345|0.0018301010131835
118|35|0.8148148148148148|0.0010609626770019|0.0018670558929443
118|36|0.8055555555555556|0.0011138916015625|0.0018916130065917
118|37|0.7962962962962963|0.001075267791748|0.0019528865814208
118|38|0.7870370370370371|0.00114107131958|0.0019700527191162
118|39|0.7962962962962963|0.0010945796966552|0.0020034313201904
118|40|0.7685185185185185|0.0011532306671142|0.0020384788513183
118|41|0.7777777777777778|0.001096487045288|0.0021183490753173
118|42|0.75|0.0011255741119384|0.0021398067474365
118|43|0.7777777777777778|0.0011334419250488|0.0021708011627197
118|44|0.7777777777777778|0.0011556148529052|0.002272605895996
118|45|0.8055555555555556|0.0011401176452636|0.0022709369659423
118|46|0.8240740740740741|0.0011951923370361|0.0023348331451416
118|47|0.8240740740740741|0.0011632442474365|0.0023913383483886
118|48|0.8148148148148148|0.0012154579162597|0.0023458003997802
118|49|0.8055555555555556|0.0011987686157226|0.0024836063385009
118|50|0.8055555555555556|0.0012438297271728|0.002427339553833
118|51|0.7962962962962963|0.0012195110321044|0.0025191307067871
118|52|0.8055555555555556|0.0012586116790771|0.0025322437286376
118|53|0.7962962962962963|0.0012214183807373|0.0026397705078125
118|54|0.8055555555555556|0.0012958049774169|0.0027413368225097
118|55|0.7962962962962963|0.0012671947479248|0.0027072429656982
118|56|0.8148148148148148|0.0013074874877929|0.0028028488159179
118|57|0.8148148148148148|0.0012779235839843|0.0026800632476806
118|58|0.8148148148148148|0.0013031959533691|0.0027234554290771
118|59|0.8148148148148148|0.0012764930725097|0.0028293132781982
118|60|0.8333333333333334|0.0013206005096435|0.0028762817382812
118|61|0.8333333333333334|0.0012924671173095|0.0028376579284667
118|62|0.8055555555555556|0.0013298988342285|0.0028550624847412
118|63|0.8425925925925926|0.0013105869293212|0.0030670166015625
118|64|0.8240740740740741|0.0013213157653808|0.0030772686004638
118|65|0.8240740740740741|0.0013127326965332|0.0030543804168701
118|66|0.8240740740740741|0.0013341903686523|0.0031228065490722
118|67|0.8333333333333334|0.0013339519500732|0.0030102729797363
118|68|0.8518518518518519|0.0013396739959716|0.0031051635742187
118|69|0.8518518518518519|0.0013642311096191|0.0030684471130371
118|70|0.8611111111111112|0.0013623237609863|0.0033199787139892
118|71|0.8425925925925926|0.0014083385467529|0.003303050994873
118|72|0.8425925925925926|0.0014193058013916|0.0033395290374755
118|73|0.8518518518518519|0.0014359951019287|0.0033931732177734
118|74|0.8518518518518519|0.001462697982788|0.0032958984375
118|75|0.8518518518518519|0.0014843940734863|0.0034799575805664
118|76|0.8518518518518519|0.0014939308166503|0.0033602714538574
118|77|0.8518518518518519|0.0014903545379638|0.0034687519073486
118|78|0.8518518518518519|0.0015091896057128|0.0034234523773193
118|79|0.8425925925925926|0.0015521049499511|0.0034389495849609
118|80|0.8425925925925926|0.0015532970428466|0.003375768661499
118|81|0.8425925925925926|0.001540184020996|0.0035054683685302
118|82|0.8425925925925926|0.0015788078308105|0.003486156463623
118|83|0.8425925925925926|0.0015902519226074|0.0036628246307373
118|84|0.8425925925925926|0.0015974044799804|0.0036003589630126
118|85|0.8333333333333334|0.0016257762908935|0.0036995410919189
118|86|0.8333333333333334|0.0016202926635742|0.0035650730133056
118|87|0.8333333333333334|0.0016279220581054|0.0036308765411376
118|88|0.8333333333333334|0.0016291141510009|0.0037293434143066
118|89|0.8425925925925926|0.0016460418701171|0.0037064552307128
118|90|0.8425925925925926|0.001641035079956|0.0037710666656494
118|91|0.8425925925925926|0.0017063617706298|0.003702163696289
118|92|0.8425925925925926|0.0017135143280029|0.0037293434143066
118|93|0.8425925925925926|0.0017364025115966|0.0038518905639648
118|94|0.8425925925925926|0.0017387866973876|0.0037894248962402
118|95|0.8425925925925926|0.0017871856689453|0.0038065910339355
118|96|0.8425925925925926|0.0018157958984375|0.0040023326873779
118|97|0.8333333333333334|0.0017845630645751|0.0038502216339111
118|98|0.8333333333333334|0.0018391609191894|0.0040156841278076
118|99|0.8333333333333334|0.0018527507781982|0.0040357112884521
118|100|0.8333333333333334|0.001866340637207|0.0040650367736816
118|101|0.8333333333333334|0.0018868446350097|0.004105806350708
118|102|0.8333333333333334|0.0019209384918212|0.0039877891540527
118|103|0.8333333333333334|0.0019354820251464|0.0041227340698242
118|104|0.8333333333333334|0.0019299983978271|0.0041089057922363
118|105|0.8333333333333334|0.0019316673278808|0.0040779113769531
118|106|0.8333333333333334|0.00199556350708|0.0040211677551269
118|107|0.8333333333333334|0.0019783973693847|0.004169225692749
118|108|0.8333333333333334|0.0019941329956054|0.004206895828247
118|109|0.8333333333333334|0.0019686222076416|0.0042593479156494
118|110|0.8333333333333334|0.0019521713256835|0.0043609142303466
118|111|0.8333333333333334|0.0019738674163818|0.0042176246643066
118|112|0.8333333333333334|0.001953125|0.0041859149932861
118|113|0.8333333333333334|0.0019710063934326|0.0043420791625976
118|114|0.8333333333333334|0.0019855499267578|0.0042831897735595
118|115|0.8333333333333334|0.002021312713623|0.0041315555572509
118|116|0.8333333333333334|0.0020055770874023|0.0043756961822509
118|117|0.8333333333333334|0.0020363330841064|0.0041413307189941
118|118|0.8333333333333334|0.0020172595977783|0.0041844844818115
118|119|0.8333333333333334|0.0020220279693603|0.0043470859527587
118|120|0.8333333333333334|0.0020601749420166|0.0043911933898925
118|121|0.8425925925925926|0.0020549297332763|0.0041797161102294
118|122|0.8425925925925926|0.0020732879638671|0.0043175220489501
118|123|0.8425925925925926|0.0020544528961181|0.0043308734893798
118|124|0.8425925925925926|0.0020556449890136|0.0044972896575927
118|125|0.8425925925925926|0.0020718574523925|0.0042183399200439
118|126|0.8333333333333334|0.002150535583496|0.0042438507080078
118|127|0.8333333333333334|0.0021862983703613|0.0044388771057128
118|128|0.8333333333333334|0.0021839141845703|0.0044336318969726
118|129|0.8333333333333334|0.0021975040435791|0.0044741630554199
118|130|0.8333333333333334|0.0022025108337402|0.0042996406555175
118|131|0.8333333333333334|0.0022051334381103|0.0043303966522216
118|132|0.8333333333333334|0.0022203922271728|0.0043401718139648
118|133|0.8333333333333334|0.0022239685058593|0.0044703483581542
118|134|0.8425925925925926|0.0022573471069335|0.0043554306030273
118|135|0.8425925925925926|0.002307653427124|0.0043668746948242
118|136|0.8425925925925926|0.0023086071014404|0.0043671131134033
118|137|0.8425925925925926|0.0023255348205566|0.0045380592346191
119|20|0.8148148148148148|0.0012300014495849|
119|21|0.7870370370370371|0.0009620189666748|0.0013322830200195
119|22|0.7962962962962963|0.0009844303131103|0.0013017654418945
119|23|0.7870370370370371|0.0009496212005615|0.0013706684112548
119|24|0.7962962962962963|0.0009746551513671|0.0014383792877197
119|25|0.7685185185185185|0.0009570121765136|0.0014927387237548
119|26|0.7962962962962963|0.0009894371032714|0.0015087127685546
119|27|0.7777777777777778|0.0009613037109375|0.001561164855957
119|28|0.8055555555555556|0.0009939670562744|0.0016391277313232
119|29|0.8148148148148148|0.0009655952453613|0.0017030239105224
119|30|0.8333333333333334|0.0009946823120117|0.0016603469848632
119|31|0.8055555555555556|0.0009920597076416|0.0017328262329101
119|32|0.75|0.0009882450103759|0.0018529891967773
119|33|0.7592592592592593|0.0010700225830078|0.0019004344940185
119|34|0.7777777777777778|0.0009968280792236|0.0018868446350097
119|35|0.7962962962962963|0.0010027885437011|0.0018787384033203
119|36|0.8240740740740741|0.0010261535644531|0.0020270347595214
119|37|0.8333333333333334|0.0010168552398681|0.0019841194152832
119|38|0.8240740740740741|0.0010643005371093|0.0020258426666259
119|39|0.8425925925925926|0.0010197162628173|0.0021049976348876
119|40|0.8425925925925926|0.0010759830474853|0.0021219253540039
119|41|0.8518518518518519|0.0010344982147216|0.0022118091583251
119|42|0.8518518518518519|0.0010688304901123|0.0022473335266113
119|43|0.8425925925925926|0.0010366439819335|0.0022332668304443
119|44|0.8425925925925926|0.0010774135589599|0.0022027492523193
119|45|0.8055555555555556|0.0010755062103271|0.0023293495178222
119|46|0.7870370370370371|0.0011212825775146|0.0023009777069091
119|47|0.8055555555555556|0.0010633468627929|0.0024056434631347
119|48|0.8055555555555556|0.0011146068572998|0.0023877620697021
119|49|0.8518518518518519|0.0010690689086914|0.002354621887207
119|50|0.8240740740740741|0.001117467880249|0.0024468898773193
119|51|0.8425925925925926|0.0010926723480224|0.0024778842926025
119|52|0.8148148148148148|0.0011284351348876|0.0025191307067871
119|53|0.8518518518518519|0.0018017292022705|0.003026008605957
119|54|0.8425925925925926|0.0018897056579589|0.0046727657318115
119|55|0.8333333333333334|0.0018723011016845|0.0047006607055664
119|56|0.8333333333333334|0.0019178390502929|0.0047888755798339
119|57|0.8333333333333334|0.0019083023071289|0.0048120021820068
119|58|0.8425925925925926|0.0019998550415039|0.0049078464508056
119|59|0.8518518518518519|0.001194953918457|0.0027658939361572
119|60|0.8518518518518519|0.001237154006958|0.0027482509613037
119|61|0.8518518518518519|0.0011930465698242|0.0032951831817626
119|62|0.8425925925925926|0.0012481212615966|0.0028619766235351
119|63|0.8425925925925926|0.0012190341949462|0.0028223991394042
119|64|0.8703703703703703|0.0012347698211669|0.0029253959655761
119|65|0.8518518518518519|0.0012140274047851|0.002974510192871
119|66|0.8888888888888888|0.0012414455413818|0.0029835700988769
119|67|0.8888888888888888|0.0012545585632324|0.0030782222747802
119|68|0.8703703703703703|0.0012695789337158|0.0029752254486083
119|69|0.8796296296296297|0.0012869834899902|0.0031244754791259
119|70|0.8611111111111112|0.0012671947479248|0.003040075302124
119|71|0.8611111111111112|0.0013010501861572|0.0033283233642578
119|72|0.8796296296296297|0.001291275024414|0.0031290054321289
119|73|0.8611111111111112|0.0012974739074707|0.0032455921173095
119|74|0.8611111111111112|0.001319408416748|0.0034511089324951
119|75|0.8703703703703703|0.0013179779052734|0.003263235092163
119|76|0.8703703703703703|0.0013785362243652|0.0032551288604736
119|77|0.8703703703703703|0.0013470649719238|0.0033328533172607
119|78|0.8703703703703703|0.0013430118560791|0.0035526752471923
119|79|0.8703703703703703|0.001368761062622|0.0035572052001953
119|80|0.8703703703703703|0.0013742446899414|0.0032930374145507
119|81|0.8703703703703703|0.0014073848724365|0.0034551620483398
119|82|0.8703703703703703|0.0014154911041259|0.0033729076385498
119|83|0.8703703703703703|0.0014483928680419|0.0036072731018066
119|84|0.8611111111111112|0.0014624595642089|0.0035703182220458
119|85|0.8425925925925926|0.001497745513916|0.0036823749542236
119|86|0.8425925925925926|0.0014901161193847|0.0035815238952636
119|87|0.8333333333333334|0.0015053749084472|0.0036225318908691
119|88|0.8425925925925926|0.001549482345581|0.0037634372711181
119|89|0.8425925925925926|0.0015187263488769|0.00376558303833
119|90|0.8425925925925926|0.0015301704406738|0.0037312507629394
119|91|0.8333333333333334|0.0015943050384521|0.0037479400634765
119|92|0.8333333333333334|0.0015735626220703|0.0037932395935058
119|93|0.8518518518518519|0.0015604496002197|0.0038738250732421
119|94|0.8611111111111112|0.0015845298767089|0.0038211345672607
119|95|0.8611111111111112|0.0016052722930908|0.0038211345672607
119|96|0.8611111111111112|0.0016412734985351|0.003868818283081
119|97|0.8611111111111112|0.0016427040100097|0.003990888595581
119|98|0.8611111111111112|0.001645803451538|0.0038235187530517
119|99|0.8611111111111112|0.0016818046569824|0.003983736038208
119|100|0.8611111111111112|0.0016767978668212|0.003941535949707
119|101|0.8611111111111112|0.0017275810241699|0.0040221214294433
119|102|0.8611111111111112|0.0017125606536865|0.0040423870086669
119|103|0.8611111111111112|0.0017619132995605|0.0040187835693359
119|104|0.8611111111111112|0.0017344951629638|0.0041120052337646
119|105|0.8611111111111112|0.0017511844635009|0.0040590763092041
119|106|0.8611111111111112|0.0017421245574951|0.0040080547332763
119|107|0.8611111111111112|0.0017545223236083|0.0040831565856933
119|108|0.8611111111111112|0.0017669200897216|0.004124641418457
119|109|0.8611111111111112|0.0017697811126708|0.0040080547332763
119|110|0.8611111111111112|0.0017998218536376|0.0040199756622314
119|111|0.8611111111111112|0.0017893314361572|0.0040936470031738
119|112|0.8611111111111112|0.0018022060394287|0.004143476486206
119|113|0.8518518518518519|0.0018420219421386|0.0042183399200439
119|114|0.8518518518518519|0.0018725395202636|0.0042297840118408
119|115|0.8518518518518519|0.001871109008789|0.0042846202850341
119|116|0.8518518518518519|0.0019087791442871|0.0043003559112548
119|117|0.8518518518518519|0.0018928050994873|0.0042078495025634
119|118|0.8518518518518519|0.0019187927246093|0.0041611194610595
119|119|0.8518518518518519|0.001901626586914|0.0043492317199707
119|120|0.8518518518518519|0.0019152164459228|0.0042793750762939
119|121|0.8518518518518519|0.0018942356109619|0.0043005943298339
119|122|0.8518518518518519|0.0019164085388183|0.0043673515319824
119|123|0.8518518518518519|0.0019145011901855|0.0045995712280273
119|124|0.8518518518518519|0.0030937194824218|0.0077354907989501
119|125|0.8518518518518519|0.0019364356994628|0.0041639804840087
119|126|0.8518518518518519|0.0019688606262207|0.0043773651123046
119|127|0.8518518518518519|0.001981496810913|0.0041849613189697
119|128|0.8518518518518519|0.0019717216491699|0.0041954517364501
119|129|0.8518518518518519|0.0020103454589843|0.0043797492980957
119|130|0.8518518518518519|0.0020263195037841|0.004453420639038
119|131|0.8518518518518519|0.0020248889923095|0.0044634342193603
119|132|0.8518518518518519|0.0020534992218017|0.0043411254882812
119|133|0.8518518518518519|0.0020287036895751|0.0044279098510742
119|134|0.8518518518518519|0.0020637512207031|0.0044786930084228
119|135|0.8518518518518519|0.0020756721496582|0.0043592453002929
119|136|0.8518518518518519|0.0020797252655029|0.0044279098510742
119|137|0.8518518518518519|0.0021047592163085|0.0045311450958251
111|20|0.75|0.0014722347259521|
111|21|0.7314814814814815|0.000974416732788|0.0014309883117675
111|22|0.7314814814814815|0.0010232925415039|0.0013670921325683
111|23|0.7407407407407407|0.0009691715240478|0.0014588832855224
111|24|0.7592592592592593|0.0009875297546386|0.0014095306396484
111|25|0.7407407407407407|0.0009968280792236|0.001549482345581
111|26|0.75|0.0009834766387939|0.00156831741333
111|27|0.7685185185185185|0.0009965896606445|0.0016701221466064
111|28|0.7685185185185185|0.0010211467742919|0.0016052722930908
111|29|0.7777777777777778|0.0009799003601074|0.0017404556274414
111|30|0.7685185185185185|0.0010263919830322|0.0016677379608154
111|31|0.7685185185185185|0.0009715557098388|0.0017406940460205
111|32|0.7870370370370371|0.0010132789611816|0.0017745494842529
111|33|0.7870370370370371|0.0010275840759277|0.0018501281738281
111|34|0.7777777777777778|0.0010254383087158|0.0018765926361083
111|35|0.7962962962962963|0.0009939670562744|0.0018494129180908
111|36|0.7777777777777778|0.0010535717010498|0.0020623207092285
111|37|0.7962962962962963|0.0009996891021728|0.0020499229431152
111|38|0.7870370370370371|0.0010969638824462|0.0020151138305664
111|39|0.7962962962962963|0.0010178089141845|0.0021278858184814
111|40|0.8148148148148148|0.0010643005371093|0.0020973682403564
111|41|0.8055555555555556|0.0010302066802978|0.0022196769714355
111|42|0.8055555555555556|0.0010623931884765|0.0022189617156982
111|43|0.7870370370370371|0.0010545253753662|0.0023164749145507
111|44|0.7777777777777778|0.001082420349121|0.0021917819976806
111|45|0.7962962962962963|0.0010690689086914|0.0022532939910888
111|46|0.8055555555555556|0.0011487007141113|0.0023605823516845
111|47|0.8148148148148148|0.0010671615600585|0.0024256706237792
111|48|0.7777777777777778|0.0011322498321533|0.0023427009582519
111|49|0.7962962962962963|0.0010833740234375|0.0024852752685546
111|50|0.7962962962962963|0.0011634826660156|0.002469778060913
111|51|0.7962962962962963|0.0011200904846191|0.0025079250335693
111|52|0.7962962962962963|0.0011911392211914|0.0025393962860107
111|53|0.8055555555555556|0.0011408329010009|0.0025923252105712
111|54|0.7962962962962963|0.0011746883392333|0.0026373863220214
111|55|0.7962962962962963|0.0011603832244873|0.0025742053985595
111|56|0.7870370370370371|0.0011923313140869|0.0026788711547851
111|57|0.8055555555555556|0.0011606216430664|0.0028142929077148
111|58|0.7870370370370371|0.001216173171997|0.0026977062225341
111|59|0.7870370370370371|0.0011937618255615|0.0028350353240966
111|60|0.7870370370370371|0.0012500286102294|0.0027487277984619
111|61|0.7962962962962963|0.0012214183807373|0.0029888153076171
111|62|0.7962962962962963|0.0012643337249755|0.00291109085083
111|63|0.7962962962962963|0.0012154579162597|0.0028581619262695
111|64|0.7962962962962963|0.0012347698211669|0.0030882358551025
111|65|0.8055555555555556|0.0012414455413818|0.0029151439666748
111|66|0.7962962962962963|0.0012545585632324|0.002941608428955
111|67|0.8055555555555556|0.0012388229370117|0.0031063556671142
111|68|0.7962962962962963|0.0012590885162353|0.0031499862670898
111|69|0.7870370370370371|0.0012686252593994|0.0031290054321289
111|70|0.7777777777777778|0.0013513565063476|0.0030634403228759
111|71|0.7870370370370371|0.0013275146484375|0.0033197402954101
111|72|0.7962962962962963|0.0013291835784912|0.0031447410583496
111|73|0.7962962962962963|0.0013339519500732|0.0034127235412597
111|74|0.7962962962962963|0.0013530254364013|0.0033824443817138
111|75|0.7870370370370371|0.0013513565063476|0.0034461021423339
111|76|0.7870370370370371|0.0013675689697265|0.0034828186035156
111|77|0.7870370370370371|0.0013866424560546|0.003274917602539
111|78|0.7870370370370371|0.0013902187347412|0.0034081935882568
111|79|0.7870370370370371|0.001420259475708|0.0033166408538818
111|80|0.8055555555555556|0.0014111995697021|0.0033919811248779
111|81|0.7870370370370371|0.0014481544494628|0.003392219543457
111|82|0.8055555555555556|0.0014243125915527|0.003697395324707
111|83|0.7962962962962963|0.0014550685882568|0.0034363269805908
111|84|0.7962962962962963|0.0014662742614746|0.0036404132843017
111|85|0.7962962962962963|0.0014905929565429|0.0036227703094482
111|86|0.7962962962962963|0.0015027523040771|0.0038225650787353
111|87|0.7962962962962963|0.0015003681182861|0.0036907196044921
111|88|0.7962962962962963|0.001514196395874|0.0037775039672851
111|89|0.7962962962962963|0.0015296936035156|0.0037298202514648
111|90|0.7962962962962963|0.0015425682067871|0.0038268566131591
111|91|0.7962962962962963|0.001572847366333|0.0038902759552001
111|92|0.7962962962962963|0.0015833377838134|0.0038964748382568
111|93|0.7962962962962963|0.001603364944458|0.0037126541137695
111|94|0.7962962962962963|0.0016560554504394|0.004063606262207
111|95|0.7962962962962963|0.0016381740570068|0.0038702487945556
111|96|0.7962962962962963|0.0016925334930419|0.0040245056152343
111|97|0.7962962962962963|0.0016965866088867|0.0041499137878417
111|98|0.7962962962962963|0.0017323493957519|0.0040085315704345
111|99|0.7962962962962963|0.001720905303955|0.004166841506958
111|100|0.7962962962962963|0.0017852783203125|0.0039992332458496
111|101|0.7962962962962963|0.0017650127410888|0.0042483806610107
111|102|0.7962962962962963|0.0017788410186767|0.0039284229278564
111|103|0.7962962962962963|0.0018024444580078|0.0039539337158203
111|104|0.7962962962962963|0.0017609596252441|0.004300832748413
111|105|0.7962962962962963|0.0017757415771484|0.0042309761047363
111|106|0.7962962962962963|0.0017850399017333|0.0043287277221679
111|107|0.7962962962962963|0.001798391342163|0.0039882659912109
111|108|0.7962962962962963|0.0018212795257568|0.0042665004730224
111|109|0.7962962962962963|0.0018048286437988|0.0041728019714355
111|110|0.7962962962962963|0.0017967224121093|0.0043399333953857
111|111|0.7962962962962963|0.0018410682678222|0.004056692123413
111|112|0.7962962962962963|0.0018234252929687|0.0043129920959472
111|113|0.7962962962962963|0.0018301010131835|0.0042951107025146
111|114|0.7962962962962963|0.0018503665924072|0.0042834281921386
111|115|0.7962962962962963|0.0018482208251953|0.0044128894805908
111|116|0.7962962962962963|0.0018553733825683|0.0042831897735595
111|117|0.7962962962962963|0.001880407333374|0.0044355392456054
111|118|0.7962962962962963|0.0018775463104248|0.0044763088226318
111|119|0.7962962962962963|0.0018832683563232|0.0043480396270751
111|120|0.7962962962962963|0.0019338130950927|0.0043690204620361
111|121|0.7962962962962963|0.0018885135650634|0.0045118331909179
111|122|0.7962962962962963|0.0018923282623291|0.0041337013244628
111|123|0.7962962962962963|0.0018963813781738|0.0041725635528564
111|124|0.7962962962962963|0.0019135475158691|0.0043988227844238
111|125|0.7962962962962963|0.0019080638885498|0.004434585571289
111|126|0.7962962962962963|0.0019288063049316|0.0044968128204345
111|127|0.7962962962962963|0.0019538402557373|0.0043299198150634
111|128|0.7962962962962963|0.0019605159759521|0.0044541358947753
111|129|0.7962962962962963|0.0019371509552001|0.0045058727264404
111|130|0.7962962962962963|0.0019474029541015|0.0043280124664306
111|131|0.7962962962962963|0.0019648075103759|0.0045335292816162
111|132|0.7962962962962963|0.0019710063934326|0.0042016506195068
111|133|0.7962962962962963|0.0019607543945312|0.0045604705810546
111|134|0.7962962962962963|0.0019757747650146|0.0045752525329589
111|135|0.7962962962962963|0.0019648075103759|0.0042226314544677
111|136|0.7962962962962963|0.002004861831665|0.0044887065887451
111|137|0.7962962962962963|0.00197434425354|0.0044047832489013
113|20|0.6388888888888888|0.0012412071228027|
113|21|0.6944444444444444|0.0010581016540527|0.0013251304626464
113|22|0.6666666666666666|0.0010499954223632|0.0013458728790283
113|23|0.7129629629629629|0.0009975433349609|0.0013682842254638
113|24|0.7037037037037037|0.0010008811950683|0.0014176368713378
113|25|0.7129629629629629|0.0010349750518798|0.0014700889587402
113|26|0.7314814814814815|0.0010104179382324|0.001518964767456
113|27|0.6944444444444444|0.0010120868682861|0.0015599727630615
113|28|0.75|0.0010087490081787|0.0015966892242431
113|29|0.6944444444444444|0.0010261535644531|0.0016231536865234
113|30|0.7314814814814815|0.0010147094726562|0.0016515254974365
113|31|0.7037037037037037|0.0010302066802978|0.0017247200012207
113|32|0.7314814814814815|0.0010769367218017|0.0018942356109619
113|33|0.7407407407407407|0.0010437965393066|0.0017964839935302
113|34|0.7407407407407407|0.0010700225830078|0.0018103122711181
113|35|0.7222222222222222|0.0010502338409423|0.0018830299377441
113|36|0.7129629629629629|0.0010597705841064|0.0018973350524902
113|37|0.7037037037037037|0.0010595321655273|0.0019407272338867
113|38|0.7314814814814815|0.0010843276977539|0.0019731521606445
113|39|0.75|0.0010738372802734|0.002028465270996
113|40|0.75|0.0010790824890136|0.0020394325256347
113|41|0.75|0.0010957717895507|0.002063512802124
113|42|0.7592592592592593|0.0010900497436523|0.002103567123413
113|43|0.7592592592592593|0.001112937927246|0.0021188259124755
113|44|0.7777777777777778|0.0011143684387207|0.0021731853485107
113|45|0.75|0.0011074542999267|0.0022251605987548
113|46|0.7407407407407407|0.0011162757873535|0.0022211074829101
113|47|0.7592592592592593|0.0011224746704101|0.0022995471954345
113|48|0.7592592592592593|0.0011391639709472|0.0023219585418701
113|49|0.7592592592592593|0.001150369644165|0.0023646354675292
113|50|0.75|0.0011858940124511|0.0023889541625976
113|51|0.7592592592592593|0.0011763572692871|0.0024149417877197
113|52|0.8055555555555556|0.001171588897705|0.002446174621582
113|53|0.7407407407407407|0.0011882781982421|0.0024735927581787
113|54|0.7407407407407407|0.0011913776397705|0.0025227069854736
113|55|0.7592592592592593|0.0012102127075195|0.0025420188903808
113|56|0.7685185185185185|0.0012083053588867|0.0025827884674072
113|57|0.7685185185185185|0.0012309551239013|0.0026140213012695
113|58|0.7592592592592593|0.0012342929840087|0.0026385784149169
113|59|0.7870370370370371|0.001255989074707|0.0026712417602539
113|60|0.7777777777777778|0.0012545585632324|0.0027039051055908
113|61|0.7685185185185185|0.0012969970703125|0.0027472972869873
113|62|0.7685185185185185|0.0012984275817871|0.0027840137481689
113|63|0.7685185185185185|0.0012989044189453|0.0028192996978759
113|64|0.7685185185185185|0.0013151168823242|0.0028533935546875
113|65|0.7685185185185185|0.0013041496276855|0.0028905868530273
113|66|0.75|0.0013284683227539|0.0029296875
113|67|0.75|0.0013124942779541|0.0029411315917968
113|68|0.75|0.0013303756713867|0.0029647350311279
113|69|0.7592592592592593|0.001347541809082|0.0030124187469482
113|70|0.7685185185185185|0.0013539791107177|0.0030336380004882
113|71|0.7685185185185185|0.001378059387207|0.0030465126037597
113|72|0.7777777777777778|0.0014054775238037|0.003110647201538
113|73|0.7685185185185185|0.0013830661773681|0.0031311511993408
113|74|0.7685185185185185|0.0014028549194335|0.0031414031982421
113|75|0.7685185185185185|0.0014235973358154|0.0031700134277343
113|76|0.7777777777777778|0.0014293193817138|0.0032346248626708
113|77|0.7777777777777778|0.0014843940734863|0.0032262802124023
113|78|0.7685185185185185|0.001471996307373|0.0032765865325927
113|79|0.7592592592592593|0.0014886856079101|0.0032868385314941
113|80|0.7592592592592593|0.0014898777008056|0.0033283233642578
113|81|0.7592592592592593|0.0015070438385009|0.0033450126647949
113|82|0.7592592592592593|0.0015134811401367|0.0033903121948242
113|83|0.7592592592592593|0.0015244483947753|0.0034067630767822
113|84|0.7592592592592593|0.0015826225280761|0.0034248828887939
113|85|0.7685185185185185|0.0016305446624755|0.0034844875335693
113|86|0.7592592592592593|0.0015907287597656|0.003509521484375
113|87|0.7685185185185185|0.0016176700592041|0.0035452842712402
113|88|0.7685185185185185|0.0016334056854248|0.0035600662231445
113|89|0.7685185185185185|0.0016331672668457|0.0036273002624511
113|90|0.7685185185185185|0.0016546249389648|0.0036013126373291
113|91|0.7685185185185185|0.0017223358154296|0.0036239624023437
113|92|0.7685185185185185|0.0017242431640625|0.0036699771881103
113|93|0.7685185185185185|0.0017511844635009|0.0036792755126953
113|94|0.7685185185185185|0.0017697811126708|0.003706932067871
113|95|0.7592592592592593|0.0028748512268066|0.0069193840026855
113|96|0.7592592592592593|0.0018346309661865|0.0038025379180908
113|97|0.7592592592592593|0.0018281936645507|0.0037877559661865
113|98|0.7592592592592593|0.0018515586853027|0.0038192272186279
113|99|0.7592592592592593|0.0019106864929199|0.0038275718688964
113|100|0.7592592592592593|0.0018782615661621|0.0038888454437255
113|101|0.7592592592592593|0.0018770694732666|0.0038497447967529
113|102|0.7592592592592593|0.0018625259399414|0.0038859844207763
113|103|0.75|0.0018737316131591|0.0039317607879638
113|104|0.75|0.0018501281738281|0.0039196014404296
113|105|0.75|0.0018622875213623|0.0039677619934082
113|106|0.75|0.00189208984375|0.0039496421813964
113|107|0.75|0.0018885135650634|0.0040245056152343
113|108|0.75|0.0018754005432128|0.0039668083190917
113|109|0.75|0.0018928050994873|0.0040547847747802
113|110|0.75|0.0019230842590332|0.0039961338043212
113|111|0.75|0.0019311904907226|0.0040268898010253
113|112|0.75|0.0019214153289794|0.0040309429168701
113|113|0.75|0.0019371509552001|0.0040462017059326
113|114|0.75|0.0019514560699462|0.0040340423583984
113|115|0.75|0.0019824504852294|0.0040593147277832
113|116|0.75|0.0019807815551757|0.0040562152862548
113|117|0.75|0.0019478797912597|0.0040845870971679
113|118|0.75|0.0019664764404296|0.0041160583496093
113|119|0.75|0.0020198822021484|0.0041368007659912
113|120|0.75|0.0019867420196533|0.0040733814239501
113|121|0.75|0.0020184516906738|0.0041079521179199
113|122|0.75|0.0020148754119873|0.0040781497955322
113|123|0.75|0.0020420551300048|0.0041086673736572
113|124|0.75|0.0020656585693359|0.0040895938873291
113|125|0.75|0.0020375251770019|0.0041184425354003
113|126|0.75|0.0021126270294189|0.0041103363037109
113|127|0.75|0.0021095275878906|0.0041413307189941
113|128|0.75|0.0021224021911621|0.0041723251342773
113|129|0.75|0.0021088123321533|0.0041313171386718
113|130|0.75|0.0021190643310546|0.0041589736938476
113|131|0.75|0.0021333694458007|0.0041570663452148
113|132|0.75|0.0021347999572753|0.0041754245758056
113|133|0.75|0.0021235942840576|0.0041608810424804
113|134|0.75|0.0021407604217529|0.0041849613189697
113|135|0.75|0.0021750926971435|0.0041704177856445
113|136|0.75|0.0021173954010009|0.0041766166687011
113|137|0.75|0.0021603107452392|0.0042047500610351
113|138|0.75|0.0021355152130126|0.0041770935058593
113|139|0.75|0.0021517276763916|0.0042083263397216
113|140|0.75|0.0021772384643554|0.0041885375976562
113|141|0.75|0.0021655559539794|0.0042235851287841
113|142|0.75|0.002213716506958|0.0042119026184082
113|143|0.75|0.0021829605102539|0.0042376518249511
113|144|0.75|0.0022144317626953|0.0042247772216796
113|145|0.75|0.0022153854370117|0.0042407512664794
113|146|0.75|0.0022296905517578|0.0042765140533447
113|147|0.75|0.0022242069244384|0.0042486190795898
113|148|0.75|0.0022187232971191|0.0042603015899658
112|139|0.7592592592592593|0.002016544342041|0.0042488574981689
112|140|0.7592592592592593|0.0020043849945068|0.0042948722839355
112|141|0.7592592592592593|0.0020129680633544|0.0044255256652832
112|142|0.7592592592592593|0.0020575523376464|0.0048344135284423
112|143|0.7592592592592593|0.00213623046875|0.0043232440948486
112|144|0.7592592592592593|0.002108097076416|0.0043885707855224
112|145|0.7592592592592593|0.0021121501922607|0.0044784545898437
112|146|0.7592592592592593|0.0021121501922607|0.0044734477996826
112|147|0.7592592592592593|0.0021212100982666|0.0043511390686035
112|148|0.7592592592592593|0.0021040439605712|0.0044877529144287
112|149|0.7592592592592593|0.0021193027496337|0.0043435096740722
112|150|0.7592592592592593|0.0021212100982666|0.0043931007385253
112|151|0.7592592592592593|0.0021259784698486|0.0047354698181152
112|152|0.7592592592592593|0.0021328926086425|0.0044441223144531
112|153|0.7592592592592593|0.0021600723266601|0.0043447017669677
112|154|0.7592592592592593|0.002190351486206|0.0045990943908691
112|155|0.7592592592592593|0.0021560192108154|0.0043632984161376
112|156|0.7592592592592593|0.0021765232086181|0.0043542385101318
112|157|0.7592592592592593|0.0022025108337402|0.0043752193450927
112|158|0.7592592592592593|0.0021824836730957|0.0043480396270751
112|159|0.7592592592592593|0.0021936893463134|0.0044014453887939
112|160|0.7592592592592593|0.0025031566619873|0.004462718963623
112|161|0.7592592592592593|0.0022332668304443|0.0043540000915527
112|162|0.7592592592592593|0.00223970413208|0.0043520927429199
115|138|0.8425925925925926|0.0021395683288574|0.0045909881591796
115|139|0.8425925925925926|0.0021383762359619|0.0045258998870849
115|140|0.8425925925925926|0.002131700515747|0.0044810771942138
115|141|0.8425925925925926|0.0021469593048095|0.0044238567352294
115|142|0.8425925925925926|0.0021398067474365|0.0044696331024169
115|143|0.8425925925925926|0.0021533966064453|0.004523754119873
115|144|0.8425925925925926|0.0021872520446777|0.0045235157012939
115|145|0.8425925925925926|0.0021851062774658|0.0044424533843994
115|146|0.8425925925925926|0.0021815299987792|0.0044875144958496
115|147|0.8425925925925926|0.0021896362304687|0.0045926570892333
115|148|0.8425925925925926|0.002197265625|0.004634141921997
115|149|0.8425925925925926|0.002199649810791|0.0045790672302246
115|150|0.8425925925925926|0.0022063255310058|0.0045111179351806
115|151|0.8425925925925926|0.0022218227386474|0.0044939517974853
115|152|0.8425925925925926|0.0022199153900146|0.0045118331909179
115|153|0.8425925925925926|0.0022237300872802|0.0045232772827148
115|154|0.8425925925925926|0.0022599697113037|0.0045738220214843
115|155|0.8425925925925926|0.002281904220581|0.0045421123504638
115|156|0.8425925925925926|0.0022766590118408|0.0045685768127441
115|157|0.8425925925925926|0.0022752285003662|0.0046756267547607
115|158|0.8425925925925926|0.002307653427124|0.0045137405395507
115|159|0.8425925925925926|0.0022978782653808|0.0045206546783447
115|160|0.8425925925925926|0.0023953914642333|0.0045435428619384
115|161|0.8425925925925926|0.0034465789794921|0.0062329769134521
115|162|0.8425925925925926|0.002486228942871|0.0045461654663085
114|138|0.8518518518518519|0.0021274089813232|0.0044691562652587
114|139|0.8518518518518519|0.0021383762359619|0.0045881271362304
114|140|0.8518518518518519|0.0021157264709472|0.0043203830718994
114|141|0.8518518518518519|0.0021281242370605|0.0045340061187744
114|142|0.8518518518518519|0.0021321773529052|0.0044863224029541
114|143|0.8518518518518519|0.0021531581878662|0.0043666362762451
114|144|0.8518518518518519|0.0021533966064453|0.0044662952423095
114|145|0.8518518518518519|0.0021858215332031|0.0048236846923828
114|146|0.8518518518518519|0.0021679401397705|0.0044140815734863
114|147|0.8518518518518519|0.0021955966949462|0.0044176578521728
114|148|0.8518518518518519|0.0021777153015136|0.0047461986541748
114|149|0.8518518518518519|0.0021910667419433|0.0044114589691162
114|150|0.8518518518518519|0.0022096633911132|0.0046854019165039
114|151|0.8518518518518519|0.0022094249725341|0.0045080184936523
114|152|0.8518518518518519|0.0022192001342773|0.0044038295745849
114|153|0.8518518518518519|0.002253770828247|0.004739761352539
114|154|0.8518518518518519|0.0022282600402832|0.0046272277832031
114|155|0.8518518518518519|0.002237319946289|0.0047535896301269
114|156|0.8518518518518519|0.0022530555725097|0.0049915313720703
114|157|0.8518518518518519|0.0022814273834228|0.0044779777526855
114|158|0.8518518518518519|0.0025243759155273|0.0046455860137939
114|159|0.8518518518518519|0.0023152828216552|0.0044116973876953
114|160|0.8518518518518519|0.002406358718872|0.0045406818389892
114|161|0.8518518518518519|0.0024676322937011|0.0044367313385009
114|162|0.8518518518518519|0.0024964809417724|0.0048780441284179
113|149|0.75|0.0022327899932861|0.0042891502380371
113|150|0.75|0.0022239685058593|0.0042729377746582
113|151|0.75|0.0022192001342773|0.004270315170288
113|152|0.75|0.0023038387298583|0.004260778427124
113|153|0.75|0.0022847652435302|0.0042815208435058
113|154|0.75|0.002335786819458|0.0042836666107177
113|155|0.75|0.0023527145385742|0.0042626857757568
113|156|0.75|0.0023481845855712|0.0042834281921386
113|157|0.75|0.0023815631866455|0.0042712688446044
113|158|0.75|0.0023362636566162|0.0042719841003417
113|159|0.75|0.0023579597473144|0.0042874813079833
113|160|0.75|0.0023779869079589|0.0042676925659179
113|161|0.75|0.0023396015167236|0.0043232440948486
113|162|0.75|0.0023438930511474|0.0042870044708251
110|138|0.7685185185185185|0.0019221305847167|0.0043060779571533
110|139|0.7685185185185185|0.0019588470458984|0.0043807029724121
110|140|0.7685185185185185|0.0019574165344238|0.0043401718139648
110|141|0.7685185185185185|0.0019536018371582|0.0042424201965332
110|142|0.7685185185185185|0.0019726753234863|0.0044114589691162
110|143|0.7685185185185185|0.0019638538360595|0.0044190883636474
110|144|0.7685185185185185|0.0019857883453369|0.0043990612030029
110|145|0.7685185185185185|0.0019726753234863|0.0044174194335937
110|146|0.7777777777777778|0.0020523071289062|0.0044221878051757
110|147|0.7777777777777778|0.0020496845245361|0.0044422149658203
110|148|0.7777777777777778|0.0020227432250976|0.0045680999755859
110|149|0.7777777777777778|0.0020506381988525|0.0044963359832763
110|150|0.7777777777777778|0.0020508766174316|0.0043671131134033
110|151|0.7777777777777778|0.0020687580108642|0.004695177078247
110|152|0.7777777777777778|0.0020651817321777|0.0043692588806152
110|153|0.7777777777777778|0.0020689964294433|0.0044939517974853
110|154|0.7777777777777778|0.0037240982055664|0.0044825077056884
110|155|0.7777777777777778|0.0021157264709472|0.0044562816619873
110|156|0.7777777777777778|0.0021173954010009|0.0044765472412109
110|157|0.7777777777777778|0.0022597312927246|0.0044305324554443
110|158|0.7777777777777778|0.0023102760314941|0.004523754119873
110|159|0.7777777777777778|0.0022826194763183|0.0046801567077636
110|160|0.7777777777777778|0.0022182464599609|0.0044362545013427
110|161|0.7777777777777778|0.0023183822631835|0.004493236541748
110|162|0.7777777777777778|0.0023193359375|0.0044808387756347
116|138|0.8611111111111112|0.0022337436676025|0.004603624343872
116|139|0.8611111111111112|0.0022559165954589|0.0043506622314453
116|140|0.8611111111111112|0.002291202545166|0.0044422149658203
116|141|0.8611111111111112|0.0022721290588378|0.0045793056488037
116|142|0.8611111111111112|0.0022690296173095|0.004352331161499
116|143|0.8611111111111112|0.0022733211517333|0.0045597553253173
116|144|0.8611111111111112|0.0023255348205566|0.0044517517089843
116|145|0.8611111111111112|0.0023548603057861|0.0047152042388916
116|146|0.8611111111111112|0.0023467540740966|0.004615306854248
116|147|0.8611111111111112|0.0023398399353027|0.0047469139099121
116|148|0.8611111111111112|0.0023365020751953|0.0044207572937011
116|149|0.8611111111111112|0.0023648738861083|0.0046474933624267
116|150|0.8611111111111112|0.0023515224456787|0.0047528743743896
116|151|0.8611111111111112|0.002345323562622|0.0044217109680175
116|152|0.8611111111111112|0.0023715496063232|0.0046534538269042
116|153|0.8611111111111112|0.0023858547210693|0.0044069290161132
116|154|0.8611111111111112|0.0023648738861083|0.004427433013916
116|155|0.8611111111111112|0.0023736953735351|0.0047388076782226
116|156|0.8611111111111112|0.0023810863494873|0.0043981075286865
116|157|0.8611111111111112|0.0023961067199707|0.0044186115264892
116|158|0.8611111111111112|0.0034873485565185|0.0059564113616943
116|159|0.8611111111111112|0.0024409294128417|0.0046257972717285
116|160|0.8611111111111112|0.0024712085723876|0.0046100616455078
116|161|0.8611111111111112|0.0024755001068115|0.0044124126434326
116|162|0.8611111111111112|0.00250244140625|0.0046274662017822
117|138|0.8333333333333334|0.0022346973419189|0.0043737888336181
117|139|0.8333333333333334|0.0022330284118652|0.004368782043457
117|140|0.8333333333333334|0.0022366046905517|0.0043516159057617
117|141|0.8333333333333334|0.0022673606872558|0.0043294429779052
117|142|0.8333333333333334|0.0022633075714111|0.0044374465942382
117|143|0.8333333333333334|0.0035560131072998|0.0078697204589843
117|144|0.8333333333333334|0.0023379325866699|0.0044398307800292
117|145|0.8333333333333334|0.002371072769165|0.0044190883636474
117|146|0.8333333333333334|0.0023493766784667|0.0043559074401855
117|147|0.8333333333333334|0.0023696422576904|0.0045802593231201
117|148|0.8333333333333334|0.002342939376831|0.0043551921844482
117|149|0.8333333333333334|0.0022742748260498|0.0043578147888183
117|150|0.8333333333333334|0.0022897720336914|0.0044479370117187
117|151|0.8333333333333334|0.0023293495178222|0.0043883323669433
117|152|0.8333333333333334|0.0023062229156494|0.004361867904663
117|153|0.8333333333333334|0.0023295879364013|0.0045118331909179
117|154|0.8333333333333334|0.0023531913757324|0.0043864250183105
117|155|0.8333333333333334|0.0023512840270996|0.0043699741363525
117|156|0.8333333333333334|0.0023467540740966|0.0043871402740478
117|157|0.8333333333333334|0.0026712417602539|0.0044848918914794
117|158|0.8333333333333334|0.0024316310882568|0.0043897628784179
117|159|0.8333333333333334|0.0024840831756591|0.0043747425079345
117|160|0.8333333333333334|0.0024957656860351|0.0044329166412353
117|161|0.8333333333333334|0.002568244934082|0.00462007522583
117|162|0.8333333333333334|0.0026264190673828|0.0044357776641845
118|138|0.8425925925925926|0.0023956298828125|0.0043942928314208
118|139|0.8425925925925926|0.0023605823516845|0.0043976306915283
118|140|0.8425925925925926|0.0023794174194335|0.004418134689331
118|141|0.8425925925925926|0.0024282932281494|0.004396915435791
118|142|0.8425925925925926|0.0023658275604248|0.0046448707580566
118|143|0.8425925925925926|0.0023484230041503|0.004413366317749
118|144|0.8425925925925926|0.0023601055145263|0.0044307708740234
118|145|0.8425925925925926|0.0023639202117919|0.004401683807373
118|146|0.8425925925925926|0.0023858547210693|0.0044233798980712
118|147|0.8425925925925926|0.0023715496063232|0.0044300556182861
118|148|0.8425925925925926|0.0024125576019287|0.0045764446258544
118|149|0.8425925925925926|0.0023882389068603|0.0044171810150146
118|150|0.8425925925925926|0.0024142265319824|0.0044324398040771
118|151|0.8425925925925926|0.0024354457855224|0.0045373439788818
118|152|0.8425925925925926|0.0024287700653076|0.0044302940368652
118|153|0.8425925925925926|0.0024478435516357|0.0044689178466796
118|154|0.8425925925925926|0.0027515888214111|0.0047245025634765
118|155|0.8425925925925926|0.0025370121002197|0.0044498443603515
118|156|0.8425925925925926|0.0025215148925781|0.004434585571289
118|157|0.8425925925925926|0.002509593963623|0.004594087600708
118|158|0.8425925925925926|0.0025782585144042|0.0044724941253662
118|159|0.8425925925925926|0.0026378631591796|0.0044808387756347
118|160|0.8425925925925926|0.0026888847351074|0.0044794082641601
118|161|0.8425925925925926|0.0026788711547851|0.0044913291931152
118|162|0.8425925925925926|0.0026495456695556|0.0044863224029541
119|138|0.8518518518518519|0.0021026134490966|0.0044617652893066
119|139|0.8518518518518519|0.0021107196807861|0.0044293403625488
119|140|0.8518518518518519|0.0021233558654785|0.0044128894805908
119|141|0.8518518518518519|0.0021224021911621|0.0048961639404296
119|142|0.8518518518518519|0.0021309852600097|0.00441575050354
119|143|0.8518518518518519|0.0021419525146484|0.0044279098510742
119|144|0.8518518518518519|0.0021479129791259|0.0044941902160644
119|145|0.8518518518518519|0.0021591186523437|0.0044808387756347
119|146|0.8518518518518519|0.0021653175354003|0.0044078826904296
119|147|0.8518518518518519|0.0021870136260986|0.0044136047363281
119|148|0.8518518518518519|0.0021793842315673|0.0048580169677734
119|149|0.8518518518518519|0.0021677017211914|0.0044081211090087
119|150|0.8518518518518519|0.00217866897583|0.0044515132904052
119|151|0.8518518518518519|0.0021874904632568|0.0044586658477783
119|152|0.8518518518518519|0.0023012161254882|0.0044984817504882
119|153|0.8518518518518519|0.002354621887207|0.004457950592041
119|154|0.8518518518518519|0.0024003982543945|0.0045726299285888
119|155|0.8518518518518519|0.0033204555511474|0.0060994625091552
119|156|0.8518518518518519|0.0024352073669433|0.0055649280548095
119|157|0.8518518518518519|0.0024313926696777|0.0045428276062011
119|158|0.8518518518518519|0.002518892288208|0.004448652267456
119|159|0.8518518518518519|0.0024495124816894|0.0045487880706787
119|160|0.8518518518518519|0.0023190975189208|0.0042815208435058
119|161|0.8518518518518519|0.002295970916748|0.0042967796325683
119|162|0.8518518518518519|0.002145767211914|0.0042598247528076
111|138|0.7962962962962963|0.0019848346710205|0.0045936107635498
111|139|0.7962962962962963|0.0020289421081542|0.0044894218444824
111|140|0.7962962962962963|0.0019927024841308|0.0045018196105957
111|141|0.7962962962962963|0.0020372867584228|0.0042929649353027
111|142|0.7962962962962963|0.0020039081573486|0.004251480102539
111|143|0.7962962962962963|0.0020160675048828|0.0043926239013671
111|144|0.7962962962962963|0.0020408630371093|0.0045714378356933
111|145|0.7962962962962963|0.002023696899414|0.0042974948883056
111|146|0.7962962962962963|0.0020844936370849|0.0044395923614501
111|147|0.8055555555555556|0.0021638870239257|0.0046405792236328
111|148|0.8055555555555556|0.0021905899047851|0.0045886039733886
111|149|0.8055555555555556|0.0022258758544921|0.0043227672576904
111|150|0.8055555555555556|0.0026290416717529|0.0046658515930175
111|151|0.8055555555555556|0.0023744106292724|0.0044097900390625
111|152|0.8055555555555556|0.0024061203002929|0.0043873786926269
111|153|0.8055555555555556|0.0023713111877441|0.0043489933013916
111|154|0.8055555555555556|0.0024662017822265|0.0046768188476562
111|155|0.8055555555555556|0.002509593963623|0.0046420097351074
111|156|0.8055555555555556|0.0026009082794189|0.0044770240783691
111|157|0.8055555555555556|0.00258469581604|0.0045537948608398
111|158|0.8055555555555556|0.0023286342620849|0.0043947696685791
111|159|0.8055555555555556|0.0024135112762451|0.0042886734008789
111|160|0.8055555555555556|0.0023632049560546|0.00439453125
111|161|0.8055555555555556|0.0020947456359863|0.0042634010314941
111|162|0.8055555555555556|0.0022222995758056|0.004129409790039
120|20|0.6851851851851852|0.0012869834899902|
120|21|0.7962962962962963|0.0009922981262207|0.0013554096221923
120|22|0.7314814814814815|0.0010089874267578|0.0014050006866455
120|23|0.75|0.0010056495666503|0.0014004707336425
120|24|0.6759259259259259|0.0009937286376953|0.0014188289642333
120|25|0.6574074074074074|0.0009832382202148|0.0014605522155761
120|26|0.6574074074074074|0.0009827613830566|0.0015251636505126
120|27|0.6944444444444444|0.0009925365447998|0.0015480518341064
120|28|0.75|0.0009939670562744|0.0017099380493164
120|29|0.8240740740740741|0.0010011196136474|0.001659870147705
120|30|0.8425925925925926|0.0009984970092773|0.0016663074493408
120|31|0.8425925925925926|0.0010015964508056|0.0017142295837402
120|32|0.8611111111111112|0.0010085105895996|0.0017640590667724
120|33|0.8240740740740741|0.0009937286376953|0.0017931461334228
120|34|0.7777777777777778|0.0010161399841308|0.0018138885498046
120|35|0.7962962962962963|0.0010175704956054|0.0018644332885742
120|36|0.7870370370370371|0.0010595321655273|0.0020363330841064
120|37|0.8055555555555556|0.0010099411010742|0.0019378662109375
120|38|0.7870370370370371|0.0010795593261718|0.0020186901092529
120|39|0.7962962962962963|0.0010514259338378|0.0020403861999511
120|40|0.7962962962962963|0.0011045932769775|0.0020496845245361
120|41|0.7870370370370371|0.0010433197021484|0.0020802021026611
120|42|0.7870370370370371|0.001089334487915|0.0021615028381347
120|43|0.7870370370370371|0.0010602474212646|0.0021519660949707
120|44|0.8055555555555556|0.0010817050933837|0.0022006034851074
120|45|0.7870370370370371|0.001075267791748|0.0022432804107666
120|46|0.7962962962962963|0.0011110305786132|0.0022604465484619
120|47|0.7962962962962963|0.0010781288146972|0.0023095607757568
120|48|0.8055555555555556|0.0011305809020996|0.0023601055145263
120|49|0.8148148148148148|0.0010812282562255|0.0023815631866455
120|50|0.8055555555555556|0.0011227130889892|0.0023949146270751
120|51|0.8148148148148148|0.0011243820190429|0.0024209022521972
120|52|0.8240740740740741|0.0011522769927978|0.0024845600128173
120|53|0.8055555555555556|0.0011193752288818|0.0024902820587158
120|54|0.7870370370370371|0.0011532306671142|0.0025246143341064
120|55|0.7777777777777778|0.0011610984802246|0.002723217010498
120|56|0.7870370370370371|0.0011968612670898|0.002690315246582
120|57|0.7962962962962963|0.0011754035949707|0.002634048461914
120|58|0.7962962962962963|0.001197338104248|0.0026588439941406
120|59|0.7870370370370371|0.0011909008026123|0.0028028488159179
120|60|0.7870370370370371|0.0012280941009521|0.002770185470581
120|61|0.8055555555555556|0.0011966228485107|0.0027904510498046
120|62|0.8148148148148148|0.0012273788452148|0.0028116703033447
120|63|0.8240740740740741|0.0012025833129882|0.0028293132781982
120|64|0.8333333333333334|0.0012247562408447|0.0028421878814697
120|65|0.8425925925925926|0.0012285709381103|0.0028913021087646
120|66|0.8425925925925926|0.0012309551239013|0.0029270648956298
120|67|0.8333333333333334|0.0012471675872802|0.0029513835906982
120|68|0.8518518518518519|0.0012433528900146|0.0029735565185546
120|69|0.8518518518518519|0.0012557506561279|0.0030028820037841
120|70|0.8611111111111112|0.0012762546539306|0.0030393600463867
120|71|0.8518518518518519|0.0012762546539306|0.0030872821807861
120|72|0.8425925925925926|0.0012824535369873|0.0031037330627441
120|73|0.8425925925925926|0.0013124942779541|0.0031642913818359
120|74|0.8333333333333334|0.001317024230957|0.0033767223358154
120|75|0.8518518518518519|0.0013527870178222|0.0032463073730468
120|76|0.8518518518518519|0.0013306140899658|0.0032296180725097
120|77|0.8425925925925926|0.0013666152954101|0.0032486915588378
120|78|0.8518518518518519|0.0013601779937744|0.0032942295074462
120|79|0.8518518518518519|0.0013835430145263|0.003436803817749
120|80|0.8518518518518519|0.0014047622680664|0.0034091472625732
120|81|0.8518518518518519|0.0014300346374511|0.0033800601959228
120|82|0.8425925925925926|0.0014233589172363|0.0033864974975585
120|83|0.8425925925925926|0.001455545425415|0.0034496784210205
120|84|0.8425925925925926|0.0014622211456298|0.0035910606384277
120|85|0.8425925925925926|0.0014896392822265|0.0034656524658203
120|86|0.8425925925925926|0.0014827251434326|0.0037519931793212
120|87|0.8425925925925926|0.0015149116516113|0.0035202503204345
120|88|0.8425925925925926|0.0015206336975097|0.0035243034362792
120|89|0.8425925925925926|0.0015320777893066|0.0035877227783203
120|90|0.8425925925925926|0.0015513896942138|0.0035927295684814
120|91|0.8425925925925926|0.0015668869018554|0.0036268234252929
120|92|0.8333333333333334|0.0015637874603271|0.0036611557006835
120|93|0.8333333333333334|0.0015792846679687|0.0036792755126953
120|94|0.8333333333333334|0.001603364944458|0.0036940574645996
120|95|0.8333333333333334|0.0016188621520996|0.0037322044372558
120|96|0.8333333333333334|0.0016298294067382|0.0037746429443359
120|97|0.8333333333333334|0.0016603469848632|0.0037758350372314
120|98|0.8333333333333334|0.0016641616821289|0.0038161277770996
120|99|0.8333333333333334|0.0016796588897705|0.0038270950317382
120|100|0.8333333333333334|0.0016875267028808|0.0038576126098632
120|101|0.8333333333333334|0.0016868114471435|0.0038740634918212
120|102|0.8333333333333334|0.0017457008361816|0.0039319992065429
120|103|0.8333333333333334|0.0017387866973876|0.0039753913879394
120|104|0.8333333333333334|0.0017592906951904|0.0039072036743164
120|105|0.8333333333333334|0.0017573833465576|0.0039334297180175
120|106|0.8333333333333334|0.001772403717041|0.0040159225463867
120|107|0.8333333333333334|0.0017683506011962|0.0039453506469726
120|108|0.8333333333333334|0.001786470413208|0.0039553642272949
120|109|0.8333333333333334|0.0017950534820556|0.0039825439453125
120|110|0.8333333333333334|0.0017900466918945|0.0039694309234619
120|111|0.8333333333333334|0.0018019676208496|0.0039842128753662
120|112|0.8333333333333334|0.0018055438995361|0.0039923191070556
120|113|0.8333333333333334|0.0018913745880126|0.004007339477539
120|114|0.8333333333333334|0.0018298625946044|0.0040156841278076
120|115|0.8333333333333334|0.0018725395202636|0.0040230751037597
120|116|0.8333333333333334|0.0018446445465087|0.0040485858917236
120|117|0.8333333333333334|0.0018773078918457|0.0040564537048339
120|118|0.8333333333333334|0.0018620491027832|0.0041389465332031
120|119|0.8333333333333334|0.0018832683563232|0.0040955543518066
120|120|0.8333333333333334|0.0018754005432128|0.0040819644927978
120|121|0.8333333333333334|0.0018815994262695|0.0041422843933105
120|122|0.8333333333333334|0.0018894672393798|0.0041086673736572
120|123|0.8333333333333334|0.00189208984375|0.0041089057922363
120|124|0.8333333333333334|0.0018637180328369|0.0041146278381347
120|125|0.8333333333333334|0.0018637180328369|0.004117727279663
120|126|0.8333333333333334|0.0018777847290039|0.0041275024414062
120|127|0.8333333333333334|0.0018978118896484|0.0041322708129882
120|128|0.8333333333333334|0.0019960403442382|0.0042116641998291
120|129|0.8333333333333334|0.0019009113311767|0.0041496753692626
120|130|0.8333333333333334|0.0019028186798095|0.0041759014129638
120|131|0.8333333333333334|0.0019440650939941|0.0041644573211669
120|132|0.8333333333333334|0.0019891262054443|0.0042076110839843
120|133|0.8333333333333334|0.0019922256469726|0.0042054653167724
120|134|0.8333333333333334|0.0019817352294921|0.004206895828247
120|135|0.8333333333333334|0.001990795135498|0.0042266845703125
120|136|0.8333333333333334|0.0019943714141845|0.0042335987091064
120|137|0.8333333333333334|0.0020017623901367|0.004235029220581
122|20|0.5555555555555556|0.0012774467468261|
122|21|0.6296296296296297|0.000950813293457|0.0013227462768554
122|22|0.6759259259259259|0.001000165939331|0.0013754367828369
122|23|0.6388888888888888|0.0009756088256835|0.0014009475708007
122|24|0.6944444444444444|0.000990867614746|0.001378059387207
122|25|0.7962962962962963|0.0009670257568359|0.0014958381652832
122|26|0.75|0.000969648361206|0.0015704631805419
122|27|0.7037037037037037|0.0009675025939941|0.0015277862548828
122|28|0.7592592592592593|0.0010101795196533|0.0015757083892822
122|29|0.8055555555555556|0.0009787082672119|0.0016093254089355
122|30|0.7962962962962963|0.0009996891021728|0.0017201900482177
122|31|0.8055555555555556|0.0009877681732177|0.0017628669738769
122|32|0.7870370370370371|0.0010089874267578|0.0017321109771728
122|33|0.7592592592592593|0.0009753704071044|0.0017757415771484
122|34|0.7685185185185185|0.0009996891021728|0.0018696784973144
122|35|0.75|0.0010228157043457|0.0018203258514404
122|36|0.75|0.0010285377502441|0.0020146369934082
122|37|0.7592592592592593|0.0010223388671875|0.0020463466644287
122|38|0.7777777777777778|0.0010573863983154|0.0019454956054687
122|39|0.8240740740740741|0.0010290145874023|0.0020456314086914
122|40|0.8148148148148148|0.0010724067687988|0.0020792484283447
122|41|0.8518518518518519|0.0010483264923095|0.0021452903747558
122|42|0.8518518518518519|0.0010602474212646|0.0021650791168212
122|43|0.8425925925925926|0.0010371208190917|0.002148151397705
122|44|0.8703703703703703|0.0010848045349121|0.0022809505462646
122|45|0.8425925925925926|0.0010790824890136|0.0022857189178466
122|46|0.8611111111111112|0.001115083694458|0.0023331642150878
122|47|0.8518518518518519|0.0010786056518554|0.0023138523101806
122|48|0.8240740740740741|0.0011355876922607|0.0023460388183593
122|49|0.8333333333333334|0.0010976791381835|0.0024576187133789
122|50|0.8611111111111112|0.0011346340179443|0.0024874210357666
122|51|0.8796296296296297|0.0011177062988281|0.0025861263275146
122|52|0.8611111111111112|0.0011525154113769|0.0024960041046142
122|53|0.8611111111111112|0.0011496543884277|0.0025343894958496
122|54|0.8611111111111112|0.0011839866638183|0.0026249885559082
122|55|0.8518518518518519|0.0011518001556396|0.0026428699493408
122|56|0.8425925925925926|0.0011870861053466|0.0026884078979492
122|57|0.8611111111111112|0.0011584758758544|0.002732515335083
122|58|0.8611111111111112|0.0012128353118896|0.0027031898498535
122|59|0.8611111111111112|0.0011744499206542|0.0028548240661621
122|60|0.8611111111111112|0.0012354850769042|0.0027244091033935
122|61|0.8796296296296297|0.0011806488037109|0.0027830600738525
122|62|0.8796296296296297|0.0012300014495849|0.0028162002563476
122|63|0.8611111111111112|0.0011806488037109|0.0029406547546386
122|64|0.8611111111111112|0.0012028217315673|0.0028789043426513
122|65|0.8703703703703703|0.0012059211730957|0.0029940605163574
122|66|0.8703703703703703|0.001230239868164|0.0028905868530273
122|67|0.8611111111111112|0.0012257099151611|0.0031249523162841
122|68|0.8611111111111112|0.0012362003326416|0.0029618740081787
122|69|0.8703703703703703|0.0012533664703369|0.003105878829956
122|70|0.8703703703703703|0.0012638568878173|0.0031595230102539
122|71|0.8703703703703703|0.0012638568878173|0.0032269954681396
122|72|0.8703703703703703|0.0014011859893798|0.0033063888549804
122|73|0.8703703703703703|0.0013129711151123|0.0032041072845458
122|74|0.8611111111111112|0.0012965202331542|0.0031399726867675
122|75|0.8518518518518519|0.0013375282287597|0.003293752670288
122|76|0.8611111111111112|0.0013530254364013|0.0032958984375
122|77|0.8796296296296297|0.0013694763183593|0.0034513473510742
122|78|0.8703703703703703|0.0013582706451416|0.0034949779510498
122|79|0.8611111111111112|0.0013830661773681|0.0032870769500732
122|80|0.8611111111111112|0.0013871192932128|0.0033843517303466
122|81|0.8611111111111112|0.0014009475708007|0.0034236907958984
122|82|0.8518518518518519|0.0014319419860839|0.0036234855651855
122|83|0.8611111111111112|0.001439094543457|0.0034492015838623
122|84|0.8333333333333334|0.0014591217041015|0.0034198760986328
122|85|0.8425925925925926|0.0014958381652832|0.0035502910614013
122|86|0.8518518518518519|0.0015060901641845|0.0037894248962402
122|87|0.8518518518518519|0.0014915466308593|0.0038018226623535
122|88|0.8518518518518519|0.0015013217926025|0.003772497177124
122|89|0.8518518518518519|0.0015375614166259|0.003873586654663
122|90|0.8611111111111112|0.0015161037445068|0.0038897991180419
122|91|0.8425925925925926|0.0015439987182617|0.003720998764038
122|92|0.8611111111111112|0.0015866756439208|0.0036673545837402
122|93|0.8611111111111112|0.0015695095062255|0.0039467811584472
122|94|0.8611111111111112|0.0015757083892822|0.0038478374481201
122|95|0.8611111111111112|0.0016241073608398|0.0039749145507812
122|96|0.8611111111111112|0.0016279220581054|0.0039677619934082
122|97|0.8611111111111112|0.0016376972198486|0.0038063526153564
122|98|0.8611111111111112|0.001652717590332|0.0040833950042724
122|99|0.8611111111111112|0.0016655921936035|0.0041530132293701
122|100|0.8611111111111112|0.001694917678833|0.0042822360992431
122|101|0.8611111111111112|0.001694917678833|0.0038671493530273
122|102|0.8611111111111112|0.0017523765563964|0.0039966106414794
122|103|0.8611111111111112|0.0017299652099609|0.0039846897125244
122|104|0.8611111111111112|0.0017879009246826|0.0040719509124755
122|105|0.8611111111111112|0.0017521381378173|0.0040864944458007
122|106|0.8611111111111112|0.0017883777618408|0.0039923191070556
122|107|0.8611111111111112|0.0018181800842285|0.004408836364746
122|108|0.8611111111111112|0.0018482208251953|0.0040550231933593
122|109|0.8611111111111112|0.0018434524536132|0.0041098594665527
122|110|0.8611111111111112|0.0018584728240966|0.0043807029724121
122|111|0.8611111111111112|0.0018928050994873|0.0043087005615234
122|112|0.8611111111111112|0.0019483566284179|0.0041892528533935
122|113|0.8611111111111112|0.0019092559814453|0.0042026042938232
122|114|0.8611111111111112|0.0019638538360595|0.0045175552368164
122|115|0.8611111111111112|0.0019299983978271|0.0046186447143554
122|116|0.8611111111111112|0.0019364356994628|0.0042178630828857
122|117|0.8611111111111112|0.0019407272338867|0.0042166709899902
122|118|0.8611111111111112|0.0019543170928955|0.0045204162597656
122|119|0.8611111111111112|0.0020117759704589|0.0045881271362304
122|120|0.8611111111111112|0.0019664764404296|0.0046370029449462
122|121|0.8611111111111112|0.0019922256469726|0.0046792030334472
122|122|0.8611111111111112|0.0020217895507812|0.0045433044433593
122|123|0.8611111111111112|0.0020132064819335|0.0045967102050781
122|124|0.8611111111111112|0.0020275115966796|0.0045266151428222
122|125|0.8611111111111112|0.0020077228546142|0.0043003559112548
122|126|0.8611111111111112|0.0020198822021484|0.0045385360717773
122|127|0.8611111111111112|0.0020632743835449|0.0043745040893554
122|128|0.8611111111111112|0.0020477771759033|0.0043437480926513
122|129|0.8611111111111112|0.0020861625671386|0.0043470859527587
122|130|0.8611111111111112|0.0020771026611328|0.0043325424194335
122|131|0.8518518518518519|0.0020825862884521|0.0043914318084716
122|132|0.8518518518518519|0.0021111965179443|0.0047197341918945
122|133|0.8518518518518519|0.0021202564239501|0.004528522491455
122|134|0.8518518518518519|0.0021066665649414|0.0048849582672119
122|135|0.8518518518518519|0.0021615028381347|0.0048480033874511
122|136|0.8518518518518519|0.0021438598632812|0.0046467781066894
122|137|0.8518518518518519|0.0021319389343261|0.004631757736206
125|20|0.8425925925925926|0.0012402534484863|
125|21|0.8981481481481481|0.0009706020355224|0.0013391971588134
125|22|0.9074074074074074|0.0009927749633789|0.0013396739959716
125|23|0.8981481481481481|0.0009462833404541|0.0013825893402099
125|24|0.8611111111111112|0.0009713172912597|0.0015034675598144
125|25|0.8703703703703703|0.0009651184082031|0.0015041828155517
125|26|0.8333333333333334|0.0009787082672119|0.0015010833740234
125|27|0.8611111111111112|0.0009787082672119|0.0016026496887207
125|28|0.8703703703703703|0.0009756088256835|0.0016720294952392
125|29|0.8888888888888888|0.0009863376617431|0.0016164779663085
125|30|0.8981481481481481|0.0009889602661132|0.0016746520996093
125|31|0.8796296296296297|0.0009818077087402|0.001793622970581
125|32|0.8611111111111112|0.0009896755218505|0.0018355846405029
125|33|0.8796296296296297|0.0009808540344238|0.0017879009246826
125|34|0.9074074074074074|0.0010020732879638|0.0017964839935302
125|35|0.8981481481481481|0.0009996891021728|0.0019547939300537
125|36|0.8981481481481481|0.001023530960083|0.0018739700317382
125|37|0.8888888888888888|0.0010161399841308|0.0020043849945068
125|38|0.9074074074074074|0.0010488033294677|0.0019521713256835
125|39|0.8703703703703703|0.001025915145874|0.0019707679748535
125|40|0.8333333333333334|0.0010662078857421|0.0020029544830322
125|41|0.8518518518518519|0.0010216236114501|0.0020873546600341
125|42|0.8703703703703703|0.0010578632354736|0.0021576881408691
125|43|0.8888888888888888|0.0010464191436767|0.0021672248840332
125|44|0.9074074074074074|0.0010778903961181|0.0022122859954833
125|45|0.8981481481481481|0.0010442733764648|0.0023036003112792
125|46|0.925925925925926|0.0010960102081298|0.002270221710205
125|47|0.9166666666666666|0.0010843276977539|0.0023121833801269
125|48|0.925925925925926|0.0011227130889892|0.0023176670074462
125|49|0.9166666666666666|0.0010733604431152|0.0024216175079345
125|50|0.8981481481481481|0.0011153221130371|0.0026004314422607
125|51|0.9074074074074074|0.0011048316955566|0.0024540424346923
125|52|0.8981481481481481|0.0011358261108398|0.0025849342346191
125|53|0.8981481481481481|0.0011188983917236|0.0025510787963867
125|54|0.8888888888888888|0.0011525154113769|0.0025286674499511
125|55|0.8796296296296297|0.0011494159698486|0.0026111602783203
125|56|0.8888888888888888|0.0011940002441406|0.0026772022247314
125|57|0.9166666666666666|0.0011537075042724|0.0027072429656982
125|58|0.9166666666666666|0.0011970996856689|0.0027413368225097
125|59|0.9074074074074074|0.0011703968048095|0.0027623176574707
125|60|0.9074074074074074|0.0012223720550537|0.0028059482574462
125|61|0.925925925925926|0.0012042522430419|0.0028178691864013
125|62|0.9074074074074074|0.0012581348419189|0.0028061866760253
125|63|0.9074074074074074|0.0012073516845703|0.0029089450836181
125|64|0.9074074074074074|0.0012381076812744|0.0029480457305908
125|65|0.9074074074074074|0.0012414455413818|0.0030055046081542
125|66|0.9074074074074074|0.0012502670288085|0.0030133724212646
125|67|0.9074074074074074|0.0012550354003906|0.0030701160430908
125|68|0.8981481481481481|0.0012650489807128|0.0030398368835449
125|69|0.9074074074074074|0.001274824142456|0.0030915737152099
125|70|0.8981481481481481|0.001286506652832|0.0031268596649169
125|71|0.9074074074074074|0.0013139247894287|0.0031797885894775
125|72|0.925925925925926|0.001317024230957|0.0031330585479736
125|73|0.925925925925926|0.0013179779052734|0.003253698348999
125|74|0.9166666666666666|0.001333475112915|0.003258466720581
125|75|0.9166666666666666|0.0013484954833984|0.0033185482025146
125|76|0.925925925925926|0.0013647079467773|0.0033209323883056
125|77|0.9166666666666666|0.001373291015625|0.0033841133117675
125|78|0.9166666666666666|0.0013775825500488|0.0033414363861083
125|79|0.9166666666666666|0.0013890266418457|0.0034334659576416
125|80|0.8981481481481481|0.0014104843139648|0.003448486328125
125|81|0.9074074074074074|0.0014309883117675|0.0033903121948242
125|82|0.9074074074074074|0.0014503002166748|0.0034410953521728
125|83|0.9166666666666666|0.0014498233795166|0.0034654140472412
125|84|0.9166666666666666|0.0014722347259521|0.003563642501831
125|85|0.9166666666666666|0.0014939308166503|0.0035774707794189
125|86|0.9166666666666666|0.0014913082122802|0.0035033226013183
125|87|0.9166666666666666|0.001495361328125|0.0036594867706298
125|88|0.9166666666666666|0.0015172958374023|0.0035805702209472
125|89|0.9166666666666666|0.0015366077423095|0.0037398338317871
125|90|0.9166666666666666|0.0015404224395751|0.0037603378295898
125|91|0.9166666666666666|0.0015561580657958|0.0037004947662353
125|92|0.9166666666666666|0.0015773773193359|0.0036773681640625
125|93|0.925925925925926|0.0015952587127685|0.0038058757781982
125|94|0.925925925925926|0.0016083717346191|0.0038795471191406
125|95|0.925925925925926|0.001626968383789|0.0037581920623779
125|96|0.925925925925926|0.0016846656799316|0.003922700881958
125|97|0.925925925925926|0.0016579627990722|0.0039253234863281
125|98|0.925925925925926|0.0016846656799316|0.0039758682250976
125|99|0.9166666666666666|0.0017027854919433|0.0040223598480224
125|100|0.9166666666666666|0.0017261505126953|0.0039095878601074
125|101|0.925925925925926|0.0017178058624267|0.0041677951812744
125|102|0.9166666666666666|0.0017461776733398|0.0040187835693359
125|103|0.9074074074074074|0.0017590522766113|0.0041491985321044
125|104|0.9074074074074074|0.0017731189727783|0.0041847229003906
125|105|0.9074074074074074|0.0017886161804199|0.004157543182373
125|106|0.9074074074074074|0.0017905235290527|0.0042159557342529
125|107|0.9074074074074074|0.0018084049224853|0.0042970180511474
125|108|0.9074074074074074|0.0018074512481689|0.0041296482086181
125|109|0.9074074074074074|0.0018200874328613|0.0041446685791015
125|110|0.9074074074074074|0.0018250942230224|0.0042645931243896
125|111|0.9074074074074074|0.001845359802246|0.0043606758117675
125|112|0.9074074074074074|0.0018765926361083|0.0042786598205566
125|113|0.9074074074074074|0.0018651485443115|0.0043411254882812
125|114|0.9074074074074074|0.0018813610076904|0.0042009353637695
125|115|0.9074074074074074|0.0018854141235351|0.0041983127593994
125|116|0.9074074074074074|0.0018889904022216|0.0042166709899902
125|117|0.9074074074074074|0.0019035339355468|0.0043394565582275
125|118|0.9074074074074074|0.0019230842590332|0.0044491291046142
125|119|0.9074074074074074|0.0019621849060058|0.0043270587921142
125|120|0.9074074074074074|0.0019381046295166|0.0042638778686523
125|121|0.9074074074074074|0.0019493103027343|0.0043001174926757
125|122|0.9074074074074074|0.0019066333770751|0.004279613494873
125|123|0.9074074074074074|0.001918077468872|0.004324197769165
125|124|0.9074074074074074|0.0019223690032958|0.0046942234039306
125|125|0.9074074074074074|0.0020077228546142|0.0042982101440429
125|126|0.9074074074074074|0.0020203590393066|0.0045075416564941
125|127|0.9074074074074074|0.0020449161529541|0.0045397281646728
125|128|0.9074074074074074|0.0020406246185302|0.0043730735778808
125|129|0.9074074074074074|0.0020430088043212|0.0045883655548095
125|130|0.9074074074074074|0.0020792484283447|0.0045685768127441
125|131|0.9074074074074074|0.0020613670349121|0.0043914318084716
125|132|0.9074074074074074|0.0020680427551269|0.0045678615570068
125|133|0.9074074074074074|0.0020949840545654|0.0044047832489013
125|134|0.9074074074074074|0.0020945072174072|0.0044083595275878
125|135|0.9166666666666666|0.0021507740020751|0.0045583248138427
125|136|0.9166666666666666|0.0021471977233886|0.0044715404510498
125|137|0.9166666666666666|0.0021517276763916|0.0044488906860351
128|20|0.6759259259259259|0.0013461112976074|
128|21|0.6944444444444444|0.0010349750518798|0.0013327598571777
128|22|0.6851851851851852|0.001075267791748|0.0013494491577148
128|23|0.7037037037037037|0.0010292530059814|0.0014152526855468
128|24|0.6666666666666666|0.0010457038879394|0.0014557838439941
128|25|0.6944444444444444|0.0010352134704589|0.0014915466308593
128|26|0.7222222222222222|0.0010378360748291|0.0015218257904052
128|27|0.6944444444444444|0.0010538101196289|0.0015861988067626
128|28|0.7222222222222222|0.0010793209075927|0.0016083717346191
128|29|0.7685185185185185|0.001042366027832|0.0016477108001708
128|30|0.7777777777777778|0.0010688304901123|0.0016860961914062
128|31|0.7870370370370371|0.0010592937469482|0.0017149448394775
128|32|0.75|0.0010771751403808|0.0017898082733154
128|33|0.7592592592592593|0.0011022090911865|0.0018050670623779
128|34|0.7592592592592593|0.0010924339294433|0.0018439292907714
128|35|0.7685185185185185|0.0011065006256103|0.0019009113311767
128|36|0.7685185185185185|0.0011096000671386|0.0019447803497314
128|37|0.7870370370370371|0.0010983943939208|0.0019633769989013
128|38|0.7870370370370371|0.0011446475982666|0.0020356178283691
128|39|0.7592592592592593|0.0010998249053955|0.002063512802124
128|40|0.7685185185185185|0.001197338104248|0.0020670890808105
128|41|0.7870370370370371|0.0011279582977294|0.002105712890625
128|42|0.8055555555555556|0.001138687133789|0.0021290779113769
128|43|0.8333333333333334|0.0011205673217773|0.0021793842315673
128|44|0.8240740740740741|0.0011496543884277|0.0022075176239013
128|45|0.8148148148148148|0.0011377334594726|0.0022375583648681
128|46|0.8055555555555556|0.0011982917785644|0.0022742748260498
128|47|0.7962962962962963|0.0011634826660156|0.0023205280303955
128|48|0.7962962962962963|0.0011942386627197|0.002357006072998
128|49|0.8055555555555556|0.0011777877807617|0.0023808479309082
128|50|0.7870370370370371|0.001223087310791|0.0024123191833496
128|51|0.7870370370370371|0.0012223720550537|0.0024635791778564
128|52|0.7962962962962963|0.0012464523315429|0.0024981498718261
128|53|0.7962962962962963|0.001230239868164|0.0025222301483154
128|54|0.8055555555555556|0.0012645721435546|0.0025804042816162
128|55|0.8148148148148148|0.0012474060058593|0.0025780200958251
128|56|0.8148148148148148|0.0012850761413574|0.0026044845581054
128|57|0.8148148148148148|0.0012645721435546|0.002629280090332
128|58|0.8148148148148148|0.0013127326965332|0.0026667118072509
128|59|0.8240740740740741|0.0012955665588378|0.002690315246582
128|60|0.8240740740740741|0.0013356208801269|0.0027294158935546
128|61|0.8148148148148148|0.0012927055358886|0.0027947425842285
128|62|0.8055555555555556|0.0013232231140136|0.0028109550476074
128|63|0.8055555555555556|0.0013108253479003|0.002840518951416
128|64|0.7870370370370371|0.0013313293457031|0.0029840469360351
128|65|0.7962962962962963|0.0013074874877929|0.0029742717742919
128|66|0.7962962962962963|0.0013530254364013|0.002979040145874
128|67|0.7962962962962963|0.0013234615325927|0.0030152797698974
128|68|0.7870370370370371|0.0013659000396728|0.0030038356781005
128|69|0.8148148148148148|0.0013403892517089|0.0030343532562255
128|70|0.8055555555555556|0.001366376876831|0.0030677318572998
128|71|0.8055555555555556|0.001389741897583|0.0030996799468994
128|72|0.8148148148148148|0.0013995170593261|0.0031547546386718
128|73|0.8148148148148148|0.0014295578002929|0.0031690597534179
128|74|0.8148148148148148|0.0014317035675048|0.0032312870025634
128|75|0.7962962962962963|0.0014488697052001|0.0032050609588623
128|76|0.7962962962962963|0.0014731884002685|0.00325608253479
128|77|0.8055555555555556|0.001483678817749|0.003284215927124
128|78|0.8148148148148148|0.0014963150024414|0.0033223628997802
128|79|0.8055555555555556|0.0015077590942382|0.0033154487609863
128|80|0.7962962962962963|0.0015203952789306|0.0033586025238037
128|81|0.8055555555555556|0.0015394687652587|0.0033686161041259
128|82|0.8055555555555556|0.0015230178833007|0.0034129619598388
128|83|0.8055555555555556|0.0015497207641601|0.0034198760986328
128|84|0.8055555555555556|0.0015640258789062|0.0034492015838623
128|85|0.8055555555555556|0.0016000270843505|0.0034868717193603
128|86|0.8055555555555556|0.0015816688537597|0.0035405158996582
128|87|0.8055555555555556|0.001617431640625|0.0035505294799804
128|88|0.8055555555555556|0.0016374588012695|0.0035536289215087
128|89|0.8055555555555556|0.0016441345214843|0.0036008358001708
128|90|0.8055555555555556|0.001657485961914|0.0036358833312988
128|91|0.8055555555555556|0.0016794204711914|0.0036337375640869
128|92|0.8055555555555556|0.0017001628875732|0.0037262439727783
128|93|0.8055555555555556|0.0016863346099853|0.0036921501159667
128|94|0.8055555555555556|0.0017156600952148|0.0037488937377929
128|95|0.8055555555555556|0.0016999244689941|0.0038070678710937
128|96|0.8055555555555556|0.0017530918121337|0.0037751197814941
128|97|0.8055555555555556|0.0019333362579345|0.0038013458251953
128|98|0.8055555555555556|0.0016689300537109|0.0038657188415527
128|99|0.8055555555555556|0.0016791820526123|0.0038247108459472
128|100|0.8055555555555556|0.0016877651214599|0.0039207935333251
128|101|0.8055555555555556|0.0017046928405761|0.0039021968841552
128|102|0.7962962962962963|0.0018036365509033|0.0038652420043945
128|103|0.7962962962962963|0.001749038696289|0.0040888786315917
128|104|0.7962962962962963|0.0017426013946533|0.0039114952087402
128|105|0.7962962962962963|0.0017578601837158|0.0040352344512939
128|106|0.7962962962962963|0.0017552375793457|0.0039496421813964
128|107|0.7962962962962963|0.0018353462219238|0.0040228366851806
128|108|0.7962962962962963|0.0018122196197509|0.0039806365966796
128|109|0.7962962962962963|0.0018079280853271|0.0039699077606201
128|110|0.7962962962962963|0.0017645359039306|0.0040695667266845
128|111|0.7962962962962963|0.0018179416656494|0.0039875507354736
128|112|0.7870370370370371|0.0018472671508789|0.004068374633789
128|113|0.7870370370370371|0.0018463134765625|0.0040569305419921
128|114|0.7870370370370371|0.0018649101257324|0.0041308403015136
128|115|0.7870370370370371|0.0018823146820068|0.0040769577026367
128|116|0.7870370370370371|0.0018978118896484|0.0041556358337402
128|117|0.7870370370370371|0.0018794536590576|0.0040960311889648
128|118|0.7870370370370371|0.0019211769104003|0.0041804313659667
128|119|0.7870370370370371|0.0018908977508544|0.0041754245758056
128|120|0.7870370370370371|0.0020689964294433|0.0041775703430175
128|121|0.7870370370370371|0.0019192695617675|0.0044865608215332
128|122|0.7870370370370371|0.0019223690032958|0.0041747093200683
128|123|0.7870370370370371|0.001939058303833|0.0041589736938476
128|124|0.7870370370370371|0.001929759979248|0.0041921138763427
128|125|0.7870370370370371|0.0019404888153076|0.0041413307189941
128|126|0.7870370370370371|0.0019612312316894|0.004204511642456
128|127|0.7870370370370371|0.0019738674163818|0.0043966770172119
128|128|0.7870370370370371|0.0019927024841308|0.004213809967041
128|129|0.7870370370370371|0.001971960067749|0.0041711330413818
128|130|0.7870370370370371|0.0019950866699218|0.0042400360107421
128|131|0.7870370370370371|0.0020215511322021|0.0041790008544921
128|132|0.7870370370370371|0.0020103454589843|0.00425386428833
128|133|0.7870370370370371|0.0020365715026855|0.0043306350708007
128|134|0.7870370370370371|0.0020177364349365|0.0046360492706298
128|135|0.7870370370370371|0.0020415782928466|0.0042376518249511
128|136|0.7870370370370371|0.0020310878753662|0.0043509006500244
128|137|0.7962962962962963|0.0021009445190429|0.0042586326599121
121|20|0.8148148148148148|0.0015461444854736|
121|21|0.8425925925925926|0.0010361671447753|0.0013809204101562
121|22|0.8240740740740741|0.001103401184082|0.0013763904571533
121|23|0.7777777777777778|0.0010261535644531|0.0013966560363769
121|24|0.7870370370370371|0.0010788440704345|0.0014545917510986
121|25|0.8333333333333334|0.0010583400726318|0.0015008449554443
121|26|0.8148148148148148|0.0010695457458496|0.0015304088592529
121|27|0.8148148148148148|0.0010571479797363|0.0015382766723632
121|28|0.8240740740740741|0.0010926723480224|0.0015559196472167
121|29|0.8333333333333334|0.0010449886322021|0.001610517501831
121|30|0.8055555555555556|0.0011506080627441|0.0017127990722656
121|31|0.7777777777777778|0.0010955333709716|0.0017592906951904
121|32|0.7962962962962963|0.0010688304901123|0.0018455982208251
121|33|0.7777777777777778|0.0010614395141601|0.001833438873291
121|34|0.7870370370370371|0.0011415481567382|0.0018792152404785
121|35|0.8148148148148148|0.0010738372802734|0.0019214153289794
121|36|0.8333333333333334|0.0011320114135742|0.0019514560699462
121|37|0.8148148148148148|0.0010812282562255|0.0019447803497314
121|38|0.8333333333333334|0.0011799335479736|0.002061128616333
121|39|0.8240740740740741|0.0010778903961181|0.0019638538360595
121|40|0.8240740740740741|0.001136302947998|0.0020036697387695
121|41|0.8425925925925926|0.0011053085327148|0.0020749568939208
121|42|0.8518518518518519|0.0011441707611083|0.0023207664489746
121|43|0.8518518518518519|0.0011463165283203|0.0022304058074951
121|44|0.8518518518518519|0.0011777877807617|0.0021841526031494
121|45|0.8240740740740741|0.0011205673217773|0.0023314952850341
121|46|0.8240740740740741|0.0011951923370361|0.0024237632751464
121|47|0.8240740740740741|0.0011353492736816|0.0024590492248535
121|48|0.8240740740740741|0.0012159347534179|0.0023462772369384
121|49|0.7962962962962963|0.0011732578277587|0.0024333000183105
121|50|0.8148148148148148|0.0012242794036865|0.0024094581604003
121|51|0.8240740740740741|0.001209020614624|0.0024888515472412
121|52|0.8148148148148148|0.0012764930725097|0.0025877952575683
121|53|0.7962962962962963|0.0012097358703613|0.0026087760925292
121|54|0.8240740740740741|0.0013568401336669|0.0026767253875732
121|55|0.8240740740740741|0.0012905597686767|0.0025758743286132
121|56|0.8240740740740741|0.0012898445129394|0.0026142597198486
121|57|0.8240740740740741|0.001244306564331|0.002626895904541
121|58|0.8148148148148148|0.0012972354888916|0.0027060508728027
121|59|0.8148148148148148|0.0012538433074951|0.0027558803558349
121|60|0.8055555555555556|0.0013298988342285|0.0028843879699707
121|61|0.8055555555555556|0.0012757778167724|0.0027978420257568
121|62|0.8240740740740741|0.0013761520385742|0.0028891563415527
121|63|0.8333333333333334|0.001317024230957|0.0028271675109863
121|64|0.8055555555555556|0.0012834072113037|0.0029196739196777
121|65|0.7962962962962963|0.0013022422790527|0.0029540061950683
121|66|0.8148148148148148|0.0013239383697509|0.0030145645141601
121|67|0.8148148148148148|0.0013208389282226|0.0029563903808593
121|68|0.8148148148148148|0.0013582706451416|0.003000259399414
121|69|0.8055555555555556|0.0013427734375|0.0030784606933593
121|70|0.8240740740740741|0.001349925994873|0.0031094551086425
121|71|0.8425925925925926|0.0013482570648193|0.0031065940856933
121|72|0.8148148148148148|0.0013906955718994|0.0030889511108398
121|73|0.8240740740740741|0.0013692378997802|0.0031428337097167
121|74|0.8240740740740741|0.001401662826538|0.0031538009643554
121|75|0.8333333333333334|0.001422643661499|0.0031745433807373
121|76|0.8333333333333334|0.0014564990997314|0.0032546520233154
121|77|0.8240740740740741|0.001443862915039|0.0033373832702636
121|78|0.8148148148148148|0.001469612121582|0.0032899379730224
121|79|0.8148148148148148|0.0014491081237792|0.0033197402954101
121|80|0.8240740740740741|0.0014693737030029|0.0034990310668945
121|81|0.8148148148148148|0.0014994144439697|0.0034160614013671
121|82|0.8148148148148148|0.00150728225708|0.0033912658691406
121|83|0.8240740740740741|0.0015251636505126|0.0034265518188476
121|84|0.8240740740740741|0.0015368461608886|0.0034997463226318
121|85|0.8240740740740741|0.0015859603881835|0.0036063194274902
121|86|0.8240740740740741|0.0016202926635742|0.0035364627838134
121|87|0.8333333333333334|0.0016038417816162|0.0035798549652099
121|88|0.8333333333333334|0.0016379356384277|0.0035710334777832
121|89|0.8333333333333334|0.0016348361968994|0.0035955905914306
121|90|0.8333333333333334|0.0016446113586425|0.0038249492645263
121|91|0.8333333333333334|0.0016708374023437|0.0038986206054687
121|92|0.8333333333333334|0.0017042160034179|0.0037605762481689
121|93|0.8333333333333334|0.001708984375|0.0037264823913574
121|94|0.8240740740740741|0.0017163753509521|0.004150390625
121|95|0.8240740740740741|0.0017659664154052|0.0037565231323242
121|96|0.8240740740740741|0.0017611980438232|0.0038168430328369
121|97|0.8240740740740741|0.0017869472503662|0.0038454532623291
121|98|0.8240740740740741|0.0017738342285156|0.0038592815399169
121|99|0.8240740740740741|0.0018062591552734|0.0038890838623046
121|100|0.8240740740740741|0.0018320083618164|0.0040750503540039
121|101|0.8240740740740741|0.0018916130065917|0.0039589405059814
121|102|0.8240740740740741|0.0019009113311767|0.0039319992065429
121|103|0.8240740740740741|0.0019311904907226|0.0041337013244628
121|104|0.8240740740740741|0.0019326210021972|0.0043079853057861
121|105|0.8240740740740741|0.0019659996032714|0.0041334629058837
121|106|0.8240740740740741|0.0019612312316894|0.0040194988250732
121|107|0.8240740740740741|0.001948595046997|0.0040233135223388
121|108|0.8240740740740741|0.0019826889038085|0.0042145252227783
121|109|0.8240740740740741|0.0019838809967041|0.0043015480041503
121|110|0.8240740740740741|0.0020043849945068|0.0040979385375976
121|111|0.8240740740740741|0.0020122528076171|0.0043170452117919
121|112|0.8240740740740741|0.0020315647125244|0.0041053295135498
121|113|0.8240740740740741|0.0019826889038085|0.0043690204620361
121|114|0.8240740740740741|0.0020291805267333|0.0041487216949462
121|115|0.8240740740740741|0.0020298957824707|0.0042519569396972
121|116|0.8240740740740741|0.0020062923431396|0.0041673183441162
121|117|0.8240740740740741|0.0020177364349365|0.0041842460632324
121|118|0.8240740740740741|0.0020139217376708|0.0043823719024658
121|119|0.8240740740740741|0.0020344257354736|0.0042827129364013
121|120|0.8240740740740741|0.0020294189453125|0.0042047500610351
121|121|0.8240740740740741|0.0020794868469238|0.0042414665222167
121|122|0.8240740740740741|0.0021331310272216|0.004223346710205
121|123|0.8240740740740741|0.002150535583496|0.0042812824249267
121|124|0.8240740740740741|0.0021016597747802|0.0044560432434082
121|125|0.8240740740740741|0.0021135807037353|0.0043036937713623
121|126|0.8240740740740741|0.0021154880523681|0.004288911819458
121|127|0.8240740740740741|0.002134084701538|0.0043272972106933
121|128|0.8240740740740741|0.0021910667419433|0.004462718963623
121|129|0.8240740740740741|0.0021533966064453|0.0044381618499755
121|130|0.8240740740740741|0.0021896362304687|0.0042848587036132
121|131|0.8240740740740741|0.0021848678588867|0.0044460296630859
121|132|0.8240740740740741|0.0021936893463134|0.0043542385101318
121|133|0.8240740740740741|0.0022130012512207|0.0043475627899169
121|134|0.8240740740740741|0.0022046566009521|0.0045428276062011
121|135|0.8240740740740741|0.0022144317626953|0.0043294429779052
121|136|0.8240740740740741|0.0022423267364501|0.0043098926544189
121|137|0.8240740740740741|0.0022447109222412|0.0044503211975097
129|20|0.75|0.0012683868408203|
129|21|0.8148148148148148|0.000964879989624|0.0013318061828613
129|22|0.7685185185185185|0.0009911060333251|0.0013408660888671
129|23|0.8148148148148148|0.0009632110595703|0.0013833045959472
129|24|0.8333333333333334|0.000974416732788|0.0014171600341796
129|25|0.8518518518518519|0.0009534358978271|0.0014340877532958
129|26|0.8518518518518519|0.0009694099426269|0.001469612121582
129|27|0.7870370370370371|0.0009739398956298|0.0015034675598144
129|28|0.7777777777777778|0.0009942054748535|0.001589298248291
129|29|0.8148148148148148|0.0009620189666748|0.0015888214111328
129|30|0.8148148148148148|0.0009975433349609|0.0016651153564453
129|31|0.7777777777777778|0.0009770393371582|0.001659870147705
129|32|0.8240740740740741|0.0009915828704833|0.0017139911651611
129|33|0.7870370370370371|0.000978946685791|0.0017256736755371
129|34|0.75|0.0009963512420654|0.0018010139465332
129|35|0.7870370370370371|0.0009870529174804|0.0018153190612792
129|36|0.8333333333333334|0.0010356903076171|0.0018506050109863
129|37|0.8518518518518519|0.0010206699371337|0.0018763542175292
129|38|0.8518518518518519|0.0010724067687988|0.0019111633300781
129|39|0.8796296296296297|0.001025915145874|0.0020580291748046
129|40|0.8425925925925926|0.001101016998291|0.0019915103912353
129|41|0.8611111111111112|0.0010199546813964|0.0020501613616943
129|42|0.8611111111111112|0.00105881690979|0.0020930767059326
129|43|0.8518518518518519|0.0010418891906738|0.002265453338623
129|44|0.8425925925925926|0.0011346340179443|0.002145767211914
129|45|0.8333333333333334|0.0010442733764648|0.0021893978118896
129|46|0.8333333333333334|0.0010948181152343|0.0022408962249755
129|47|0.8240740740740741|0.0010700225830078|0.0023057460784912
129|48|0.8333333333333334|0.0011599063873291|0.0022885799407958
129|49|0.8333333333333334|0.0011048316955566|0.0023465156555175
129|50|0.8240740740740741|0.0011186599731445|0.0024678707122802
129|51|0.8240740740740741|0.0011131763458251|0.0024611949920654
129|52|0.8148148148148148|0.0011546611785888|0.0025403499603271
129|53|0.8240740740740741|0.001145601272583|0.0024909973144531
129|54|0.8148148148148148|0.0011732578277587|0.002561330795288
129|55|0.8333333333333334|0.0011382102966308|0.0026428699493408
129|56|0.8333333333333334|0.00118088722229|0.002573013305664
129|57|0.8425925925925926|0.0011539459228515|0.0026812553405761
129|58|0.8240740740740741|0.0012109279632568|0.0027368068695068
129|59|0.8240740740740741|0.0011827945709228|0.0027928352355957
129|60|0.8240740740740741|0.0012276172637939|0.0028624534606933
129|61|0.8055555555555556|0.0012023448944091|0.0027582645416259
129|62|0.7962962962962963|0.0012614727020263|0.002798318862915
129|63|0.8148148148148148|0.0012266635894775|0.0028276443481445
129|64|0.8055555555555556|0.0012671947479248|0.0028438568115234
129|65|0.8055555555555556|0.0019478797912597|0.0036151409149169
129|66|0.7962962962962963|0.0012764930725097|0.0031051635742187
129|67|0.7777777777777778|0.0012652873992919|0.0029797554016113
129|68|0.7870370370370371|0.0012767314910888|0.0031149387359619
129|69|0.7870370370370371|0.001288890838623|0.0031890869140625
129|70|0.7962962962962963|0.0013079643249511|0.003044843673706
129|71|0.7962962962962963|0.0013296604156494|0.0030860900878906
129|72|0.8055555555555556|0.0013244152069091|0.0031335353851318
129|73|0.7962962962962963|0.00132417678833|0.0031616687774658
129|74|0.8148148148148148|0.0013489723205566|0.0032136440277099
129|75|0.7962962962962963|0.0013594627380371|0.0032184123992919
129|76|0.8055555555555556|0.0013618469238281|0.0032973289489746
129|77|0.7870370370370371|0.0013813972473144|0.0032546520233154
129|78|0.7870370370370371|0.0014088153839111|0.0033280849456787
129|79|0.7962962962962963|0.0014214515686035|0.003434419631958
129|80|0.7962962962962963|0.0014221668243408|0.0033380985260009
129|81|0.7962962962962963|0.001455545425415|0.0034568309783935
129|82|0.8055555555555556|0.0014665126800537|0.0034413337707519
129|83|0.7962962962962963|0.0014731884002685|0.003446340560913
129|84|0.8055555555555556|0.0014820098876953|0.0034124851226806
129|85|0.8055555555555556|0.0015251636505126|0.0034458637237548
129|86|0.8055555555555556|0.0015387535095214|0.0034868717193603
129|87|0.8055555555555556|0.0015339851379394|0.0035269260406494
129|88|0.8055555555555556|0.0015792846679687|0.003530740737915
129|89|0.8148148148148148|0.0016095638275146|0.0035779476165771
129|90|0.8148148148148148|0.0015535354614257|0.0036022663116455
129|91|0.8148148148148148|0.0015788078308105|0.0035903453826904
129|92|0.8148148148148148|0.0016131401062011|0.0036568641662597
129|93|0.8148148148148148|0.00160813331604|0.003674030303955
129|94|0.8148148148148148|0.001612901687622|0.0036797523498535
129|95|0.8240740740740741|0.0016295909881591|0.0037493705749511
129|96|0.8148148148148148|0.0016393661499023|0.0037610530853271
129|97|0.8240740740740741|0.0017225742340087|0.003751516342163
129|98|0.8148148148148148|0.0017163753509521|0.0040276050567626
129|99|0.8148148148148148|0.001746654510498|0.0038707256317138
129|100|0.8148148148148148|0.001763105392456|0.0038719177246093
129|101|0.8148148148148148|0.0017831325531005|0.0038795471191406
129|102|0.8148148148148148|0.0017876625061035|0.0039310455322265
129|103|0.8148148148148148|0.0018024444580078|0.0038855075836181
129|104|0.8148148148148148|0.0018496513366699|0.003896951675415
129|105|0.8148148148148148|0.0017704963684082|0.0039787292480468
129|106|0.8148148148148148|0.0018401145935058|0.0039398670196533
129|107|0.8148148148148148|0.0018105506896972|0.0040137767791748
129|108|0.8148148148148148|0.0018343925476074|0.0039739608764648
129|109|0.8148148148148148|0.0017793178558349|0.0040092468261718
129|110|0.8148148148148148|0.0017900466918945|0.0039706230163574
129|111|0.8148148148148148|0.001824140548706|0.0040326118469238
129|112|0.8148148148148148|0.0018236637115478|0.0039920806884765
129|113|0.8148148148148148|0.0018198490142822|0.0040292739868164
129|114|0.8148148148148148|0.0018298625946044|0.0041849613189697
129|115|0.8148148148148148|0.0018301010131835|0.004084825515747
129|116|0.8148148148148148|0.0018444061279296|0.004065990447998
129|117|0.8148148148148148|0.001847505569458|0.0040924549102783
129|118|0.8148148148148148|0.001868724822998|0.0040876865386962
129|119|0.8055555555555556|0.0019190311431884|0.0041990280151367
129|120|0.8055555555555556|0.00191330909729|0.0041074752807617
129|121|0.8055555555555556|0.0019161701202392|0.0042140483856201
129|122|0.8055555555555556|0.0019364356994628|0.0041263103485107
129|123|0.8055555555555556|0.0019476413726806|0.0042309761047363
129|124|0.8055555555555556|0.0019986629486083|0.004148244857788
129|125|0.8055555555555556|0.0019953250885009|0.0042939186096191
129|126|0.8055555555555556|0.0020232200622558|0.004225730895996
129|127|0.8055555555555556|0.0020012855529785|0.0044524669647216
129|128|0.8055555555555556|0.0020210742950439|0.0042803287506103
129|129|0.8055555555555556|0.0020399093627929|0.004479169845581
129|130|0.8055555555555556|0.0020406246185302|0.0042650699615478
129|131|0.8055555555555556|0.0020806789398193|0.0043249130249023
129|132|0.8055555555555556|0.0020802021026611|0.0042827129364013
129|133|0.8055555555555556|0.0020828247070312|0.0043630599975585
129|134|0.8055555555555556|0.0020959377288818|0.0044648647308349
129|135|0.8055555555555556|0.0021150112152099|0.0044252872467041
129|136|0.8055555555555556|0.0021491050720214|0.0043268203735351
129|137|0.8055555555555556|0.002143383026123|0.0043501853942871
127|20|0.7407407407407407|0.0013141632080078|
127|21|0.6944444444444444|0.0009987354278564|0.0013155937194824
127|22|0.75|0.0010392665863037|0.0013461112976074
127|23|0.7129629629629629|0.0009906291961669|0.0013911724090576
127|24|0.7314814814814815|0.0010321140289306|0.0014374256134033
127|25|0.7314814814814815|0.0010106563568115|0.0015249252319335
127|26|0.7314814814814815|0.0010232925415039|0.0015003681182861
127|27|0.7592592592592593|0.0010201930999755|0.0016150474548339
127|28|0.7592592592592593|0.0010335445404052|0.0016067028045654
127|29|0.7685185185185185|0.0010337829589843|0.0017178058624267
127|30|0.7592592592592593|0.0010366439819335|0.0017566680908203
127|31|0.7870370370370371|0.0010435581207275|0.0017993450164794
127|32|0.7870370370370371|0.0010569095611572|0.0018298625946044
127|33|0.8055555555555556|0.0010313987731933|0.0018031597137451
127|34|0.7870370370370371|0.0010793209075927|0.0018126964569091
127|35|0.7870370370370371|0.0010547637939453|0.0019407272338867
127|36|0.7685185185185185|0.0010871887207031|0.0018610954284667
127|37|0.7777777777777778|0.00105881690979|0.0020151138305664
127|38|0.7685185185185185|0.001112937927246|0.0020267963409423
127|39|0.7592592592592593|0.0010762214660644|0.0019953250885009
127|40|0.75|0.0011427402496337|0.0020489692687988
127|41|0.7592592592592593|0.0010673999786376|0.0021693706512451
127|42|0.75|0.0011241436004638|0.0020604133605957
127|43|0.7777777777777778|0.0010981559753417|0.0020968914031982
127|44|0.7685185185185185|0.0011160373687744|0.0021243095397949
127|45|0.7870370370370371|0.0011062622070312|0.0022215843200683
127|46|0.7592592592592593|0.0011370182037353|0.00238037109375
127|47|0.7592592592592593|0.0011210441589355|0.0023260116577148
127|48|0.7777777777777778|0.0011537075042724|0.0024385452270507
127|49|0.7685185185185185|0.0011332035064697|0.0023913383483886
127|50|0.7685185185185185|0.0011913776397705|0.002446174621582
127|51|0.7777777777777778|0.0011432170867919|0.0025100708007812
127|52|0.7592592592592593|0.0011737346649169|0.0024466514587402
127|53|0.7407407407407407|0.0011749267578125|0.0024268627166748
127|54|0.7592592592592593|0.001204490661621|0.0025324821472167
127|55|0.7592592592592593|0.0012080669403076|0.0025115013122558
127|56|0.7962962962962963|0.0012462139129638|0.0027365684509277
127|57|0.7870370370370371|0.0012221336364746|0.0027253627777099
127|58|0.7962962962962963|0.0012516975402832|0.0026209354400634
127|59|0.8148148148148148|0.0012233257293701|0.0028157234191894
127|60|0.8148148148148148|0.0012574195861816|0.0027961730957031
127|61|0.8240740740740741|0.0012588500976562|0.0028307437896728
127|62|0.8148148148148148|0.001312255859375|0.0029041767120361
127|63|0.8148148148148148|0.001255989074707|0.0029046535491943
127|64|0.8055555555555556|0.0012755393981933|0.0029547214508056
127|65|0.8055555555555556|0.0012779235839843|0.0029106140136718
127|66|0.8055555555555556|0.0012879371643066|0.0030555725097656
127|67|0.8333333333333334|0.0012969970703125|0.0029046535491943
127|68|0.8240740740740741|0.0013332366943359|0.0031368732452392
127|69|0.8240740740740741|0.0013446807861328|0.0031065940856933
127|70|0.8148148148148148|0.0013656616210937|0.0031020641326904
127|71|0.8148148148148148|0.0013999938964843|0.0032610893249511
127|72|0.8240740740740741|0.0014011859893798|0.0032629966735839
127|73|0.8240740740740741|0.0014100074768066|0.0031628608703613
127|74|0.8148148148148148|0.0014188289642333|0.0034074783325195
127|75|0.8148148148148148|0.0014214515686035|0.0033740997314453
127|76|0.8240740740740741|0.0014441013336181|0.003434419631958
127|77|0.8240740740740741|0.0014686584472656|0.003350019454956
127|78|0.8148148148148148|0.0014741420745849|0.0035634040832519
127|79|0.8055555555555556|0.0014727115631103|0.0033738613128662
127|80|0.8240740740740741|0.0015010833740234|0.0035984516143798
127|81|0.8240740740740741|0.0015223026275634|0.0035808086395263
127|82|0.8148148148148148|0.0015156269073486|0.0034661293029785
127|83|0.8055555555555556|0.0015552043914794|0.0036923885345458
127|84|0.8148148148148148|0.0016043186187744|0.0035057067871093
127|85|0.7962962962962963|0.0015878677368164|0.0038225650787353
127|86|0.7870370370370371|0.0015983581542968|0.0036864280700683
127|87|0.7870370370370371|0.0016329288482666|0.0036518573760986
127|88|0.7870370370370371|0.0016388893127441|0.0037775039672851
127|89|0.7777777777777778|0.0016541481018066|0.0037891864776611
127|90|0.7685185185185185|0.001678466796875|0.0037310123443603
127|91|0.7685185185185185|0.0016801357269287|0.0036425590515136
127|92|0.7685185185185185|0.0016794204711914|0.0038390159606933
127|93|0.7685185185185185|0.0017054080963134|0.0038905143737792
127|94|0.7685185185185185|0.0017023086547851|0.0039799213409423
127|95|0.7685185185185185|0.0017163753509521|0.0038037300109863
127|96|0.7685185185185185|0.0017306804656982|0.0041265487670898
127|97|0.7685185185185185|0.001760721206665|0.0038738250732421
127|98|0.7685185185185185|0.0017650127410888|0.003946304321289
127|99|0.7685185185185185|0.0017685890197753|0.0041124820709228
127|100|0.7685185185185185|0.001772403717041|0.0041854381561279
127|101|0.7685185185185185|0.0017488002777099|0.0038745403289794
127|102|0.7685185185185185|0.0018069744110107|0.0040481090545654
127|103|0.7685185185185185|0.0018191337585449|0.003925085067749
127|104|0.7685185185185185|0.0018236637115478|0.0041017532348632
127|105|0.7685185185185185|0.0018250942230224|0.0041100978851318
127|106|0.7685185185185185|0.0018494129180908|0.0041604042053222
127|107|0.7685185185185185|0.0018370151519775|0.0040652751922607
127|108|0.7685185185185185|0.001838207244873|0.0040466785430908
127|109|0.7685185185185185|0.0018720626831054|0.0040819644927978
127|110|0.7685185185185185|0.0018637180328369|0.0042674541473388
127|111|0.7685185185185185|0.0018751621246337|0.0040106773376464
127|112|0.7685185185185185|0.0018756389617919|0.0040979385375976
127|113|0.7685185185185185|0.0018937587738037|0.0040068626403808
127|114|0.7685185185185185|0.0018885135650634|0.0041170120239257
127|115|0.7685185185185185|0.001901626586914|0.0040411949157714
127|116|0.7685185185185185|0.0018978118896484|0.0040805339813232
127|117|0.7685185185185185|0.0018947124481201|0.0041580200195312
127|118|0.7685185185185185|0.0019147396087646|0.0040845870971679
127|119|0.7685185185185185|0.0019445419311523|0.0043871402740478
127|120|0.7685185185185185|0.001948595046997|0.0041589736938476
127|121|0.7685185185185185|0.0019705295562744|0.0042059421539306
127|122|0.7685185185185185|0.0019803047180175|0.0041756629943847
127|123|0.7685185185185185|0.0019574165344238|0.004199743270874
127|124|0.7685185185185185|0.001990795135498|0.0042724609375
127|125|0.7685185185185185|0.0020127296447753|0.0044548511505126
127|126|0.7685185185185185|0.0020139217376708|0.004514455795288
127|127|0.7685185185185185|0.002007246017456|0.0042638778686523
127|128|0.7685185185185185|0.0020227432250976|0.0041372776031494
127|129|0.7685185185185185|0.0020360946655273|0.0044848918914794
127|130|0.7685185185185185|0.0020499229431152|0.0045216083526611
127|131|0.7685185185185185|0.002068281173706|0.004270315170288
127|132|0.7685185185185185|0.0020747184753417|0.0042769908905029
127|133|0.7685185185185185|0.0020651817321777|0.0042855739593505
127|134|0.7685185185185185|0.0020794868469238|0.0044596195220947
127|135|0.7685185185185185|0.0020785331726074|0.0042712688446044
127|136|0.7685185185185185|0.0021097660064697|0.004465103149414
127|137|0.7685185185185185|0.0020735263824462|0.0043880939483642
127|138|0.7685185185185185|0.0021522045135498|0.0046031475067138
124|20|0.6574074074074074|0.00132417678833|
124|21|0.7037037037037037|0.0010671615600585|0.0014140605926513
124|22|0.7037037037037037|0.0011060237884521|0.0014529228210449
124|23|0.7314814814814815|0.0010073184967041|0.0014417171478271
124|24|0.7407407407407407|0.0010302066802978|0.0015170574188232
124|25|0.7129629629629629|0.0010097026824951|0.0015084743499755
124|26|0.7407407407407407|0.0010311603546142|0.0015769004821777
124|27|0.7592592592592593|0.0010244846343994|0.0016243457794189
124|28|0.7870370370370371|0.0010321140289306|0.0017001628875732
124|29|0.7870370370370371|0.0010342597961425|0.0016815662384033
124|30|0.8055555555555556|0.0010523796081542|0.0018160343170166
124|31|0.7870370370370371|0.0010504722595214|0.0017924308776855
124|32|0.7685185185185185|0.0010645389556884|0.001868724822998
124|33|0.7592592592592593|0.0010592937469482|0.0020496845245361
124|34|0.7592592592592593|0.0010991096496582|0.0019810199737548
124|35|0.8055555555555556|0.0010695457458496|0.0019102096557617
124|36|0.8240740740740741|0.0011038780212402|0.0020062923431396
124|37|0.8240740740740741|0.0010914802551269|0.0020384788513183
124|38|0.8055555555555556|0.0018842220306396|0.00352144241333
124|39|0.7870370370370371|0.0017802715301513|0.0037260055541992
124|40|0.7962962962962963|0.0011417865753173|0.0020759105682373
124|41|0.7685185185185185|0.0011048316955566|0.0022022724151611
124|42|0.7592592592592593|0.0011398792266845|0.0021421909332275
124|43|0.7962962962962963|0.0011231899261474|0.0021829605102539
124|44|0.7962962962962963|0.0011568069458007|0.0025305747985839
124|45|0.7870370370370371|0.0011348724365234|0.0022892951965332
124|46|0.7962962962962963|0.0011773109436035|0.0024516582489013
124|47|0.7962962962962963|0.0011510848999023|0.0023632049560546
124|48|0.8055555555555556|0.001223087310791|0.002399206161499
124|49|0.8055555555555556|0.0013883113861083|0.0023999214172363
124|50|0.8055555555555556|0.0012402534484863|0.0025718212127685
124|51|0.8148148148148148|0.0012204647064208|0.0025928020477294
124|52|0.7962962962962963|0.0012493133544921|0.0024964809417724
124|53|0.7962962962962963|0.0012216567993164|0.0026030540466308
124|54|0.7685185185185185|0.0012500286102294|0.0027735233306884
124|55|0.7685185185185185|0.0012307167053222|0.0027754306793212
124|56|0.7870370370370371|0.0012562274932861|0.0026674270629882
124|57|0.7870370370370371|0.0012452602386474|0.0028176307678222
124|58|0.7685185185185185|0.0012824535369873|0.0027840137481689
124|59|0.7962962962962963|0.0012595653533935|0.0029315948486328
124|60|0.7870370370370371|0.0012953281402587|0.00291109085083
124|61|0.8148148148148148|0.0013003349304199|0.0029523372650146
124|62|0.8055555555555556|0.0013689994812011|0.0029563903808593
124|63|0.7870370370370371|0.001345157623291|0.0031681060791015
124|64|0.7962962962962963|0.0013346672058105|0.0029656887054443
124|65|0.7962962962962963|0.0013506412506103|0.0030200481414794
124|66|0.8055555555555556|0.0013246536254882|0.0031385421752929
124|67|0.8055555555555556|0.0013320446014404|0.0031967163085937
124|68|0.8055555555555556|0.0013518333435058|0.0031473636627197
124|69|0.8148148148148148|0.0013573169708251|0.0032720565795898
124|70|0.8148148148148148|0.0013916492462158|0.0031230449676513
124|71|0.8148148148148148|0.0013716220855712|0.003284215927124
124|72|0.8148148148148148|0.0014078617095947|0.0032706260681152
124|73|0.8055555555555556|0.0014166831970214|0.0034489631652832
124|74|0.8148148148148148|0.0014197826385498|0.0032489299774169
124|75|0.8240740740740741|0.0014657974243164|0.003286600112915
124|76|0.8148148148148148|0.0014500617980957|0.0033838748931884
124|77|0.8148148148148148|0.0014810562133789|0.0034911632537841
124|78|0.8148148148148148|0.0014913082122802|0.003415822982788
124|79|0.8055555555555556|0.0015263557434082|0.003587007522583
124|80|0.8055555555555556|0.0015368461608886|0.0034544467926025
124|81|0.8240740740740741|0.001523733139038|0.0034742355346679
124|82|0.8055555555555556|0.0015666484832763|0.0036790370941162
124|83|0.8055555555555556|0.0015549659729003|0.0035281181335449
124|84|0.8055555555555556|0.0015769004821777|0.0038368701934814
124|85|0.8055555555555556|0.0016195774078369|0.0037629604339599
124|86|0.8055555555555556|0.0016283988952636|0.0036044120788574
124|87|0.8055555555555556|0.0016181468963623|0.0036191940307617
124|88|0.8240740740740741|0.0016782283782958|0.0038418769836425
124|89|0.8240740740740741|0.0016658306121826|0.0039529800415039
124|90|0.8240740740740741|0.0016887187957763|0.0037167072296142
124|91|0.8240740740740741|0.0016779899597167|0.003770112991333
124|92|0.8240740740740741|0.001704454421997|0.0037622451782226
124|93|0.8240740740740741|0.0017397403717041|0.0039358139038085
124|94|0.8240740740740741|0.0017733573913574|0.0039539337158203
124|95|0.8240740740740741|0.0017518997192382|0.00384521484375
124|96|0.8055555555555556|0.0017745494842529|0.0040674209594726
124|97|0.8055555555555556|0.0017783641815185|0.0039224624633789
124|98|0.8055555555555556|0.0017857551574707|0.0039327144622802
124|99|0.8055555555555556|0.0018229484558105|0.0039577484130859
124|100|0.8055555555555556|0.0018441677093505|0.0040719509124755
124|101|0.8055555555555556|0.0018618106842041|0.004197359085083
124|102|0.8055555555555556|0.0018768310546875|0.0041959285736083
124|103|0.8055555555555556|0.0019159317016601|0.0042581558227539
124|104|0.8055555555555556|0.0019004344940185|0.0042228698730468
124|105|0.8055555555555556|0.0019409656524658|0.004044771194458
124|106|0.8055555555555556|0.0019557476043701|0.0043134689331054
124|107|0.8055555555555556|0.0019664764404296|0.0043673515319824
124|108|0.8055555555555556|0.0019459724426269|0.0042955875396728
124|109|0.8055555555555556|0.0019421577453613|0.0043690204620361
124|110|0.8055555555555556|0.0019459724426269|0.0042564868927001
124|111|0.8055555555555556|0.0019598007202148|0.0041484832763671
124|112|0.8055555555555556|0.0019991397857666|0.0041372776031494
124|113|0.8055555555555556|0.0019721984863281|0.0042877197265625
124|114|0.8055555555555556|0.0020129680633544|0.004155158996582
124|115|0.8055555555555556|0.0019958019256591|0.0044217109680175
124|116|0.8055555555555556|0.0020358562469482|0.0044333934783935
124|117|0.8055555555555556|0.0020229816436767|0.0042674541473388
124|118|0.8055555555555556|0.0020298957824707|0.004274845123291
124|119|0.8055555555555556|0.002023696899414|0.0044641494750976
124|120|0.8055555555555556|0.0020427703857421|0.0043530464172363
124|121|0.8055555555555556|0.0020380020141601|0.0042805671691894
124|122|0.8055555555555556|0.0021016597747802|0.0043842792510986
124|123|0.8055555555555556|0.0020954608917236|0.00468111038208
124|124|0.8055555555555556|0.0020856857299804|0.0045139789581298
124|125|0.8055555555555556|0.0020821094512939|0.0045971870422363
124|126|0.8055555555555556|0.0020945072174072|0.0045716762542724
124|127|0.8055555555555556|0.0021197795867919|0.0044305324554443
124|128|0.8055555555555556|0.0021142959594726|0.00453782081604
124|129|0.8055555555555556|0.0021255016326904|0.0047464370727539
124|130|0.8055555555555556|0.0022237300872802|0.0042681694030761
124|131|0.8055555555555556|0.002159833908081|0.0045573711395263
124|132|0.8055555555555556|0.0021820068359375|0.0047230720520019
124|133|0.8055555555555556|0.0022022724151611|0.0043671131134033
124|134|0.7962962962962963|0.0021793842315673|0.0044822692871093
124|135|0.7962962962962963|0.0021924972534179|0.0044085979461669
124|136|0.7962962962962963|0.0022313594818115|0.0043654441833496
124|137|0.7962962962962963|0.0022239685058593|0.0046765804290771
123|20|0.7407407407407407|0.0023376941680908|
123|21|0.7592592592592593|0.0016045570373535|0.002481460571289
123|22|0.7870370370370371|0.0016787052154541|0.0024056434631347
123|23|0.7870370370370371|0.0016155242919921|0.0024886131286621
123|24|0.8055555555555556|0.0016088485717773|0.0025420188903808
123|25|0.75|0.0016264915466308|0.0027203559875488
123|26|0.8148148148148148|0.0012228488922119|0.0026376247406005
123|27|0.7962962962962963|0.001000165939331|0.0015482902526855
123|28|0.7870370370370371|0.0010192394256591|0.0015757083892822
123|29|0.75|0.0009784698486328|0.0016233921051025
123|30|0.7407407407407407|0.0010287761688232|0.0016727447509765
123|31|0.7777777777777778|0.0010008811950683|0.0017251968383789
123|32|0.7685185185185185|0.0010316371917724|0.0018229484558105
123|33|0.7685185185185185|0.0009868144989013|0.0017733573913574
123|34|0.7685185185185185|0.001033067703247|0.0018894672393798
123|35|0.7777777777777778|0.0010092258453369|0.001875877380371
123|36|0.7685185185185185|0.001051902770996|0.0022094249725341
123|37|0.7685185185185185|0.0010511875152587|0.001969575881958
123|38|0.7685185185185185|0.0010938644409179|0.00197434425354
123|39|0.7777777777777778|0.0010273456573486|0.0019896030426025
123|40|0.7777777777777778|0.0010855197906494|0.0021333694458007
123|41|0.7870370370370371|0.0010390281677246|0.0020761489868164
123|42|0.8055555555555556|0.0010702610015869|0.0022065639495849
123|43|0.8055555555555556|0.0010547637939453|0.0022892951965332
123|44|0.7962962962962963|0.0010888576507568|0.0023167133331298
123|45|0.8055555555555556|0.0010552406311035|0.0022704601287841
123|46|0.7870370370370371|0.0011341571807861|0.0022759437561035
123|47|0.8055555555555556|0.0010716915130615|0.0022943019866943
123|48|0.7962962962962963|0.0011353492736816|0.0024092197418212
123|49|0.8148148148148148|0.0010793209075927|0.0023989677429199
123|50|0.8148148148148148|0.0011162757873535|0.002368688583374
123|51|0.8240740740740741|0.0011003017425537|0.0024158954620361
123|52|0.8240740740740741|0.0011601448059082|0.0024695396423339
123|53|0.8240740740740741|0.0011181831359863|0.0025229454040527
123|54|0.8240740740740741|0.0011570453643798|0.0025300979614257
123|55|0.8240740740740741|0.001147985458374|0.0026447772979736
123|56|0.8240740740740741|0.0011842250823974|0.0027174949645996
123|57|0.8148148148148148|0.0011672973632812|0.0027291774749755
123|58|0.8240740740740741|0.0011982917785644|0.00276780128479
123|59|0.8333333333333334|0.0011801719665527|0.0027813911437988
123|60|0.8148148148148148|0.0012369155883789|0.0028002262115478
123|61|0.8240740740740741|0.0012030601501464|0.0029349327087402
123|62|0.8148148148148148|0.001272439956665|0.00297212600708
123|63|0.8055555555555556|0.0012190341949462|0.0028576850891113
123|64|0.8055555555555556|0.0012359619140625|0.0030405521392822
123|65|0.8055555555555556|0.0012328624725341|0.0029008388519287
123|66|0.8148148148148148|0.00124192237854|0.0029819011688232
123|67|0.8148148148148148|0.0012619495391845|0.003014326095581
123|68|0.8055555555555556|0.0012686252593994|0.0029988288879394
123|69|0.8055555555555556|0.0012845993041992|0.0030806064605712
123|70|0.7962962962962963|0.0012891292572021|0.0032422542572021
123|71|0.7962962962962963|0.0013070106506347|0.0031356811523437
123|72|0.8055555555555556|0.0013108253479003|0.0032010078430175
123|73|0.8055555555555556|0.0013222694396972|0.0032045841217041
123|74|0.7962962962962963|0.0013320446014404|0.0032119750976562
123|75|0.7962962962962963|0.0013549327850341|0.0032405853271484
123|76|0.7962962962962963|0.0013701915740966|0.0032789707183837
123|77|0.7962962962962963|0.0013706684112548|0.0034973621368408
123|78|0.7962962962962963|0.0013816356658935|0.0032994747161865
123|79|0.7962962962962963|0.0013985633850097|0.0032987594604492
123|80|0.7962962962962963|0.001415729522705|0.0033779144287109
123|81|0.7962962962962963|0.0014412403106689|0.0036206245422363
123|82|0.8055555555555556|0.0014615058898925|0.0034396648406982
123|83|0.8055555555555556|0.0014655590057373|0.0034778118133544
123|84|0.7962962962962963|0.0015087127685546|0.0036251544952392
123|85|0.7962962962962963|0.001497745513916|0.0035719871520996
123|86|0.7962962962962963|0.0015110969543457|0.003688097000122
123|87|0.7870370370370371|0.0015509128570556|0.0035247802734375
123|88|0.7870370370370371|0.0015292167663574|0.003641128540039
123|89|0.7870370370370371|0.0015721321105957|0.0036699771881103
123|90|0.7870370370370371|0.0015954971313476|0.0037975311279296
123|91|0.7870370370370371|0.0016224384307861|0.0037293434143066
123|92|0.7870370370370371|0.0016281604766845|0.003737449645996
123|93|0.7870370370370371|0.0016417503356933|0.0038454532623291
123|94|0.7870370370370371|0.0016648769378662|0.0038139820098876
123|95|0.7870370370370371|0.0016913414001464|0.0037734508514404
123|96|0.7870370370370371|0.0017015933990478|0.0037693977355957
123|97|0.7870370370370371|0.0017099380493164|0.003807783126831
123|98|0.7870370370370371|0.001723289489746|0.0040302276611328
123|99|0.7870370370370371|0.0027825832366943|0.007049560546875
123|100|0.7870370370370371|0.0027492046356201|0.0071494579315185
123|101|0.7870370370370371|0.0028040409088134|0.0070884227752685
123|102|0.7870370370370371|0.0018117427825927|0.0060179233551025
123|103|0.7870370370370371|0.0018067359924316|0.0039968490600585
123|104|0.7962962962962963|0.0017073154449462|0.0039372444152832
123|105|0.7962962962962963|0.0017275810241699|0.0042090415954589
123|106|0.7962962962962963|0.0017318725585937|0.0041244029998779
123|107|0.7962962962962963|0.0017440319061279|0.0040686130523681
123|108|0.7962962962962963|0.0020570755004882|0.0040400028228759
123|109|0.7962962962962963|0.0017426013946533|0.0041403770446777
123|110|0.7962962962962963|0.0017552375793457|0.0042486190795898
123|111|0.7962962962962963|0.0017626285552978|0.0042085647583007
123|112|0.7962962962962963|0.0017693042755126|0.0040388107299804
123|113|0.7962962962962963|0.0017685890197753|0.0041577816009521
123|114|0.7962962962962963|0.0017881393432617|0.004098892211914
123|115|0.7962962962962963|0.0018227100372314|0.0040678977966308
123|116|0.7962962962962963|0.0018243789672851|0.0043632984161376
123|117|0.7962962962962963|0.0018236637115478|0.0040862560272216
123|118|0.7962962962962963|0.0018308162689208|0.0043065547943115
123|119|0.7962962962962963|0.0018360614776611|0.0041351318359375
123|120|0.7962962962962963|0.0018374919891357|0.00433349609375
123|121|0.7870370370370371|0.0018892288208007|0.0044267177581787
123|122|0.7870370370370371|0.0018820762634277|0.0043685436248779
123|123|0.7870370370370371|0.0019030570983886|0.0042297840118408
123|124|0.7870370370370371|0.0019423961639404|0.0044920444488525
123|125|0.7870370370370371|0.0019679069519042|0.0042262077331542
123|126|0.7870370370370371|0.0019624233245849|0.0043704509735107
123|127|0.7870370370370371|0.0019803047180175|0.0045366287231445
123|128|0.7870370370370371|0.0020079612731933|0.0043292045593261
123|129|0.7870370370370371|0.0020127296447753|0.0045011043548583
123|130|0.7870370370370371|0.0020267963409423|0.0043418407440185
123|131|0.7870370370370371|0.0020482540130615|0.0042915344238281
123|132|0.7870370370370371|0.0020449161529541|0.0046072006225585
123|133|0.7870370370370371|0.0020649433135986|0.0045306682586669
123|134|0.7870370370370371|0.0020644664764404|0.0044875144958496
123|135|0.7870370370370371|0.0020744800567626|0.0045993328094482
123|136|0.7870370370370371|0.0020737648010253|0.0045826435089111
123|137|0.7870370370370371|0.0020811557769775|0.0044701099395751
126|20|0.7685185185185185|0.0011756420135498|
126|21|0.7685185185185185|0.0009863376617431|0.0013308525085449
126|22|0.7777777777777778|0.0009932518005371|0.0013422966003417
126|23|0.7870370370370371|0.0009768009185791|0.0014209747314453
126|24|0.7685185185185185|0.0009822845458984|0.001399278640747
126|25|0.7870370370370371|0.0009863376617431|0.0014324188232421
126|26|0.7685185185185185|0.0009863376617431|0.0014650821685791
126|27|0.7685185185185185|0.0010135173797607|0.0015041828155517
126|28|0.8055555555555556|0.0010087490081787|0.0015802383422851
126|29|0.8055555555555556|0.0010020732879638|0.0016055107116699
126|30|0.7962962962962963|0.0010144710540771|0.0016343593597412
126|31|0.7870370370370371|0.0010139942169189|0.0016658306121826
126|32|0.7962962962962963|0.0010221004486083|0.0017211437225341
126|33|0.8240740740740741|0.0010459423065185|0.0017445087432861
126|34|0.8425925925925926|0.0010421276092529|0.001779556274414
126|35|0.8425925925925926|0.0010411739349365|0.0018231868743896
126|36|0.8703703703703703|0.0010619163513183|0.0018582344055175
126|37|0.8518518518518519|0.0010819435119628|0.0020256042480468
126|38|0.8703703703703703|0.0010707378387451|0.0020322799682617
126|39|0.8703703703703703|0.0010828971862792|0.001976728439331
126|40|0.8703703703703703|0.001077651977539|0.0021462440490722
126|41|0.8703703703703703|0.0011262893676757|0.0020449161529541
126|42|0.8425925925925926|0.0011093616485595|0.0020723342895507
126|43|0.8611111111111112|0.0011131763458251|0.0021796226501464
126|44|0.8518518518518519|0.0011131763458251|0.002352237701416
126|45|0.8518518518518519|0.0011098384857177|0.0023579597473144
126|46|0.8425925925925926|0.0011186599731445|0.0022950172424316
126|47|0.8148148148148148|0.0011305809020996|0.0022876262664794
126|48|0.8240740740740741|0.0011687278747558|0.0023121833801269
126|49|0.8333333333333334|0.0011639595031738|0.0023887157440185
126|50|0.8333333333333334|0.0011687278747558|0.0024113655090332
126|51|0.8333333333333334|0.0011806488037109|0.0024261474609375
126|52|0.8240740740740741|0.0011699199676513|0.002535343170166
126|53|0.8425925925925926|0.0012133121490478|0.0025126934051513
126|54|0.8333333333333334|0.0012133121490478|0.0026314258575439
126|55|0.8333333333333334|0.0012118816375732|0.0025470256805419
126|56|0.8240740740740741|0.001216173171997|0.0026824474334716
126|57|0.8333333333333334|0.0012247562408447|0.0026624202728271
126|58|0.8333333333333334|0.0012533664703369|0.0026040077209472
126|59|0.8425925925925926|0.0012462139129638|0.0027534961700439
126|60|0.8425925925925926|0.0012791156768798|0.0027861595153808
126|61|0.8333333333333334|0.0012483596801757|0.0027422904968261
126|62|0.8425925925925926|0.0013024806976318|0.0027856826782226
126|63|0.8518518518518519|0.0012822151184082|0.0029828548431396
126|64|0.8703703703703703|0.001305341720581|0.0029382705688476
126|65|0.8518518518518519|0.0012931823730468|0.0029799938201904
126|66|0.8518518518518519|0.0012996196746826|0.0029003620147705
126|67|0.8518518518518519|0.0013248920440673|0.0029840469360351
126|68|0.8518518518518519|0.0013220310211181|0.0029747486114501
126|69|0.8518518518518519|0.0013167858123779|0.0031445026397705
126|70|0.8333333333333334|0.0013456344604492|0.0031301975250244
126|71|0.8425925925925926|0.0013549327850341|0.0030391216278076
126|72|0.8518518518518519|0.0013885498046875|0.0030577182769775
126|73|0.8611111111111112|0.0013766288757324|0.0032243728637695
126|74|0.8611111111111112|0.0013794898986816|0.0032064914703369
126|75|0.8703703703703703|0.001394510269165|0.0033643245697021
126|76|0.8518518518518519|0.0014111995697021|0.0032472610473632
126|77|0.8518518518518519|0.0014405250549316|0.0033905506134033
126|78|0.8611111111111112|0.0014591217041015|0.0033211708068847
126|79|0.8981481481481481|0.00144624710083|0.0033702850341796
126|80|0.8888888888888888|0.0014605522155761|0.0034117698669433
126|81|0.8796296296296297|0.0014677047729492|0.003387451171875
126|82|0.8888888888888888|0.001474380493164|0.0034334659576416
126|83|0.8796296296296297|0.0014660358428955|0.0036289691925048
126|84|0.8796296296296297|0.0015079975128173|0.003448486328125
126|85|0.8888888888888888|0.0015316009521484|0.0034737586975097
126|86|0.8796296296296297|0.0015561580657958|0.0036211013793945
126|87|0.8611111111111112|0.001981496810913|0.0040395259857177
126|88|0.8703703703703703|0.0015912055969238|0.0037593841552734
126|89|0.8703703703703703|0.0016005039215087|0.0035092830657958
126|90|0.8611111111111112|0.0016140937805175|0.0036885738372802
126|91|0.8611111111111112|0.0016813278198242|0.0037665367126464
126|92|0.8611111111111112|0.0016663074493408|0.0039637088775634
126|93|0.8611111111111112|0.0016741752624511|0.0036587715148925
126|94|0.8611111111111112|0.0016603469848632|0.0039892196655273
126|95|0.8611111111111112|0.0017156600952148|0.0037617683410644
126|96|0.8611111111111112|0.0017218589782714|0.0036962032318115
126|97|0.8703703703703703|0.0017197132110595|0.0038280487060546
126|98|0.8703703703703703|0.0017778873443603|0.0037474632263183
126|99|0.8703703703703703|0.0018098354339599|0.0038697719573974
126|100|0.8703703703703703|0.0017485618591308|0.0039706230163574
126|101|0.8703703703703703|0.0017874240875244|0.0040199756622314
126|102|0.8703703703703703|0.001861572265625|0.0038568973541259
126|103|0.8703703703703703|0.0019371509552001|0.0040953159332275
126|104|0.8703703703703703|0.0018773078918457|0.0039222240447998
126|105|0.8703703703703703|0.0019540786743164|0.004000186920166
126|106|0.8703703703703703|0.0018603801727294|0.0039365291595458
126|107|0.8703703703703703|0.0018689632415771|0.0042014122009277
126|108|0.8703703703703703|0.0018641948699951|0.0041713714599609
126|109|0.8703703703703703|0.0018680095672607|0.0039513111114501
126|110|0.8703703703703703|0.0018634796142578|0.0040361881256103
126|111|0.8703703703703703|0.0018861293792724|0.0039551258087158
126|112|0.8703703703703703|0.0018596649169921|0.0040850639343261
126|113|0.8703703703703703|0.001861572265625|0.0040030479431152
126|114|0.8703703703703703|0.0018970966339111|0.0041241645812988
126|115|0.8611111111111112|0.0019986629486083|0.0041499137878417
126|116|0.8611111111111112|0.0020051002502441|0.0040946006774902
126|117|0.8518518518518519|0.0020201206207275|0.0041806697845458
126|118|0.8518518518518519|0.0020728111267089|0.004310131072998
126|119|0.8518518518518519|0.0020980834960937|0.004204511642456
126|120|0.8518518518518519|0.0020582675933837|0.0045366287231445
126|121|0.8518518518518519|0.0021300315856933|0.0045721530914306
126|122|0.8518518518518519|0.0021460056304931|0.0042319297790527
126|123|0.8518518518518519|0.0021302700042724|0.0043692588806152
126|124|0.8518518518518519|0.002143383026123|0.0045535564422607
126|125|0.8518518518518519|0.0021491050720214|0.0043373107910156
126|126|0.8518518518518519|0.0021252632141113|0.0043818950653076
126|127|0.8518518518518519|0.0021297931671142|0.0043363571166992
126|128|0.8518518518518519|0.0021431446075439|0.0044863224029541
126|129|0.8518518518518519|0.0022087097167968|0.0046398639678955
126|130|0.8518518518518519|0.0022265911102294|0.0043580532073974
126|131|0.8518518518518519|0.0022261142730712|0.0045688152313232
126|132|0.8518518518518519|0.0022239685058593|0.0043823719024658
126|133|0.8518518518518519|0.0022881031036376|0.0042741298675537
126|134|0.8518518518518519|0.0022892951965332|0.0044434070587158
126|135|0.8611111111111112|0.0022952556610107|0.0047156810760498
126|136|0.8611111111111112|0.0022535324096679|0.0045900344848632
126|137|0.8611111111111112|0.0022737979888916|0.0047934055328369
120|138|0.8333333333333334|0.0020065307617187|0.0042223930358886
120|139|0.8333333333333334|0.0020186901092529|0.0042638778686523
120|140|0.8333333333333334|0.0020313262939453|0.004225730895996
120|141|0.8333333333333334|0.0020282268524169|0.0042870044708251
120|142|0.8333333333333334|0.0020515918731689|0.004241943359375
120|143|0.8333333333333334|0.0020551681518554|0.0042428970336914
120|144|0.8333333333333334|0.0020701885223388|0.0042524337768554
120|145|0.8333333333333334|0.0020761489868164|0.0042574405670166
120|146|0.8333333333333334|0.0020873546600341|0.0042800903320312
120|147|0.8333333333333334|0.002089500427246|0.0042581558227539
120|148|0.8333333333333334|0.0020966529846191|0.0042827129364013
120|149|0.8333333333333334|0.0021071434020996|0.0042672157287597
120|150|0.8333333333333334|0.0021023750305175|0.0042717456817626
120|151|0.8333333333333334|0.0021140575408935|0.0042774677276611
120|152|0.8333333333333334|0.0021219253540039|0.0042705535888671
120|153|0.8333333333333334|0.0021250247955322|0.0046110153198242
120|154|0.8333333333333334|0.0021982192993164|0.0042638778686523
120|155|0.8333333333333334|0.0021359920501708|0.0042707920074462
120|156|0.8333333333333334|0.0021452903747558|0.0042884349822998
120|157|0.8333333333333334|0.0021576881408691|0.0042810440063476
120|158|0.8333333333333334|0.0021684169769287|0.004298448562622
120|159|0.8333333333333334|0.0021901130676269|0.004277229309082
120|160|0.8333333333333334|0.0021877288818359|0.0043103694915771
120|161|0.8333333333333334|0.0021824836730957|0.0042836666107177
120|162|0.8333333333333334|0.0025057792663574|0.0045516490936279
122|138|0.8518518518518519|0.0021886825561523|0.0046558380126953
122|139|0.8518518518518519|0.0021808147430419|0.004596471786499
122|140|0.8518518518518519|0.0021727085113525|0.0046212673187255
122|141|0.8518518518518519|0.0022060871124267|0.0044472217559814
122|142|0.8518518518518519|0.0021908283233642|0.0049059391021728
122|143|0.8518518518518519|0.0021984577178955|0.0046489238739013
122|144|0.8518518518518519|0.0022130012512207|0.0044403076171875
122|145|0.8518518518518519|0.0022096633911132|0.0046076774597167
122|146|0.8518518518518519|0.0022249221801757|0.0046536922454833
122|147|0.8518518518518519|0.0022375583648681|0.0044519901275634
122|148|0.8518518518518519|0.0022602081298828|0.0049057006835937
122|149|0.8518518518518519|0.0022759437561035|0.0049226284027099
122|150|0.8518518518518519|0.0022599697113037|0.0048465728759765
122|151|0.8518518518518519|0.0022926330566406|0.0046119689941406
122|152|0.8518518518518519|0.0022933483123779|0.0047342777252197
122|153|0.8518518518518519|0.0023093223571777|0.0048511028289794
122|154|0.8518518518518519|0.0022957324981689|0.0047307014465332
122|155|0.8518518518518519|0.0023291110992431|0.0047557353973388
122|156|0.8518518518518519|0.0023391246795654|0.0046696662902832
122|157|0.8518518518518519|0.0023434162139892|0.0047113895416259
122|158|0.8518518518518519|0.0027060508728027|0.0047931671142578
122|159|0.8518518518518519|0.0025014877319335|0.0048663616180419
122|160|0.8518518518518519|0.0025269985198974|0.00472092628479
122|161|0.8518518518518519|0.0024619102478027|0.0044920444488525
122|162|0.8518518518518519|0.0023305416107177|0.0047001838684082
128|138|0.7962962962962963|0.0020670890808105|0.0042519569396972
128|139|0.7962962962962963|0.002103567123413|0.0043256282806396
128|140|0.7962962962962963|0.0021071434020996|0.0042378902435302
128|141|0.7962962962962963|0.0020928382873535|0.0043287277221679
128|142|0.7962962962962963|0.0021002292633056|0.0042865276336669
128|143|0.7962962962962963|0.0021061897277832|0.0042810440063476
128|144|0.7962962962962963|0.0021450519561767|0.0042891502380371
128|145|0.7962962962962963|0.0021028518676757|0.0043015480041503
128|146|0.7962962962962963|0.0021455287933349|0.0042948722839355
128|147|0.7962962962962963|0.0021579265594482|0.0042715072631835
128|148|0.7962962962962963|0.0021271705627441|0.0042994022369384
128|149|0.7962962962962963|0.0021398067474365|0.0042972564697265
128|150|0.7962962962962963|0.0021495819091796|0.0043272972106933
128|151|0.7962962962962963|0.0021572113037109|0.0043332576751708
128|152|0.7962962962962963|0.0021719932556152|0.0045762062072753
128|153|0.7962962962962963|0.0021696090698242|0.0045051574707031
128|154|0.7962962962962963|0.0021464824676513|0.0043234825134277
128|155|0.7962962962962963|0.0022072792053222|0.0043404102325439
128|156|0.7962962962962963|0.0021815299987792|0.0043137073516845
128|157|0.7962962962962963|0.0023715496063232|0.0043885707855224
128|158|0.7962962962962963|0.0024080276489257|0.0043387413024902
128|159|0.7962962962962963|0.0025548934936523|0.0044343471527099
128|160|0.7962962962962963|0.0027682781219482|0.0044875144958496
128|161|0.7962962962962963|0.0023815631866455|0.0043380260467529
128|162|0.7962962962962963|0.0023765563964843|0.0047168731689453
125|138|0.9166666666666666|0.0022127628326416|0.0048897266387939
125|139|0.9166666666666666|0.0022001266479492|0.0047483444213867
125|140|0.9166666666666666|0.0021777153015136|0.004457950592041
125|141|0.9166666666666666|0.0021984577178955|0.0046277046203613
125|142|0.9166666666666666|0.0022015571594238|0.0046262741088867
125|143|0.9166666666666666|0.0022175312042236|0.0044836997985839
125|144|0.9166666666666666|0.0022087097167968|0.0044832229614257
125|145|0.9166666666666666|0.0021955966949462|0.0046346187591552
125|146|0.9166666666666666|0.0022141933441162|0.0046291351318359
125|147|0.9166666666666666|0.0022108554840087|0.0044972896575927
125|148|0.9166666666666666|0.0022172927856445|0.0045084953308105
125|149|0.9166666666666666|0.0022306442260742|0.0046923160552978
125|150|0.9166666666666666|0.0022599697113037|0.0046586990356445
125|151|0.9166666666666666|0.002249002456665|0.0045030117034912
125|152|0.9166666666666666|0.0022485256195068|0.0045218467712402
125|153|0.9166666666666666|0.0022675991058349|0.0048005580902099
125|154|0.9166666666666666|0.0022945404052734|0.0046515464782714
125|155|0.9166666666666666|0.002324104309082|0.0046491622924804
125|156|0.9166666666666666|0.002291202545166|0.0047035217285156
125|157|0.9166666666666666|0.0024127960205078|0.0046017169952392
125|158|0.9166666666666666|0.0024552345275878|0.0047926902770996
125|159|0.9166666666666666|0.0027763843536376|0.0048277378082275
125|160|0.9166666666666666|0.0023958683013916|0.0046067237854003
125|161|0.9166666666666666|0.0023393630981445|0.0047435760498046
125|162|0.9166666666666666|0.0025305747985839|0.0056900978088378
121|138|0.8240740740740741|0.0022413730621337|0.0043251514434814
121|139|0.8240740740740741|0.0022742748260498|0.0043249130249023
121|140|0.8240740740740741|0.0022919178009033|0.0043320655822753
121|141|0.8240740740740741|0.0023269653320312|0.0045857429504394
121|142|0.8240740740740741|0.0023024082183837|0.0044615268707275
121|143|0.8240740740740741|0.0023176670074462|0.0045485496520996
121|144|0.8240740740740741|0.0023269653320312|0.0044703483581542
121|145|0.8240740740740741|0.0023636817932128|0.0047636032104492
121|146|0.8240740740740741|0.0023417472839355|0.0043725967407226
121|147|0.8240740740740741|0.0023818016052246|0.0043911933898925
121|148|0.8240740740740741|0.0024151802062988|0.0043921470642089
121|149|0.8240740740740741|0.0023717880249023|0.0043947696685791
121|150|0.8240740740740741|0.0023772716522216|0.0045275688171386
121|151|0.8240740740740741|0.0024144649505615|0.0044033527374267
121|152|0.8240740740740741|0.0023858547210693|0.0043964385986328
121|153|0.8240740740740741|0.0024261474609375|0.0044169425964355
121|154|0.8240740740740741|0.0050930976867675|0.0044176578521728
121|155|0.8240740740740741|0.0024685859680175|0.0045206546783447
121|156|0.8240740740740741|0.0024797916412353|0.0044136047363281
121|157|0.8240740740740741|0.0025081634521484|0.0045027732849121
121|158|0.8240740740740741|0.0025317668914794|0.004716157913208
121|159|0.8240740740740741|0.0025153160095214|0.0044116973876953
121|160|0.8240740740740741|0.0025177001953125|0.0044379234313964
121|161|0.8240740740740741|0.0025238990783691|0.0044472217559814
121|162|0.8240740740740741|0.0025997161865234|0.0044617652893066
129|138|0.8055555555555556|0.0021405220031738|0.0043065547943115
129|139|0.8055555555555556|0.0021684169769287|0.0044293403625488
129|140|0.8055555555555556|0.002166748046875|0.004312515258789
129|141|0.8055555555555556|0.0021653175354003|0.0044612884521484
129|142|0.8055555555555556|0.0021677017211914|0.004331350326538
129|143|0.8055555555555556|0.0022015571594238|0.0044057369232177
129|144|0.8055555555555556|0.0021851062774658|0.0043568611145019
129|145|0.8055555555555556|0.0021960735321044|0.0043644905090332
129|146|0.8055555555555556|0.0022222995758056|0.0043511390686035
129|147|0.8055555555555556|0.0022134780883789|0.0043935775756835
129|148|0.8055555555555556|0.002232551574707|0.0043487548828125
129|149|0.8055555555555556|0.0022249221801757|0.0043649673461914
129|150|0.8055555555555556|0.0022041797637939|0.0044202804565429
129|151|0.8055555555555556|0.0022060871124267|0.0043847560882568
129|152|0.8055555555555556|0.0022275447845458|0.0044093132019042
129|153|0.8055555555555556|0.0022501945495605|0.0043914318084716
129|154|0.8055555555555556|0.0022318363189697|0.0044090747833251
129|155|0.8055555555555556|0.0023505687713623|0.0043814182281494
129|156|0.8055555555555556|0.0023558139801025|0.0043938159942626
129|157|0.8055555555555556|0.0024478435516357|0.0044279098510742
129|158|0.8055555555555556|0.0026319026947021|0.0045158863067626
129|159|0.8055555555555556|0.0022764205932617|0.0043990612030029
129|160|0.8055555555555556|0.0022754669189453|0.0044009685516357
129|161|0.8055555555555556|0.0024142265319824|0.0043787956237792
129|162|0.8055555555555556|0.0024888515472412|0.0044300556182861
127|139|0.7685185185185185|0.0021867752075195|0.0045154094696044
127|140|0.7685185185185185|0.0021653175354003|0.0044441223144531
127|141|0.7685185185185185|0.0021822452545166|0.0043745040893554
127|142|0.7685185185185185|0.0022521018981933|0.0043554306030273
127|143|0.7685185185185185|0.0022530555725097|0.0044000148773193
127|144|0.7685185185185185|0.0022559165954589|0.0046632289886474
127|145|0.7685185185185185|0.0022487640380859|0.0042757987976074
127|146|0.7685185185185185|0.0022478103637695|0.0043098926544189
127|147|0.7685185185185185|0.0022838115692138|0.0043733119964599
127|148|0.7685185185185185|0.0022544860839843|0.004396915435791
127|149|0.7685185185185185|0.0022246837615966|0.0044219493865966
127|150|0.7685185185185185|0.0022735595703125|0.0044653415679931
127|151|0.7685185185185185|0.0023140907287597|0.0043587684631347
127|152|0.7685185185185185|0.0022788047790527|0.004420518875122
127|153|0.7685185185185185|0.0022881031036376|0.0043239593505859
127|154|0.7685185185185185|0.0022618770599365|0.00441575050354
127|155|0.7685185185185185|0.0022974014282226|0.0044281482696533
127|156|0.7685185185185185|0.0025115013122558|0.004584789276123
127|157|0.7685185185185185|0.0021684169769287|0.0045366287231445
127|158|0.7685185185185185|0.0021753311157226|0.0048043727874755
127|159|0.7685185185185185|0.0034162998199462|0.0048565864562988
127|160|0.7685185185185185|0.0024378299713134|0.0045239925384521
127|161|0.7685185185185185|0.0025994777679443|0.004514455795288
127|162|0.7685185185185185|0.0025019645690917|0.004443883895874
124|138|0.7962962962962963|0.0022335052490234|0.0045366287231445
124|139|0.7962962962962963|0.0022451877593994|0.004662275314331
124|140|0.7962962962962963|0.0022592544555664|0.0045504570007324
124|141|0.7962962962962963|0.0022687911987304|0.0045933723449707
124|142|0.7962962962962963|0.0022873878479003|0.0046737194061279
124|143|0.7962962962962963|0.0023121833801269|0.0048308372497558
124|144|0.7962962962962963|0.002281904220581|0.0046677589416503
124|145|0.7962962962962963|0.0022761821746826|0.0047247409820556
124|146|0.7962962962962963|0.0022909641265869|0.0046660900115966
124|147|0.7962962962962963|0.0023064613342285|0.004547119140625
124|148|0.7962962962962963|0.0035891532897949|0.0059890747070312
124|149|0.7962962962962963|0.0027966499328613|0.0078942775726318
124|150|0.7962962962962963|0.0023279190063476|0.0047345161437988
124|151|0.7962962962962963|0.0023021697998046|0.0045900344848632
124|152|0.7962962962962963|0.0025978088378906|0.0048842430114746
124|153|0.7962962962962963|0.0023639202117919|0.0047423839569091
124|154|0.7962962962962963|0.0023956298828125|0.0045547485351562
124|155|0.7962962962962963|0.0023891925811767|0.0044960975646972
124|156|0.7962962962962963|0.0024025440216064|0.004770278930664
124|157|0.7962962962962963|0.0024800300598144|0.0047125816345214
124|158|0.7962962962962963|0.0025479793548583|0.0046377182006835
124|159|0.7962962962962963|0.0025956630706787|0.0047054290771484
124|160|0.7962962962962963|0.0025179386138916|0.0044856071472167
124|161|0.7962962962962963|0.0024406909942626|0.0046279430389404
124|162|0.7962962962962963|0.0024192333221435|0.0044863224029541
123|138|0.7870370370370371|0.0020983219146728|0.0045688152313232
123|139|0.7870370370370371|0.002108097076416|0.0045695304870605
123|140|0.7870370370370371|0.0021302700042724|0.0046064853668212
123|141|0.7870370370370371|0.0021264553070068|0.0045313835144042
123|142|0.7870370370370371|0.0021240711212158|0.0043890476226806
123|143|0.7870370370370371|0.0033605098724365|0.0076277256011962
123|144|0.7870370370370371|0.0033485889434814|0.0079462528228759
123|145|0.7870370370370371|0.0033729076385498|0.0079531669616699
123|146|0.7870370370370371|0.0024755001068115|0.0078067779541015
123|147|0.7870370370370371|0.0024003982543945|0.0046336650848388
123|148|0.7870370370370371|0.0023090839385986|0.0047712326049804
123|149|0.7870370370370371|0.0023300647735595|0.0046384334564208
123|150|0.7870370370370371|0.0025253295898437|0.0046017169952392
123|151|0.7870370370370371|0.0022993087768554|0.0046167373657226
123|152|0.7870370370370371|0.0022094249725341|0.0043931007385253
123|153|0.7870370370370371|0.0022616386413574|0.0046160221099853
123|154|0.7870370370370371|0.0023741722106933|0.0046215057373046
123|155|0.7870370370370371|0.002439260482788|0.0049202442169189
123|156|0.7870370370370371|0.0024757385253906|0.0046250820159912
123|157|0.7870370370370371|0.0023910999298095|0.0045294761657714
123|158|0.7870370370370371|0.0025160312652587|0.0046663284301757
123|159|0.7870370370370371|0.0025544166564941|0.0043568611145019
123|160|0.7870370370370371|0.0022788047790527|0.0041496753692626
123|161|0.7870370370370371|0.0022423267364501|0.0043373107910156
123|162|0.7870370370370371|0.0022966861724853|0.0042495727539062
126|138|0.8611111111111112|0.0022575855255126|0.0044574737548828
126|139|0.8611111111111112|0.0022728443145751|0.0046687126159667
126|140|0.8611111111111112|0.0022671222686767|0.0044398307800292
126|141|0.8611111111111112|0.0022385120391845|0.004493236541748
126|142|0.8611111111111112|0.0022470951080322|0.0044572353363037
126|143|0.8611111111111112|0.0022602081298828|0.0044784545898437
126|144|0.8611111111111112|0.0022740364074707|0.0044736862182617
126|145|0.8611111111111112|0.0023181438446044|0.0047833919525146
126|146|0.8611111111111112|0.0023164749145507|0.0047595500946044
126|147|0.8611111111111112|0.0023322105407714|0.0046381950378417
126|148|0.8611111111111112|0.0023081302642822|0.0046396255493164
126|149|0.8611111111111112|0.002295970916748|0.0047328472137451
126|150|0.8611111111111112|0.0023281574249267|0.0046935081481933
126|151|0.8611111111111112|0.002317190170288|0.0049571990966796
126|152|0.8611111111111112|0.0023183822631835|0.0046818256378173
126|153|0.8611111111111112|0.0024099349975585|0.0057902336120605
126|154|0.8611111111111112|0.0034213066101074|0.0047183036804199
126|155|0.8611111111111112|0.0025470256805419|0.0046162605285644
126|156|0.8611111111111112|0.0025503635406494|0.0046930313110351
126|157|0.8611111111111112|0.0024471282958984|0.0043873786926269
126|158|0.8611111111111112|0.0024354457855224|0.0046539306640625
126|159|0.8611111111111112|0.0023267269134521|0.0046174526214599
126|160|0.8611111111111112|0.0024385452270507|0.0046412944793701
126|161|0.8611111111111112|0.0025131702423095|0.0042922496795654
126|162|0.8611111111111112|0.0026357173919677|0.0045380592346191
130|20|0.7314814814814815|0.0013206005096435|
130|21|0.7222222222222222|0.0009980201721191|0.0013680458068847
130|22|0.7314814814814815|0.00103759765625|0.0013155937194824
130|23|0.7407407407407407|0.0010173320770263|0.0014054775238037
130|24|0.7222222222222222|0.0010116100311279|0.0013899803161621
130|25|0.7592592592592593|0.0009598731994628|0.0014777183532714
130|26|0.7314814814814815|0.0009851455688476|0.0014944076538085
130|27|0.75|0.0009756088256835|0.001622200012207
130|28|0.7592592592592593|0.0009710788726806|0.0015616416931152
130|29|0.7314814814814815|0.0009706020355224|0.0016767978668212
130|30|0.7314814814814815|0.0009958744049072|0.0017139911651611
130|31|0.75|0.0009963512420654|0.0017731189727783
130|32|0.7592592592592593|0.0009846687316894|0.001816987991333
130|33|0.7685185185185185|0.0009791851043701|0.0017950534820556
130|34|0.7314814814814815|0.0009999275207519|0.0019311904907226
130|35|0.7129629629629629|0.001039981842041|0.0019268989562988
130|36|0.7222222222222222|0.0010237693786621|0.0018961429595947
130|37|0.7129629629629629|0.0010056495666503|0.0019888877868652
130|38|0.75|0.0010361671447753|0.0020577907562255
130|39|0.7685185185185185|0.0010209083557128|0.0020465850830078
130|40|0.7685185185185185|0.0010695457458496|0.0021541118621826
130|41|0.7777777777777778|0.0010273456573486|0.0022017955780029
130|42|0.7685185185185185|0.0010626316070556|0.0022251605987548
130|43|0.7777777777777778|0.0010426044464111|0.0022709369659423
130|44|0.7777777777777778|0.0010929107666015|0.0022449493408203
130|45|0.7777777777777778|0.0010325908660888|0.0023071765899658
130|46|0.7962962962962963|0.0010988712310791|0.0023779869079589
130|47|0.7962962962962963|0.0010793209075927|0.0022890567779541
130|48|0.8148148148148148|0.0011265277862548|0.0023703575134277
130|49|0.8333333333333334|0.0010895729064941|0.0023832321166992
130|50|0.8333333333333334|0.0011234283447265|0.0024330615997314
130|51|0.8240740740740741|0.0011045932769775|0.0025830268859863
130|52|0.8148148148148148|0.0011658668518066|0.0025172233581542
130|53|0.8240740740740741|0.0011436939239501|0.0025744438171386
130|54|0.8148148148148148|0.0011787414550781|0.0026612281799316
130|55|0.8240740740740741|0.001155138015747|0.0026512145996093
130|56|0.8055555555555556|0.0011920928955078|0.0026462078094482
130|57|0.8240740740740741|0.0011529922485351|0.002800703048706
130|58|0.8240740740740741|0.0012035369873046|0.0027065277099609
130|59|0.8240740740740741|0.0011830329895019|0.0028188228607177
130|60|0.8240740740740741|0.0012452602386474|0.002723217010498
130|61|0.8055555555555556|0.0012123584747314|0.0028877258300781
130|62|0.8055555555555556|0.0012397766113281|0.0027785301208496
130|63|0.8055555555555556|0.0011909008026123|0.0029189586639404
130|64|0.8148148148148148|0.0012063980102539|0.0029160976409912
130|65|0.8055555555555556|0.0011978149414062|0.0029881000518798
130|66|0.8148148148148148|0.0012123584747314|0.0030305385589599
130|67|0.8055555555555556|0.0012300014495849|0.0029971599578857
130|68|0.8148148148148148|0.0012567043304443|0.0030808448791503
130|69|0.8148148148148148|0.0012643337249755|0.0029883384704589
130|70|0.8148148148148148|0.0012686252593994|0.0030956268310546
130|71|0.8148148148148148|0.0012581348419189|0.0031511783599853
130|72|0.8148148148148148|0.0012962818145751|0.0030512809753417
130|73|0.8055555555555556|0.0012862682342529|0.0032300949096679
130|74|0.8148148148148148|0.0012972354888916|0.0031912326812744
130|75|0.8148148148148148|0.0013175010681152|0.003340721130371
130|76|0.8148148148148148|0.0013148784637451|0.0032424926757812
130|77|0.8148148148148148|0.0013127326965332|0.003408670425415
130|78|0.8055555555555556|0.0013413429260253|0.0032353401184082
130|79|0.8055555555555556|0.0013668537139892|0.0034258365631103
130|80|0.8055555555555556|0.0013933181762695|0.0032980442047119
130|81|0.8055555555555556|0.0013787746429443|0.003324270248413
130|82|0.8148148148148148|0.0014069080352783|0.0035455226898193
130|83|0.8148148148148148|0.0014185905456542|0.0035338401794433
130|84|0.8240740740740741|0.0014815330505371|0.0034992694854736
130|85|0.8333333333333334|0.0014605522155761|0.0035567283630371
130|86|0.8333333333333334|0.00146484375|0.0035133361816406
130|87|0.8333333333333334|0.0014684200286865|0.0035111904144287
130|88|0.8333333333333334|0.0015385150909423|0.0035226345062255
130|89|0.8333333333333334|0.0015318393707275|0.0037314891815185
130|90|0.8518518518518519|0.001530647277832|0.0037031173706054
130|91|0.8240740740740741|0.0015814304351806|0.003753662109375
130|92|0.8333333333333334|0.0015857219696044|0.003803014755249
130|93|0.8333333333333334|0.0015807151794433|0.0038070678710937
130|94|0.8333333333333334|0.0016372203826904|0.0038778781890869
130|95|0.8425925925925926|0.001875877380371|0.003885269165039
130|96|0.8425925925925926|0.0017015933990478|0.0039057731628417
130|97|0.8425925925925926|0.0016462802886962|0.0039687156677246
130|98|0.8425925925925926|0.001662254333496|0.003859519958496
130|99|0.8425925925925926|0.001706838607788|0.0039622783660888
130|100|0.8333333333333334|0.0016930103302001|0.0039770603179931
130|101|0.8333333333333334|0.0017507076263427|0.004007339477539
130|102|0.8333333333333334|0.001765489578247|0.0041275024414062
130|103|0.8333333333333334|0.0017821788787841|0.0038957595825195
130|104|0.8240740740740741|0.0017783641815185|0.0040035247802734
130|105|0.8240740740740741|0.0017454624176025|0.003995656967163
130|106|0.8240740740740741|0.001796007156372|0.0041573047637939
130|107|0.8240740740740741|0.0018274784088134|0.00417160987854
130|108|0.8240740740740741|0.0017964839935302|0.004249095916748
130|109|0.8240740740740741|0.0018007755279541|0.0039877891540527
130|110|0.8240740740740741|0.0018167495727539|0.0040650367736816
130|111|0.8240740740740741|0.0018281936645507|0.0042097568511962
130|112|0.8240740740740741|0.0018322467803955|0.0041306018829345
130|113|0.8240740740740741|0.0018234252929687|0.0041332244873046
130|114|0.8333333333333334|0.0018279552459716|0.0041561126708984
130|115|0.8333333333333334|0.0018861293792724|0.0042412281036376
130|116|0.8333333333333334|0.0018496513366699|0.0040817260742187
130|117|0.8333333333333334|0.0018339157104492|0.0042719841003417
130|118|0.8333333333333334|0.0018398761749267|0.0041511058807373
130|119|0.8425925925925926|0.0019023418426513|0.0042707920074462
130|120|0.8425925925925926|0.001918077468872|0.0043244361877441
130|121|0.8425925925925926|0.001936912536621|0.0043127536773681
130|122|0.8425925925925926|0.0019476413726806|0.00417160987854
130|123|0.8425925925925926|0.0019586086273193|0.0042228698730468
130|124|0.8425925925925926|0.002009630203247|0.0042471885681152
130|125|0.8425925925925926|0.0019576549530029|0.0042755603790283
130|126|0.8425925925925926|0.0022101402282714|0.004159927368164
130|127|0.8425925925925926|0.0020005702972412|0.0042433738708496
130|128|0.8425925925925926|0.0019948482513427|0.0044097900390625
130|129|0.8425925925925926|0.0019991397857666|0.0041854381561279
130|130|0.8425925925925926|0.0020084381103515|0.004230260848999
130|131|0.8425925925925926|0.0020201206207275|0.0044217109680175
130|132|0.8425925925925926|0.0020272731781005|0.0044050216674804
130|133|0.8425925925925926|0.0020480155944824|0.0042173862457275
130|134|0.8425925925925926|0.0020666122436523|0.0043187141418457
130|135|0.8425925925925926|0.0021042823791503|0.0045068264007568
130|136|0.8425925925925926|0.0020880699157714|0.0042707920074462
130|137|0.8425925925925926|0.0020906925201416|0.0043013095855712
130|138|0.8425925925925926|0.0020840167999267|0.0045254230499267
135|20|0.8148148148148148|0.0012717247009277|
135|21|0.8148148148148148|0.0009794235229492|0.0014142990112304
135|22|0.7685185185185185|0.0010178089141845|0.0013537406921386
135|23|0.7870370370370371|0.0009608268737792|0.0013861656188964
135|24|0.7870370370370371|0.0009748935699462|0.0014443397521972
135|25|0.7870370370370371|0.0009708404541015|0.0014212131500244
135|26|0.7870370370370371|0.0009822845458984|0.0014710426330566
135|27|0.7592592592592593|0.0009841918945312|0.0015110969543457
135|28|0.7777777777777778|0.0009841918945312|0.0016262531280517
135|29|0.7870370370370371|0.0010128021240234|0.0015945434570312
135|30|0.7777777777777778|0.0010039806365966|0.0017173290252685
135|31|0.7870370370370371|0.0009975433349609|0.001688003540039
135|32|0.7314814814814815|0.0009932518005371|0.001798391342163
135|33|0.7870370370370371|0.0009970664978027|0.0018682479858398
135|34|0.8055555555555556|0.0010402202606201|0.0018348693847656
135|35|0.8240740740740741|0.001011848449707|0.0019059181213378
135|36|0.8240740740740741|0.0010297298431396|0.0018744468688964
135|37|0.8333333333333334|0.0010061264038085|0.0018932819366455
135|38|0.8240740740740741|0.0010657310485839|0.0020437240600585
135|39|0.8333333333333334|0.0010321140289306|0.0019848346710205
135|40|0.8333333333333334|0.0010685920715332|0.0020737648010253
135|41|0.8333333333333334|0.0010426044464111|0.0021426677703857
135|42|0.8518518518518519|0.0010714530944824|0.0020830631256103
135|43|0.8703703703703703|0.0010573863983154|0.00211763381958
135|44|0.8611111111111112|0.0010864734649658|0.0021507740020751
135|45|0.8703703703703703|0.00105881690979|0.0022242069244384
135|46|0.8611111111111112|0.0010988712310791|0.0022563934326171
135|47|0.8518518518518519|0.0010836124420166|0.0024082660675048
135|48|0.8703703703703703|0.0011408329010009|0.002312421798706
135|49|0.8611111111111112|0.0011065006256103|0.0023562908172607
135|50|0.8518518518518519|0.0011215209960937|0.002371072769165
135|51|0.8518518518518519|0.0010957717895507|0.0024793148040771
135|52|0.8611111111111112|0.0011432170867919|0.002436876296997
135|53|0.8703703703703703|0.0011219978332519|0.002476692199707
135|54|0.8796296296296297|0.0011658668518066|0.0025486946105957
135|55|0.8888888888888888|0.00114107131958|0.0025522708892822
135|56|0.8888888888888888|0.001173973083496|0.0026521682739257
135|57|0.8796296296296297|0.0011403560638427|0.0026404857635498
135|58|0.8518518518518519|0.0011935234069824|0.002634048461914
135|59|0.8518518518518519|0.001188039779663|0.0027277469635009
135|60|0.8518518518518519|0.0012383460998535|0.0028777122497558
135|61|0.8796296296296297|0.0012085437774658|0.0028092861175537
135|62|0.8611111111111112|0.0012552738189697|0.0028798580169677
135|63|0.8611111111111112|0.0012462139129638|0.0030663013458251
135|64|0.8703703703703703|0.0012323856353759|0.0029137134552001
135|65|0.8611111111111112|0.0012431144714355|0.0030603408813476
135|66|0.8703703703703703|0.0012571811676025|0.0029823780059814
135|67|0.8796296296296297|0.0013177394866943|0.003023624420166
135|68|0.8703703703703703|0.0012776851654052|0.003005027770996
135|69|0.8611111111111112|0.0012729167938232|0.0030579566955566
135|70|0.8518518518518519|0.0012807846069335|0.0030140876770019
135|71|0.8425925925925926|0.0012972354888916|0.0030362606048583
135|72|0.8425925925925926|0.0013036727905273|0.0031104087829589
135|73|0.8333333333333334|0.0013093948364257|0.0030891895294189
135|74|0.8518518518518519|0.0013148784637451|0.0031595230102539
135|75|0.8425925925925926|0.001326560974121|0.0031290054321289
135|76|0.8611111111111112|0.0013434886932373|0.0031578540802001
135|77|0.8611111111111112|0.0013611316680908|0.0031948089599609
135|78|0.8611111111111112|0.0014007091522216|0.0032339096069335
135|79|0.8611111111111112|0.0014047622680664|0.0034701824188232
135|80|0.8518518518518519|0.00140380859375|0.0033164024353027
135|81|0.8518518518518519|0.0014188289642333|0.0033154487609863
135|82|0.8703703703703703|0.0014278888702392|0.0033693313598632
135|83|0.8611111111111112|0.0014650821685791|0.00335693359375
135|84|0.8703703703703703|0.0014443397521972|0.0034046173095703
135|85|0.8796296296296297|0.0014629364013671|0.0035643577575683
135|86|0.8888888888888888|0.0014886856079101|0.0036416053771972
135|87|0.8888888888888888|0.0015008449554443|0.0035200119018554
135|88|0.8888888888888888|0.0015273094177246|0.0036118030548095
135|89|0.8888888888888888|0.0015175342559814|0.0036995410919189
135|90|0.8888888888888888|0.0015540122985839|0.0036191940307617
135|91|0.8888888888888888|0.0015568733215332|0.0036792755126953
135|92|0.8888888888888888|0.0015928745269775|0.0036258697509765
135|93|0.8796296296296297|0.001605749130249|0.0036537647247314
135|94|0.8796296296296297|0.0016009807586669|0.0036897659301757
135|95|0.8796296296296297|0.0016160011291503|0.0037522315979003
135|96|0.8888888888888888|0.0016257762908935|0.0037407875061035
135|97|0.8888888888888888|0.0016446113586425|0.0037994384765625
135|98|0.8888888888888888|0.0016815662384033|0.0038254261016845
135|99|0.8888888888888888|0.0027666091918945|0.0055227279663085
135|100|0.8888888888888888|0.0017330646514892|0.0039143562316894
135|101|0.8888888888888888|0.0017387866973876|0.0038795471191406
135|102|0.8888888888888888|0.0017423629760742|0.0039365291595458
135|103|0.8888888888888888|0.0017781257629394|0.0039174556732177
135|104|0.8888888888888888|0.0017845630645751|0.0039358139038085
135|105|0.8888888888888888|0.0017740726470947|0.0039703845977783
135|106|0.8888888888888888|0.0017945766448974|0.0040259361267089
135|107|0.8888888888888888|0.0018408298492431|0.0039730072021484
135|108|0.8888888888888888|0.0018067359924316|0.003981590270996
135|109|0.8796296296296297|0.0018584728240966|0.0042755603790283
135|110|0.8796296296296297|0.0018477439880371|0.0040516853332519
135|111|0.8796296296296297|0.0019354820251464|0.0041110515594482
135|112|0.8796296296296297|0.0018901824951171|0.0040888786315917
135|113|0.8796296296296297|0.0019307136535644|0.0041742324829101
135|114|0.8796296296296297|0.0019080638885498|0.0041227340698242
135|115|0.8796296296296297|0.0019612312316894|0.0041515827178955
135|116|0.8796296296296297|0.0019245147705078|0.0041613578796386
135|117|0.8796296296296297|0.0019500255584716|0.0041413307189941
135|118|0.8796296296296297|0.0019340515136718|0.0041885375976562
135|119|0.8796296296296297|0.0020177364349365|0.0042357444763183
135|120|0.8796296296296297|0.0019700527191162|0.0041515827178955
135|121|0.8796296296296297|0.0019876956939697|0.0042035579681396
135|122|0.8796296296296297|0.0020184516906738|0.0044403076171875
135|123|0.8796296296296297|0.0020265579223632|0.0043249130249023
135|124|0.8796296296296297|0.0020613670349121|0.0041682720184326
135|125|0.8796296296296297|0.0020663738250732|0.0042831897735595
135|126|0.8796296296296297|0.0020697116851806|0.0042150020599365
135|127|0.8796296296296297|0.0020766258239746|0.0042064189910888
135|128|0.8796296296296297|0.0020973682403564|0.0045168399810791
135|129|0.8796296296296297|0.0020899772644042|0.0042505264282226
135|130|0.8796296296296297|0.0021102428436279|0.0042347908020019
135|131|0.8796296296296297|0.0021030902862548|0.004260778427124
135|132|0.8796296296296297|0.0021276473999023|0.0042860507965087
135|133|0.8796296296296297|0.002115249633789|0.0042886734008789
135|134|0.8796296296296297|0.0021357536315917|0.0043272972106933
135|135|0.8796296296296297|0.0021338462829589|0.0043001174926757
135|136|0.8796296296296297|0.0021414756774902|0.0044786930084228
135|137|0.8796296296296297|0.0022294521331787|0.0043115615844726
132|20|0.6203703703703703|0.0012402534484863|
132|21|0.5740740740740741|0.0009691715240478|0.0013456344604492
132|22|0.6203703703703703|0.0009815692901611|0.00132417678833
132|23|0.7129629629629629|0.0009572505950927|0.0013501644134521
132|24|0.7407407407407407|0.0009901523590087|0.0014114379882812
132|25|0.7592592592592593|0.0009982585906982|0.001420259475708
132|26|0.7407407407407407|0.000972032546997|0.0014662742614746
132|27|0.75|0.0009737014770507|0.0015130043029785
132|28|0.7777777777777778|0.0010077953338623|0.0015909671783447
132|29|0.7777777777777778|0.0010449886322021|0.0015950202941894
132|30|0.7407407407407407|0.0009982585906982|0.0016205310821533
132|31|0.7314814814814815|0.0009822845458984|0.0016782283782958
132|32|0.7407407407407407|0.001016616821289|0.0017015933990478
132|33|0.75|0.0010285377502441|0.0017333030700683
132|34|0.7870370370370371|0.0010099411010742|0.0017702579498291
132|35|0.8055555555555556|0.0010077953338623|0.0018610954284667
132|36|0.7962962962962963|0.0010461807250976|0.0018846988677978
132|37|0.7870370370370371|0.0010395050048828|0.0018887519836425
132|38|0.7962962962962963|0.0010652542114257|0.0019769668579101
132|39|0.7962962962962963|0.0010571479797363|0.0019760131835937
132|40|0.7870370370370371|0.0010731220245361|0.0019984245300292
132|41|0.7962962962962963|0.0010404586791992|0.002051830291748
132|42|0.7962962962962963|0.0010619163513183|0.0021088123321533
132|43|0.7962962962962963|0.0010561943054199|0.0021324157714843
132|44|0.7962962962962963|0.0010993480682373|0.0021507740020751
132|45|0.8240740740740741|0.0010774135589599|0.0022003650665283
132|46|0.8148148148148148|0.0011179447174072|0.0022609233856201
132|47|0.8148148148148148|0.0011212825775146|0.0022692680358886
132|48|0.8148148148148148|0.0011184215545654|0.0022871494293212
132|49|0.7962962962962963|0.0010805130004882|0.0023195743560791
132|50|0.7962962962962963|0.001131534576416|0.002373456954956
132|51|0.8055555555555556|0.0010976791381835|0.0023937225341796
132|52|0.8055555555555556|0.0011608600616455|0.0024189949035644
132|53|0.8055555555555556|0.0011224746704101|0.0024898052215576
132|54|0.8055555555555556|0.0011658668518066|0.0025067329406738
132|55|0.8148148148148148|0.0011765956878662|0.0025908946990966
132|56|0.8425925925925926|0.0011727809906005|0.0025718212127685
132|57|0.8333333333333334|0.0011568069458007|0.0025932788848876
132|58|0.8333333333333334|0.0011942386627197|0.0026473999023437
132|59|0.8240740740740741|0.0011720657348632|0.002657413482666
132|60|0.8148148148148148|0.0012078285217285|0.0027365684509277
132|61|0.8148148148148148|0.0011816024780273|0.0027601718902587
132|62|0.7962962962962963|0.0012304782867431|0.0027933120727539
132|63|0.8240740740740741|0.001199722290039|0.0027968883514404
132|64|0.8055555555555556|0.0012331008911132|0.0028355121612548
132|65|0.8240740740740741|0.001218557357788|0.0028944015502929
132|66|0.8333333333333334|0.0012476444244384|0.0028848648071289
132|67|0.8333333333333334|0.0012600421905517|0.0029244422912597
132|68|0.8240740740740741|0.0012633800506591|0.0029630661010742
132|69|0.8240740740740741|0.0012457370758056|0.0030109882354736
132|70|0.8148148148148148|0.0012578964233398|0.0030758380889892
132|71|0.8148148148148148|0.0012691020965576|0.0030493736267089
132|72|0.8148148148148148|0.0013103485107421|0.0030972957611083
132|73|0.8240740740740741|0.0012972354888916|0.003164529800415
132|74|0.8148148148148148|0.0013031959533691|0.0031442642211914
132|75|0.8240740740740741|0.0013372898101806|0.0031607151031494
132|76|0.8240740740740741|0.0013322830200195|0.0032572746276855
132|77|0.8240740740740741|0.0013463497161865|0.003253698348999
132|78|0.8240740740740741|0.0013647079467773|0.0032794475555419
132|79|0.8148148148148148|0.0013959407806396|0.003288984298706
132|80|0.8148148148148148|0.0014162063598632|0.0033245086669921
132|81|0.8240740740740741|0.0013914108276367|0.0033597946166992
132|82|0.8240740740740741|0.0014271736145019|0.0033681392669677
132|83|0.8240740740740741|0.0014536380767822|0.0034339427947998
132|84|0.8240740740740741|0.00146484375|0.0034840106964111
132|85|0.8240740740740741|0.0014739036560058|0.0034942626953125
132|86|0.8240740740740741|0.0014765262603759|0.0034809112548828
132|87|0.8240740740740741|0.0014867782592773|0.0035061836242675
132|88|0.8240740740740741|0.0015251636505126|0.0035381317138671
132|89|0.8240740740740741|0.0014965534210205|0.0035507678985595
132|90|0.8240740740740741|0.0015299320220947|0.0036022663116455
132|91|0.8240740740740741|0.0015473365783691|0.0036044120788574
132|92|0.8240740740740741|0.0015535354614257|0.0036346912384033
132|93|0.8240740740740741|0.0015709400177001|0.003657579421997
132|94|0.8240740740740741|0.0016098022460937|0.0036818981170654
132|95|0.8240740740740741|0.0016107559204101|0.0037071704864501
132|96|0.8240740740740741|0.0016365051269531|0.0037178993225097
132|97|0.8240740740740741|0.0016431808471679|0.0038168430328369
132|98|0.8240740740740741|0.001688003540039|0.0038340091705322
132|99|0.8240740740740741|0.0016758441925048|0.0037977695465087
132|100|0.8240740740740741|0.0016736984252929|0.0038824081420898
132|101|0.8240740740740741|0.0016908645629882|0.0038495063781738
132|102|0.8240740740740741|0.0016932487487792|0.0038647651672363
132|103|0.8240740740740741|0.0017015933990478|0.0038661956787109
132|104|0.8240740740740741|0.0017580986022949|0.0039007663726806
132|105|0.8240740740740741|0.0017330646514892|0.0041632652282714
132|106|0.8240740740740741|0.00173020362854|0.0039043426513671
132|107|0.8240740740740741|0.0017328262329101|0.0039210319519042
132|108|0.8240740740740741|0.0017621517181396|0.0039243698120117
132|109|0.8240740740740741|0.0017585754394531|0.0039751529693603
132|110|0.8240740740740741|0.0017600059509277|0.003951072692871
132|111|0.8240740740740741|0.0018353462219238|0.0039687156677246
132|112|0.8240740740740741|0.0018186569213867|0.0040259361267089
132|113|0.8240740740740741|0.0018250942230224|0.004021406173706
132|114|0.8240740740740741|0.0018539428710937|0.0040609836578369
132|115|0.8240740740740741|0.0018696784973144|0.0040764808654785
132|116|0.8240740740740741|0.0018703937530517|0.0041189193725585
132|117|0.8240740740740741|0.0018808841705322|0.0040950775146484
132|118|0.8240740740740741|0.0018761157989501|0.0041697025299072
132|119|0.8240740740740741|0.0022010803222656|0.004286766052246
132|120|0.8240740740740741|0.0019185543060302|0.0041224956512451
132|121|0.8240740740740741|0.0019152164459228|0.0042111873626708
132|122|0.8240740740740741|0.0019271373748779|0.0041534900665283
132|123|0.8240740740740741|0.0019655227661132|0.0042645931243896
132|124|0.8240740740740741|0.0019638538360595|0.0041685104370117
132|125|0.8240740740740741|0.0019724369049072|0.0042605400085449
132|126|0.8240740740740741|0.0020258426666259|0.0042345523834228
132|127|0.8240740740740741|0.0020020008087158|0.0042800903320312
132|128|0.8240740740740741|0.0020997524261474|0.0041990280151367
132|129|0.8240740740740741|0.0019974708557128|0.0042612552642822
132|130|0.8240740740740741|0.0020103454589843|0.004235029220581
132|131|0.8240740740740741|0.0020418167114257|0.0042343139648437
132|132|0.8240740740740741|0.0020477771759033|0.0042860507965087
132|133|0.8240740740740741|0.0020434856414794|0.0042455196380615
132|134|0.8240740740740741|0.0020689964294433|0.0042879581451416
132|135|0.8240740740740741|0.0021100044250488|0.0042603015899658
132|136|0.8240740740740741|0.0020792484283447|0.0042579174041748
132|137|0.8240740740740741|0.0021107196807861|0.0046017169952392
138|20|0.8148148148148148|0.0012927055358886|
138|21|0.7592592592592593|0.0009605884552001|0.0013318061828613
138|22|0.8333333333333334|0.0009982585906982|0.0013484954833984
138|23|0.8518518518518519|0.0009829998016357|0.0013709068298339
138|24|0.8333333333333334|0.0010619163513183|0.0014154911041259
138|25|0.8240740740740741|0.000964879989624|0.0014526844024658
138|26|0.8518518518518519|0.0009880065917968|0.0015399456024169
138|27|0.8518518518518519|0.0009670257568359|0.0015902519226074
138|28|0.8333333333333334|0.0009896755218505|0.0015852451324462
138|29|0.8055555555555556|0.0009794235229492|0.00162935256958
138|30|0.8055555555555556|0.0009999275207519|0.0016837120056152
138|31|0.7685185185185185|0.0009970664978027|0.0017430782318115
138|32|0.7870370370370371|0.001025915145874|0.0017755031585693
138|33|0.7685185185185185|0.000986099243164|0.0018160343170166
138|34|0.7407407407407407|0.0010032653808593|0.001800537109375
138|35|0.75|0.0010108947753906|0.0018723011016845
138|36|0.7777777777777778|0.001042366027832|0.0019166469573974
138|37|0.8148148148148148|0.0010383129119873|0.0019259452819824
138|38|0.7870370370370371|0.0010671615600585|0.0019721984863281
138|39|0.8333333333333334|0.0010321140289306|0.0020008087158203
138|40|0.8425925925925926|0.001082420349121|0.0020468235015869
138|41|0.8518518518518519|0.0010247230529785|0.0020825862884521
138|42|0.8611111111111112|0.0010766983032226|0.0020923614501953
138|43|0.8611111111111112|0.0010542869567871|0.0021901130676269
138|44|0.8425925925925926|0.0010881423950195|0.0021722316741943
138|45|0.8425925925925926|0.0010812282562255|0.0022330284118652
138|46|0.8518518518518519|0.0011167526245117|0.0022535324096679
138|47|0.8703703703703703|0.0010750293731689|0.0022823810577392
138|48|0.8518518518518519|0.0011267662048339|0.0023393630981445
138|49|0.8611111111111112|0.0010898113250732|0.0023908615112304
138|50|0.8611111111111112|0.0011374950408935|0.0024125576019287
138|51|0.8611111111111112|0.0011153221130371|0.0024399757385253
138|52|0.8518518518518519|0.0011661052703857|0.0025000572204589
138|53|0.8518518518518519|0.0011212825775146|0.0025343894958496
138|54|0.8333333333333334|0.0011534690856933|0.0025670528411865
138|55|0.8240740740740741|0.001145601272583|0.0025825500488281
138|56|0.8240740740740741|0.0011734962463378|0.0026123523712158
138|57|0.8333333333333334|0.0011491775512695|0.0026853084564208
138|58|0.8240740740740741|0.0011928081512451|0.002701997756958
138|59|0.8055555555555556|0.0011746883392333|0.0027248859405517
138|60|0.7962962962962963|0.0012209415435791|0.0027806758880615
138|61|0.7962962962962963|0.0011913776397705|0.0028035640716552
138|62|0.8240740740740741|0.0012538433074951|0.002852439880371
138|63|0.8055555555555556|0.0012073516845703|0.0028870105743408
138|64|0.8240740740740741|0.001251220703125|0.0029158592224121
138|65|0.8148148148148148|0.0012505054473876|0.0032870769500732
138|66|0.8240740740740741|0.0012743473052978|0.0029473304748535
138|67|0.8148148148148148|0.0012431144714355|0.0029947757720947
138|68|0.8148148148148148|0.0012717247009277|0.0030896663665771
138|69|0.8240740740740741|0.0012719631195068|0.0030159950256347
138|70|0.8148148148148148|0.0012662410736083|0.0030720233917236
138|71|0.8148148148148148|0.0012822151184082|0.0031895637512207
138|72|0.8425925925925926|0.001296043395996|0.0031168460845947
138|73|0.8240740740740741|0.0013413429260253|0.0031580924987792
138|74|0.8333333333333334|0.0013306140899658|0.0032010078430175
138|75|0.8240740740740741|0.0013561248779296|0.0032069683074951
138|76|0.8333333333333334|0.0013666152954101|0.0032582283020019
138|77|0.8333333333333334|0.001387596130371|0.0032629966735839
138|78|0.8333333333333334|0.0014171600341796|0.0033018589019775
138|79|0.8333333333333334|0.0014259815216064|0.0033941268920898
138|80|0.8333333333333334|0.0014348030090332|0.0033802986145019
138|81|0.8333333333333334|0.001450777053833|0.003387451171875
138|82|0.8333333333333334|0.0014674663543701|0.003453254699707
138|83|0.8333333333333334|0.0014858245849609|0.0034854412078857
138|84|0.8333333333333334|0.0014765262603759|0.0035109519958496
138|85|0.8333333333333334|0.0015082359313964|0.0035221576690673
138|86|0.8333333333333334|0.0015206336975097|0.0039021968841552
138|87|0.8425925925925926|0.0015287399291992|0.0035490989685058
138|88|0.8333333333333334|0.0015275478363037|0.0035552978515625
138|89|0.8333333333333334|0.0015840530395507|0.0035886764526367
138|90|0.8333333333333334|0.0016069412231445|0.0036544799804687
138|91|0.8148148148148148|0.0016310214996337|0.0036666393280029
138|92|0.8240740740740741|0.001650333404541|0.0037174224853515
138|93|0.8240740740740741|0.0016355514526367|0.0037283897399902
138|94|0.8240740740740741|0.0016703605651855|0.0037257671356201
138|95|0.8240740740740741|0.0018010139465332|0.0038721561431884
138|96|0.8148148148148148|0.0017554759979248|0.0038092136383056
138|97|0.8240740740740741|0.0016822814941406|0.0038809776306152
138|98|0.8240740740740741|0.0017862319946289|0.0038819313049316
138|99|0.8240740740740741|0.0017921924591064|0.0038769245147705
138|100|0.8333333333333334|0.0017635822296142|0.0039103031158447
138|101|0.8333333333333334|0.001774787902832|0.0039417743682861
138|102|0.8333333333333334|0.0018119812011718|0.0042550563812255
138|103|0.8333333333333334|0.0018420219421386|0.0039989948272705
138|104|0.8333333333333334|0.0018372535705566|0.0039763450622558
138|105|0.8333333333333334|0.0018260478973388|0.004007339477539
138|106|0.8333333333333334|0.0018417835235595|0.0040352344512939
138|107|0.8333333333333334|0.0018537044525146|0.0040574073791503
138|108|0.8333333333333334|0.0018417835235595|0.0040283203125
138|109|0.8333333333333334|0.0018470287322998|0.0040314197540283
138|110|0.8333333333333334|0.001842975616455|0.0040729045867919
138|111|0.8333333333333334|0.0018815994262695|0.0040576457977294
138|112|0.8333333333333334|0.001880407333374|0.0040631294250488
138|113|0.8333333333333334|0.0018730163574218|0.0042178630828857
138|114|0.8333333333333334|0.0018689632415771|0.0040781497955322
138|115|0.8333333333333334|0.0019061565399169|0.0041370391845703
138|116|0.8333333333333334|0.001889944076538|0.0041115283966064
138|117|0.8333333333333334|0.0018918514251708|0.0041172504425048
138|118|0.8333333333333334|0.0019257068634033|0.004157543182373
138|119|0.8333333333333334|0.0019335746765136|0.0041725635528564
138|120|0.8333333333333334|0.001953125|0.0041344165802001
138|121|0.8333333333333334|0.0019149780273437|0.0042676925659179
138|122|0.8333333333333334|0.0020713806152343|0.0041272640228271
138|123|0.8333333333333334|0.0019690990447998|0.004288911819458
138|124|0.8333333333333334|0.0019924640655517|0.0042200088500976
138|125|0.8333333333333334|0.0020086765289306|0.0042726993560791
138|126|0.8333333333333334|0.002004861831665|0.0042765140533447
138|127|0.8333333333333334|0.0020444393157958|0.00423264503479
138|128|0.8333333333333334|0.0020015239715576|0.0042471885681152
138|129|0.8333333333333334|0.0020136833190917|0.0042545795440673
138|130|0.8333333333333334|0.002012014389038|0.0042779445648193
138|131|0.8333333333333334|0.0020325183868408|0.0042853355407714
138|132|0.8333333333333334|0.0020961761474609|0.004265546798706
138|133|0.8333333333333334|0.0021064281463623|0.0043897628784179
138|134|0.8333333333333334|0.0021202564239501|0.0043518543243408
138|135|0.8333333333333334|0.0021436214447021|0.0043504238128662
138|136|0.8333333333333334|0.0021426677703857|0.0044701099395751
138|137|0.8333333333333334|0.002140998840332|0.0043683052062988
134|20|0.7962962962962963|0.001955509185791|
134|21|0.8148148148148148|0.0015413761138916|0.0023744106292724
134|22|0.8333333333333334|0.0016143321990966|0.0023825168609619
134|23|0.8333333333333334|0.0015432834625244|0.0024583339691162
134|24|0.8240740740740741|0.0015952587127685|0.0025577545166015
134|25|0.8148148148148148|0.0009586811065673|0.0014669895172119
134|26|0.8055555555555556|0.0009646415710449|0.0015065670013427
134|27|0.7870370370370371|0.0009801387786865|0.001673936843872
134|28|0.8055555555555556|0.0009834766387939|0.0015952587127685
134|29|0.7870370370370371|0.0009737014770507|0.0016241073608398
134|30|0.7870370370370371|0.0009849071502685|0.0016508102416992
134|31|0.7962962962962963|0.0009739398956298|0.0017230510711669
134|32|0.8055555555555556|0.0012598037719726|0.001723289489746
134|33|0.7870370370370371|0.0009727478027343|0.0017390251159667
134|34|0.7870370370370371|0.0009772777557373|0.0017778873443603
134|35|0.8055555555555556|0.0009796619415283|0.001802921295166
134|36|0.8055555555555556|0.0010154247283935|0.0018737316131591
134|37|0.7777777777777778|0.0009982585906982|0.0019009113311767
134|38|0.7962962962962963|0.0010461807250976|0.001922607421875
134|39|0.7777777777777778|0.0010108947753906|0.0019736289978027
134|40|0.8055555555555556|0.0010604858398437|0.0020532608032226
134|41|0.7870370370370371|0.0010228157043457|0.0021030902862548
134|42|0.7870370370370371|0.0010650157928466|0.0021178722381591
134|43|0.8055555555555556|0.0010390281677246|0.0021266937255859
134|44|0.7962962962962963|0.0010566711425781|0.002164602279663
134|45|0.7962962962962963|0.0010485649108886|0.0022065639495849
134|46|0.7870370370370371|0.0010817050933837|0.0022411346435546
134|47|0.7962962962962963|0.0010566711425781|0.0022647380828857
134|48|0.7777777777777778|0.0011172294616699|0.0023627281188964
134|49|0.7685185185185185|0.0010709762573242|0.0024235248565673
134|50|0.7777777777777778|0.0011138916015625|0.00244140625
134|51|0.7870370370370371|0.0010890960693359|0.0024595260620117
134|52|0.7962962962962963|0.0011117458343505|0.0024576187133789
134|53|0.8240740740740741|0.0011098384857177|0.0024456977844238
134|54|0.8518518518518519|0.0011398792266845|0.0025157928466796
134|55|0.8240740740740741|0.0011272430419921|0.0025768280029296
134|56|0.8148148148148148|0.0011548995971679|0.0025568008422851
134|57|0.8148148148148148|0.0011234283447265|0.0025908946990966
134|58|0.8518518518518519|0.0011942386627197|0.0026290416717529
134|59|0.8333333333333334|0.0011405944824218|0.0026772022247314
134|60|0.8240740740740741|0.0012016296386718|0.0026829242706298
134|61|0.8333333333333334|0.0011684894561767|0.0027873516082763
134|62|0.8425925925925926|0.0012381076812744|0.0027503967285156
134|63|0.8611111111111112|0.0011916160583496|0.0028092861175537
134|64|0.8518518518518519|0.0012052059173583|0.0028314590454101
134|65|0.8425925925925926|0.0011944770812988|0.0028722286224365
134|66|0.8611111111111112|0.0012409687042236|0.0028769969940185
134|67|0.8240740740740741|0.0012478828430175|0.0029680728912353
134|68|0.8240740740740741|0.0012240409851074|0.0030078887939453
134|69|0.8148148148148148|0.0012345314025878|0.0030086040496826
134|70|0.8148148148148148|0.0012412071228027|0.0030362606048583
134|71|0.8333333333333334|0.0012552738189697|0.0030224323272705
134|72|0.8333333333333334|0.0012645721435546|0.0030500888824462
134|73|0.8425925925925926|0.0012998580932617|0.0030858516693115
134|74|0.8425925925925926|0.0013027191162109|0.0031521320343017
134|75|0.8333333333333334|0.0013236999511718|0.003166913986206
134|76|0.8425925925925926|0.0021696090698242|0.0058848857879638
134|77|0.8425925925925926|0.0021443367004394|0.0059680938720703
134|78|0.8425925925925926|0.0021653175354003|0.0060193538665771
134|79|0.8425925925925926|0.002190351486206|0.0060248374938964
134|80|0.8425925925925926|0.0020651817321777|0.0060439109802246
134|81|0.8425925925925926|0.0014667510986328|0.0034115314483642
134|82|0.8425925925925926|0.0014374256134033|0.0033562183380126
134|83|0.8425925925925926|0.0014505386352539|0.003486156463623
134|84|0.8425925925925926|0.0014576911926269|0.0034148693084716
134|85|0.8425925925925926|0.0015039443969726|0.0035164356231689
134|86|0.8425925925925926|0.0015478134155273|0.0034835338592529
134|87|0.8425925925925926|0.0015416145324707|0.0035169124603271
134|88|0.8425925925925926|0.0015568733215332|0.0036313533782958
134|89|0.8425925925925926|0.001579999923706|0.0035521984100341
134|90|0.8425925925925926|0.0016136169433593|0.003603458404541
134|91|0.8425925925925926|0.0016219615936279|0.0036263465881347
134|92|0.8425925925925926|0.0016300678253173|0.0036361217498779
134|93|0.8425925925925926|0.0019285678863525|0.0037696361541748
134|94|0.8425925925925926|0.0017249584197998|0.0037026405334472
134|95|0.8425925925925926|0.0017623901367187|0.0037460327148437
134|96|0.8425925925925926|0.0017101764678955|0.003774881362915
134|97|0.8425925925925926|0.0017120838165283|0.0038604736328125
134|98|0.8425925925925926|0.0017061233520507|0.0038003921508789
134|99|0.8425925925925926|0.0017976760864257|0.0037975311279296
134|100|0.8425925925925926|0.001828908920288|0.0041606426239013
134|101|0.8425925925925926|0.0017445087432861|0.00382661819458
134|102|0.8425925925925926|0.0018057823181152|0.0038166046142578
134|103|0.8425925925925926|0.001826524734497|0.003925085067749
134|104|0.8425925925925926|0.0017890930175781|0.0038657188415527
134|105|0.8425925925925926|0.0018346309661865|0.003969669342041
134|106|0.8425925925925926|0.0018341541290283|0.0040469169616699
134|107|0.8425925925925926|0.0018932819366455|0.0040006637573242
134|108|0.8425925925925926|0.0018694400787353|0.0040023326873779
134|109|0.8425925925925926|0.0019099712371826|0.0040199756622314
134|110|0.8425925925925926|0.0018835067749023|0.0040035247802734
134|111|0.8425925925925926|0.0020041465759277|0.0041139125823974
134|112|0.8425925925925926|0.0018517971038818|0.0040473937988281
134|113|0.8425925925925926|0.0019121170043945|0.0041491985321044
134|114|0.8425925925925926|0.0018873214721679|0.0041022300720214
134|115|0.8425925925925926|0.0019450187683105|0.0041520595550537
134|116|0.8425925925925926|0.0019047260284423|0.0042102336883544
134|117|0.8425925925925926|0.0019166469573974|0.0041313171386718
134|118|0.8425925925925926|0.0019342899322509|0.0046489238739013
134|119|0.8425925925925926|0.0019624233245849|0.004239797592163
134|120|0.8425925925925926|0.00193452835083|0.0041453838348388
134|121|0.8425925925925926|0.0019516944885253|0.0041124820709228
134|122|0.8425925925925926|0.0019493103027343|0.0041437149047851
134|123|0.8425925925925926|0.0020015239715576|0.004195213317871
134|124|0.8425925925925926|0.0019900798797607|0.0041308403015136
134|125|0.8425925925925926|0.0020534992218017|0.0042870044708251
134|126|0.8425925925925926|0.0020070075988769|0.0042159557342529
134|127|0.8425925925925926|0.0020437240600585|0.0042150020599365
134|128|0.8425925925925926|0.0020384788513183|0.0042569637298583
134|129|0.8425925925925926|0.0020444393157958|0.0042340755462646
134|130|0.8425925925925926|0.0020334720611572|0.0042130947113037
134|131|0.8425925925925926|0.0020678043365478|0.0043814182281494
134|132|0.8425925925925926|0.0020711421966552|0.0042228698730468
134|133|0.8425925925925926|0.0021009445190429|0.0048260688781738
134|134|0.8425925925925926|0.0021009445190429|0.00425386428833
134|135|0.8425925925925926|0.002105712890625|0.0042369365692138
134|136|0.8425925925925926|0.0021038055419921|0.0044026374816894
134|137|0.8425925925925926|0.0021274089813232|0.004406452178955
133|20|0.7962962962962963|0.0014240741729736|
133|21|0.7870370370370371|0.0010881423950195|0.0014271736145019
133|22|0.7870370370370371|0.0011520385742187|0.0013973712921142
133|23|0.75|0.0010876655578613|0.001479148864746
133|24|0.7685185185185185|0.0010979175567626|0.0014972686767578
133|25|0.8148148148148148|0.0010929107666015|0.0016074180603027
133|26|0.7962962962962963|0.0010943412780761|0.0015449523925781
133|27|0.8148148148148148|0.001063585281372|0.0016121864318847
133|28|0.8148148148148148|0.0010952949523925|0.0016968250274658
133|29|0.7962962962962963|0.0010890960693359|0.0017075538635253
133|30|0.8055555555555556|0.0011358261108398|0.0017056465148925
133|31|0.8148148148148148|0.0010449886322021|0.0018312931060791
133|32|0.8333333333333334|0.0010688304901123|0.0017488002777099
133|33|0.8148148148148148|0.001044750213623|0.0018267631530761
133|34|0.8055555555555556|0.00108003616333|0.0019533634185791
133|35|0.7962962962962963|0.0010814666748046|0.0020196437835693
133|36|0.8148148148148148|0.0011332035064697|0.0020053386688232
133|37|0.8333333333333334|0.00108003616333|0.0021076202392578
133|38|0.8333333333333334|0.0011327266693115|0.0020492076873779
133|39|0.8333333333333334|0.0010969638824462|0.0021731853485107
133|40|0.8055555555555556|0.0011346340179443|0.0022132396697998
133|41|0.8148148148148148|0.0011093616485595|0.0022096633911132
133|42|0.8148148148148148|0.0011472702026367|0.0022096633911132
133|43|0.8240740740740741|0.0011403560638427|0.0023279190063476
133|44|0.8333333333333334|0.0011665821075439|0.0024216175079345
133|45|0.8425925925925926|0.0011372566223144|0.0023989677429199
133|46|0.8425925925925926|0.0011773109436035|0.0023674964904785
133|47|0.8518518518518519|0.0011703968048095|0.0025379657745361
133|48|0.8240740740740741|0.001249074935913|0.0024731159210205
133|49|0.8333333333333334|0.0011882781982421|0.0025501251220703
133|50|0.8333333333333334|0.0012462139129638|0.0025320053100585
133|51|0.8425925925925926|0.001225471496582|0.0026874542236328
133|52|0.8333333333333334|0.0012733936309814|0.0025711059570312
133|53|0.8425925925925926|0.0012445449829101|0.0026440620422363
133|54|0.8240740740740741|0.0013041496276855|0.0027740001678466
133|55|0.8333333333333334|0.0013206005096435|0.0027439594268798
133|56|0.8333333333333334|0.0012953281402587|0.0029189586639404
133|57|0.8518518518518519|0.0012524127960205|0.002723217010498
133|58|0.8518518518518519|0.0013041496276855|0.0028667449951171
133|59|0.8518518518518519|0.0012807846069335|0.0028314590454101
133|60|0.8611111111111112|0.0013444423675537|0.0027790069580078
133|61|0.8333333333333334|0.0012958049774169|0.0028979778289794
133|62|0.8333333333333334|0.0013294219970703|0.002920389175415
133|63|0.8240740740740741|0.0013206005096435|0.0029187202453613
133|64|0.8148148148148148|0.0013356208801269|0.003096580505371
133|65|0.8333333333333334|0.0013840198516845|0.0032105445861816
133|66|0.8333333333333334|0.0013492107391357|0.0031354427337646
133|67|0.8333333333333334|0.0014028549194335|0.0030248165130615
133|68|0.8333333333333334|0.0013725757598876|0.0030276775360107
133|69|0.8333333333333334|0.0013792514801025|0.003251314163208
133|70|0.8148148148148148|0.0013496875762939|0.0031721591949462
133|71|0.8240740740740741|0.0014090538024902|0.0031366348266601
133|72|0.8055555555555556|0.0014014244079589|0.0034506320953369
133|73|0.8333333333333334|0.0014193058013916|0.0032784938812255
133|74|0.8333333333333334|0.001420259475708|0.0034153461456298
133|75|0.8425925925925926|0.0014481544494628|0.0032720565795898
133|76|0.8425925925925926|0.0014867782592773|0.0035538673400878
133|77|0.8425925925925926|0.001476764678955|0.0035979747772216
133|78|0.8518518518518519|0.0015211105346679|0.0036323070526123
133|79|0.8518518518518519|0.0015075206756591|0.0034890174865722
133|80|0.8611111111111112|0.0015418529510498|0.0035326480865478
133|81|0.8611111111111112|0.0015420913696289|0.0035884380340576
133|82|0.8518518518518519|0.0015637874603271|0.0034286975860595
133|83|0.8518518518518519|0.0016052722930908|0.0035576820373535
133|84|0.8333333333333334|0.0016021728515625|0.003732681274414
133|85|0.8425925925925926|0.0016369819641113|0.0036354064941406
133|86|0.8611111111111112|0.0016815662384033|0.0036265850067138
133|87|0.8518518518518519|0.0016276836395263|0.0035831928253173
133|88|0.8425925925925926|0.0016334056854248|0.0036976337432861
133|89|0.8518518518518519|0.0016741752624511|0.0037057399749755
133|90|0.8425925925925926|0.0016653537750244|0.0037338733673095
133|91|0.8425925925925926|0.0016989707946777|0.0039710998535156
133|92|0.8611111111111112|0.0016968250274658|0.0039732456207275
133|93|0.8425925925925926|0.0020909309387207|0.0042510032653808
133|94|0.8425925925925926|0.0017685890197753|0.0039918422698974
133|95|0.8425925925925926|0.0018050670623779|0.0038914680480957
133|96|0.8425925925925926|0.0017764568328857|0.0040729045867919
133|97|0.8425925925925926|0.0017971992492675|0.0038366317749023
133|98|0.8425925925925926|0.001826524734497|0.0040760040283203
133|99|0.8425925925925926|0.0018494129180908|0.0040693283081054
133|100|0.8425925925925926|0.0017948150634765|0.0039339065551757
133|101|0.8425925925925926|0.0018293857574462|0.0041475296020507
133|102|0.8425925925925926|0.0018460750579833|0.0042934417724609
133|103|0.8425925925925926|0.0018885135650634|0.0040779113769531
133|104|0.8425925925925926|0.0018539428710937|0.0041687488555908
133|105|0.8425925925925926|0.0018954277038574|0.0039327144622802
133|106|0.8425925925925926|0.0018796920776367|0.0043807029724121
133|107|0.8425925925925926|0.001929759979248|0.0039649009704589
133|108|0.8425925925925926|0.0019078254699707|0.0042591094970703
133|109|0.8425925925925926|0.0018956661224365|0.0039787292480468
133|110|0.8425925925925926|0.0019257068634033|0.0043575763702392
133|111|0.8518518518518519|0.0020008087158203|0.0040037631988525
133|112|0.8518518518518519|0.0019667148590087|0.0044019222259521
133|113|0.8518518518518519|0.0019760131835937|0.0043628215789794
133|114|0.8518518518518519|0.0019686222076416|0.0044739246368408
133|115|0.8518518518518519|0.0020725727081298|0.0043840408325195
133|116|0.8518518518518519|0.0020108222961425|0.004305362701416
133|117|0.8518518518518519|0.0020289421081542|0.0041785240173339
133|118|0.8518518518518519|0.0020246505737304|0.0043778419494628
133|119|0.8518518518518519|0.0020234584808349|0.0045020580291748
133|120|0.8518518518518519|0.0020098686218261|0.0044431686401367
133|121|0.8518518518518519|0.0020248889923095|0.0044169425964355
133|122|0.8518518518518519|0.0020482540130615|0.0044813156127929
133|123|0.8518518518518519|0.0020370483398437|0.0043258666992187
133|124|0.8518518518518519|0.0020551681518554|0.0044465065002441
133|125|0.8518518518518519|0.0020458698272705|0.0041563510894775
133|126|0.8518518518518519|0.0020539760589599|0.0043935775756835
133|127|0.8518518518518519|0.0020835399627685|0.0044324398040771
133|128|0.8425925925925926|0.002145767211914|0.0043623447418212
133|129|0.8425925925925926|0.0021321773529052|0.0045564174652099
133|130|0.8425925925925926|0.0021388530731201|0.0044221878051757
133|131|0.8425925925925926|0.0021500587463378|0.0044314861297607
133|132|0.8425925925925926|0.0021672248840332|0.0044302940368652
133|133|0.8425925925925926|0.0021848678588867|0.0042390823364257
133|134|0.8425925925925926|0.0021696090698242|0.0044567584991455
133|135|0.8425925925925926|0.0021896362304687|0.0042555332183837
133|136|0.8425925925925926|0.0022034645080566|0.0045142173767089
133|137|0.8425925925925926|0.0022201538085937|0.0046286582946777
136|20|0.7870370370370371|0.001312255859375|
136|21|0.7222222222222222|0.0009992122650146|0.0013504028320312
136|22|0.7870370370370371|0.0010454654693603|0.001401662826538
136|23|0.75|0.0009918212890625|0.0013723373413085
136|24|0.7870370370370371|0.0010230541229248|0.001471996307373
136|25|0.7870370370370371|0.0010750293731689|0.0014810562133789
136|26|0.8148148148148148|0.0010192394256591|0.0015554428100585
136|27|0.8148148148148148|0.0010316371917724|0.0015463829040527
136|28|0.7962962962962963|0.0010359287261962|0.0016179084777832
136|29|0.7962962962962963|0.0010266304016113|0.0016162395477294
136|30|0.8055555555555556|0.0010507106781005|0.0016682147979736
136|31|0.8055555555555556|0.0010416507720947|0.001699686050415
136|32|0.7962962962962963|0.001033067703247|0.0017735958099365
136|33|0.7962962962962963|0.0010502338409423|0.0018069744110107
136|34|0.7870370370370371|0.0010652542114257|0.0018863677978515
136|35|0.7870370370370371|0.0010614395141601|0.0019574165344238
136|36|0.8240740740740741|0.0010762214660644|0.0018730163574218
136|37|0.8240740740740741|0.0010666847229003|0.0019431114196777
136|38|0.8240740740740741|0.0011391639709472|0.0020356178283691
136|39|0.8240740740740741|0.0011391639709472|0.0020718574523925
136|40|0.8240740740740741|0.0011916160583496|0.002091646194458
136|41|0.8333333333333334|0.0010945796966552|0.002103567123413
136|42|0.8425925925925926|0.0011212825775146|0.0021116733551025
136|43|0.8611111111111112|0.0011210441589355|0.0021419525146484
136|44|0.8333333333333334|0.0011475086212158|0.002249002456665
136|45|0.8333333333333334|0.0011372566223144|0.0022375583648681
136|46|0.8240740740740741|0.0011799335479736|0.0023276805877685
136|47|0.8333333333333334|0.0011465549468994|0.0026648044586181
136|48|0.8425925925925926|0.0011763572692871|0.0023789405822753
136|49|0.8148148148148148|0.0011603832244873|0.0023698806762695
136|50|0.8055555555555556|0.0011947154998779|0.0025892257690429
136|51|0.8240740740740741|0.0011677742004394|0.0025601387023925
136|52|0.8333333333333334|0.0012247562408447|0.0025577545166015
136|53|0.8333333333333334|0.0011830329895019|0.0025951862335205
136|54|0.8240740740740741|0.0012435913085937|0.0026712417602539
136|55|0.8148148148148148|0.0012285709381103|0.0026843547821044
136|56|0.8240740740740741|0.001277208328247|0.002695083618164
136|57|0.8333333333333334|0.0012145042419433|0.0026519298553466
136|58|0.8333333333333334|0.0012714862823486|0.0028610229492187
136|59|0.8333333333333334|0.0012602806091308|0.0027823448181152
136|60|0.8333333333333334|0.0013108253479003|0.0028908252716064
136|61|0.8333333333333334|0.0012958049774169|0.0028326511383056
136|62|0.8333333333333334|0.0013439655303955|0.0028579235076904
136|63|0.8240740740740741|0.0013055801391601|0.0028738975524902
136|64|0.8240740740740741|0.0012979507446289|0.002962589263916
136|65|0.8333333333333334|0.0013051033020019|0.0029299259185791
136|66|0.8240740740740741|0.0013051033020019|0.0030055046081542
136|67|0.8240740740740741|0.0013096332550048|0.003087043762207
136|68|0.8425925925925926|0.0013344287872314|0.0031037330627441
136|69|0.8240740740740741|0.0013463497161865|0.0031671524047851
136|70|0.8148148148148148|0.0013577938079833|0.0032474994659423
136|71|0.8148148148148148|0.0013809204101562|0.0031416416168212
136|72|0.8148148148148148|0.0013763904571533|0.0032367706298828
136|73|0.8148148148148148|0.0013997554779052|0.003202199935913
136|74|0.8333333333333334|0.0014662742614746|0.0031418800354003
136|75|0.8240740740740741|0.0014362335205078|0.0033600330352783
136|76|0.8240740740740741|0.0014736652374267|0.0035243034362792
136|77|0.8148148148148148|0.00150728225708|0.003580093383789
136|78|0.8240740740740741|0.0014441013336181|0.0035023689270019
136|79|0.8240740740740741|0.0014514923095703|0.0033159255981445
136|80|0.8240740740740741|0.0014750957489013|0.0034799575805664
136|81|0.8240740740740741|0.0014877319335937|0.003488540649414
136|82|0.8240740740740741|0.0015323162078857|0.0033872127532958
136|83|0.8240740740740741|0.0015275478363037|0.0034382343292236
136|84|0.8240740740740741|0.0015702247619628|0.0035903453826904
136|85|0.8240740740740741|0.00156831741333|0.0037245750427246
136|86|0.8148148148148148|0.0015749931335449|0.0037713050842285
136|87|0.8148148148148148|0.0015866756439208|0.0035450458526611
136|88|0.8148148148148148|0.0016250610351562|0.0037686824798583
136|89|0.8240740740740741|0.0016424655914306|0.0036797523498535
136|90|0.8240740740740741|0.0016572475433349|0.0036327838897705
136|91|0.8148148148148148|0.0017237663269042|0.0039339065551757
136|92|0.8148148148148148|0.0017623901367187|0.0039889812469482
136|93|0.8148148148148148|0.0017495155334472|0.0040466785430908
136|94|0.8240740740740741|0.0017135143280029|0.004026174545288
136|95|0.8148148148148148|0.0023057460784912|0.0061171054840087
136|96|0.8148148148148148|0.0017943382263183|0.0041146278381347
136|97|0.8148148148148148|0.0017535686492919|0.003981590270996
136|98|0.8148148148148148|0.0017817020416259|0.0038089752197265
136|99|0.8148148148148148|0.0018839836120605|0.0039272308349609
136|100|0.8148148148148148|0.0018849372863769|0.0040597915649414
136|101|0.8240740740740741|0.001857042312622|0.0041158199310302
136|102|0.8240740740740741|0.0018553733825683|0.0038979053497314
136|103|0.8240740740740741|0.0018908977508544|0.0039288997650146
136|104|0.8240740740740741|0.0018808841705322|0.0039396286010742
136|105|0.8148148148148148|0.0018761157989501|0.0041885375976562
136|106|0.8148148148148148|0.0018775463104248|0.004288911819458
136|107|0.8148148148148148|0.0019981861114501|0.0042958259582519
136|108|0.8148148148148148|0.0019426345825195|0.0044441223144531
136|109|0.8148148148148148|0.0019607543945312|0.0042557716369628
136|110|0.8148148148148148|0.0019769668579101|0.0042417049407958
136|111|0.8148148148148148|0.0020084381103515|0.0041656494140625
136|112|0.8148148148148148|0.0020091533660888|0.0042593479156494
136|113|0.8148148148148148|0.0020139217376708|0.0042757987976074
136|114|0.8148148148148148|0.0020167827606201|0.0040957927703857
136|115|0.8148148148148148|0.0020544528961181|0.0044333934783935
136|116|0.8148148148148148|0.0020747184753417|0.0042459964752197
136|117|0.8148148148148148|0.0020902156829833|0.0044035911560058
136|118|0.8148148148148148|0.0020587444305419|0.0043962001800537
136|119|0.8148148148148148|0.0021569728851318|0.004406452178955
136|120|0.8148148148148148|0.0020709037780761|0.00419282913208
136|121|0.8148148148148148|0.002122163772583|0.0044436454772949
136|122|0.8148148148148148|0.0021228790283203|0.0043139457702636
136|123|0.8148148148148148|0.0021114349365234|0.0045132637023925
136|124|0.8148148148148148|0.0021111965179443|0.0042896270751953
136|125|0.8148148148148148|0.0021276473999023|0.004565954208374
136|126|0.8148148148148148|0.002169132232666|0.0043590068817138
136|127|0.8148148148148148|0.0021395683288574|0.004479169845581
136|128|0.8148148148148148|0.0021681785583496|0.004460334777832
136|129|0.8148148148148148|0.0021684169769287|0.0042400360107421
136|130|0.8148148148148148|0.0021688938140869|0.0044102668762207
136|131|0.8148148148148148|0.0022008419036865|0.0042815208435058
136|132|0.8240740740740741|0.0021815299987792|0.004274845123291
136|133|0.8240740740740741|0.0022203922271728|0.0044598579406738
136|134|0.8240740740740741|0.0022642612457275|0.0043034553527832
136|135|0.8240740740740741|0.0022335052490234|0.0043356418609619
136|136|0.8240740740740741|0.0022625923156738|0.0045304298400878
136|137|0.8240740740740741|0.0022201538085937|0.0043022632598876
137|20|0.8333333333333334|0.0017313957214355|
137|21|0.8611111111111112|0.000960350036621|0.0013847351074218
137|22|0.8240740740740741|0.0018081665039062|0.0013511180877685
137|23|0.8055555555555556|0.0009777545928955|0.0014357566833496
137|24|0.8055555555555556|0.0010881423950195|0.001418113708496
137|25|0.7962962962962963|0.0010292530059814|0.0015020370483398
137|26|0.8703703703703703|0.0010509490966796|0.0015130043029785
137|27|0.8611111111111112|0.0010735988616943|0.0015788078308105
137|28|0.8611111111111112|0.0010435581207275|0.0016624927520751
137|29|0.8611111111111112|0.00103759765625|0.0017273426055908
137|30|0.8425925925925926|0.001068115234375|0.0017766952514648
137|31|0.8518518518518519|0.0010387897491455|0.0017461776733398
137|32|0.8518518518518519|0.001070499420166|0.0017817020416259
137|33|0.8518518518518519|0.0010616779327392|0.0018749237060546
137|34|0.8518518518518519|0.0010769367218017|0.0019333362579345
137|35|0.8518518518518519|0.001025915145874|0.0019812583923339
137|36|0.8425925925925926|0.0011706352233886|0.0020346641540527
137|37|0.8425925925925926|0.0010435581207275|0.0019705295562744
137|38|0.8425925925925926|0.0012211799621582|0.0019845962524414
137|39|0.8425925925925926|0.0010590553283691|0.002026081085205
137|40|0.8518518518518519|0.0012459754943847|0.0021755695343017
137|41|0.8333333333333334|0.0010535717010498|0.0022311210632324
137|42|0.8425925925925926|0.0011749267578125|0.0022625923156738
137|43|0.8425925925925926|0.0010786056518554|0.0022535324096679
137|44|0.8518518518518519|0.0011920928955078|0.0022847652435302
137|45|0.8518518518518519|0.0010747909545898|0.0023787021636962
137|46|0.8518518518518519|0.0011892318725585|0.0023713111877441
137|47|0.8333333333333334|0.0010809898376464|0.0024096965789794
137|48|0.8425925925925926|0.0011935234069824|0.0025420188903808
137|49|0.8425925925925926|0.0011138916015625|0.0024113655090332
137|50|0.8425925925925926|0.0012261867523193|0.0025877952575683
137|51|0.8425925925925926|0.0011327266693115|0.0025150775909423
137|52|0.8518518518518519|0.0012998580932617|0.0025911331176757
137|53|0.8425925925925926|0.0011398792266845|0.0024898052215576
137|54|0.8425925925925926|0.0012540817260742|0.0026586055755615
137|55|0.8518518518518519|0.0012075901031494|0.0025990009307861
137|56|0.8425925925925926|0.00128173828125|0.0026192665100097
137|57|0.8425925925925926|0.0011720657348632|0.0027589797973632
137|58|0.8518518518518519|0.0013356208801269|0.0027260780334472
137|59|0.8425925925925926|0.0011968612670898|0.0028328895568847
137|60|0.8611111111111112|0.0013644695281982|0.0028250217437744
137|61|0.8518518518518519|0.0012168884277343|0.0028796195983886
137|62|0.8518518518518519|0.0013813972473144|0.0028185844421386
137|63|0.8518518518518519|0.0012402534484863|0.0029854774475097
137|64|0.8518518518518519|0.001265525817871|0.0029463768005371
137|65|0.8518518518518519|0.0012717247009277|0.0029077529907226
137|66|0.8611111111111112|0.0012719631195068|0.0029335021972656
137|67|0.8611111111111112|0.0012671947479248|0.0030529499053955
137|68|0.8611111111111112|0.0012884140014648|0.0030319690704345
137|69|0.8703703703703703|0.0012826919555664|0.0032322406768798
137|70|0.8703703703703703|0.001288890838623|0.0031864643096923
137|71|0.8611111111111112|0.0013201236724853|0.0031790733337402
137|72|0.8703703703703703|0.0013275146484375|0.0031354427337646
137|73|0.8703703703703703|0.0013582706451416|0.0031521320343017
137|74|0.8703703703703703|0.0013651847839355|0.0034115314483642
137|75|0.8703703703703703|0.0013678073883056|0.0033538341522216
137|76|0.8703703703703703|0.0013942718505859|0.0032510757446289
137|77|0.8611111111111112|0.001389741897583|0.0032925605773925
137|78|0.8611111111111112|0.0014336109161376|0.0034103393554687
137|79|0.8611111111111112|0.0014231204986572|0.0035510063171386
137|80|0.8611111111111112|0.0014271736145019|0.0035388469696044
137|81|0.8611111111111112|0.0014936923980712|0.0034148693084716
137|82|0.8611111111111112|0.0015041828155517|0.0042207241058349
137|83|0.8611111111111112|0.0014853477478027|0.0034976005554199
137|84|0.8611111111111112|0.0014762878417968|0.0035686492919921
137|85|0.8611111111111112|0.0014994144439697|0.0036563873291015
137|86|0.8703703703703703|0.0015039443969726|0.00374436378479
137|87|0.8611111111111112|0.0015366077423095|0.0037143230438232
137|88|0.8611111111111112|0.0015268325805664|0.0037803649902343
137|89|0.8703703703703703|0.0015492439270019|0.0036952495574951
137|90|0.8703703703703703|0.0015723705291748|0.0036706924438476
137|91|0.8703703703703703|0.0015885829925537|0.0037174224853515
137|92|0.8703703703703703|0.0016531944274902|0.0037875175476074
137|93|0.8703703703703703|0.0016331672668457|0.0038328170776367
137|94|0.8703703703703703|0.0047483444213867|0.0038802623748779
137|95|0.8703703703703703|0.0017621517181396|0.0039036273956298
137|96|0.8703703703703703|0.0016934871673583|0.0039803981781005
137|97|0.8703703703703703|0.0016794204711914|0.0039165019989013
137|98|0.8703703703703703|0.001688003540039|0.003911018371582
137|99|0.8703703703703703|0.0017323493957519|0.0039865970611572
137|100|0.8703703703703703|0.0020062923431396|0.0038747787475585
137|101|0.8703703703703703|0.0016999244689941|0.0039324760437011
137|102|0.8703703703703703|0.0027046203613281|0.0072696208953857
137|103|0.8703703703703703|0.0028276443481445|0.00726318359375
137|104|0.8703703703703703|0.002716064453125|0.0072612762451171
137|105|0.8703703703703703|0.0027186870574951|0.0072810649871826
137|106|0.8703703703703703|0.0017528533935546|0.0042281150817871
137|107|0.8703703703703703|0.0018191337585449|0.0040905475616455
137|108|0.8703703703703703|0.0019619464874267|0.0044910907745361
137|109|0.8703703703703703|0.0017406940460205|0.00400972366333
137|110|0.8703703703703703|0.0017893314361572|0.0041139125823974
137|111|0.8703703703703703|0.0017976760864257|0.0040187835693359
137|112|0.8703703703703703|0.0018062591552734|0.0040304660797119
137|113|0.8703703703703703|0.0018067359924316|0.0042355060577392
137|114|0.8611111111111112|0.0018293857574462|0.0041627883911132
137|115|0.8611111111111112|0.0018951892852783|0.004141092300415
137|116|0.8611111111111112|0.0018587112426757|0.0040833950042724
137|117|0.8611111111111112|0.0018520355224609|0.0043036937713623
137|118|0.8611111111111112|0.0018885135650634|0.0042402744293212
137|119|0.8611111111111112|0.0018930435180664|0.0043351650238037
137|120|0.8611111111111112|0.0019145011901855|0.0042276382446289
137|121|0.8611111111111112|0.0018706321716308|0.0042016506195068
137|122|0.8611111111111112|0.0019118785858154|0.0041396617889404
137|123|0.8611111111111112|0.0019123554229736|0.0041685104370117
137|124|0.8611111111111112|0.0019228458404541|0.0041816234588623
137|125|0.8611111111111112|0.0019037723541259|0.0042328834533691
137|126|0.8611111111111112|0.0019304752349853|0.0043032169342041
137|127|0.8611111111111112|0.0019924640655517|0.0042030811309814
137|128|0.8611111111111112|0.0020666122436523|0.0043330192565917
137|129|0.8611111111111112|0.0020093917846679|0.0042858123779296
137|130|0.8611111111111112|0.0020093917846679|0.0043778419494628
137|131|0.8611111111111112|0.0032343864440917|0.0079295635223388
137|132|0.8611111111111112|0.0032069683074951|0.0080399513244628
137|133|0.8611111111111112|0.0032603740692138|0.0080385208129882
137|134|0.8611111111111112|0.0021138191223144|0.0043287277221679
137|135|0.8611111111111112|0.0021250247955322|0.004331350326538
137|136|0.8611111111111112|0.0021233558654785|0.0043585300445556
137|137|0.8611111111111112|0.0021417140960693|0.0043540000915527
131|20|0.6111111111111112|0.0015513896942138|
131|21|0.6388888888888888|0.001030683517456|0.0014114379882812
131|22|0.6851851851851852|0.0011370182037353|0.0013420581817626
131|23|0.6574074074074074|0.0009927749633789|0.0014128684997558
131|24|0.6944444444444444|0.0010907649993896|0.0014703273773193
131|25|0.7314814814814815|0.0010786056518554|0.0015206336975097
131|26|0.6666666666666666|0.0010607242584228|0.0015509128570556
131|27|0.7129629629629629|0.0010089874267578|0.0016093254089355
131|28|0.7314814814814815|0.0010294914245605|0.0015985965728759
131|29|0.7592592592592593|0.0010576248168945|0.0016486644744873
131|30|0.7685185185185185|0.0010864734649658|0.0016601085662841
131|31|0.7592592592592593|0.0011093616485595|0.001819372177124
131|32|0.75|0.0010387897491455|0.0017940998077392
131|33|0.7685185185185185|0.0010311603546142|0.0018815994262695
131|34|0.7685185185185185|0.0011420249938964|0.0018668174743652
131|35|0.7777777777777778|0.001096487045288|0.0018928050994873
131|36|0.8055555555555556|0.0010931491851806|0.0020210742950439
131|37|0.7870370370370371|0.0010790824890136|0.002002477645874
131|38|0.8055555555555556|0.0012392997741699|0.0020477771759033
131|39|0.7777777777777778|0.0018541812896728|0.0035765171051025
131|40|0.7685185185185185|0.0020704269409179|0.0036816596984863
131|41|0.7685185185185185|0.0011117458343505|0.0020711421966552
131|42|0.7962962962962963|0.0012252330780029|0.0021617412567138
131|43|0.7962962962962963|0.001133918762207|0.0022604465484619
131|44|0.8148148148148148|0.0012145042419433|0.0023152828216552
131|45|0.8240740740740741|0.0011324882507324|0.0024237632751464
131|46|0.8148148148148148|0.0013453960418701|0.002392292022705
131|47|0.7870370370370371|0.0011515617370605|0.0023977756500244
131|48|0.8055555555555556|0.0013060569763183|0.0023813247680664
131|49|0.8055555555555556|0.0012047290802001|0.0026009082794189
131|50|0.8148148148148148|0.0012972354888916|0.002488374710083
131|51|0.8055555555555556|0.0012006759643554|0.0025744438171386
131|52|0.8055555555555556|0.0014123916625976|0.0025806427001953
131|53|0.7962962962962963|0.0012285709381103|0.0027205944061279
131|54|0.7870370370370371|0.0013856887817382|0.0025889873504638
131|55|0.8055555555555556|0.0012776851654052|0.0028896331787109
131|56|0.8055555555555556|0.001408576965332|0.0027318000793457
131|57|0.8240740740740741|0.0012652873992919|0.0027840137481689
131|58|0.8333333333333334|0.0014543533325195|0.0029606819152832
131|59|0.8333333333333334|0.0013198852539062|0.0029544830322265
131|60|0.8148148148148148|0.0014905929565429|0.0028040409088134
131|61|0.8333333333333334|0.0012667179107666|0.0028276443481445
131|62|0.8055555555555556|0.0014100074768066|0.0029170513153076
131|63|0.8240740740740741|0.0012848377227783|0.0028996467590332
131|64|0.8425925925925926|0.0012910366058349|0.0029687881469726
131|65|0.8240740740740741|0.0013296604156494|0.0029904842376708
131|66|0.8148148148148148|0.0013160705566406|0.0030832290649414
131|67|0.8055555555555556|0.0013267993927001|0.0030381679534912
131|68|0.8148148148148148|0.0013213157653808|0.0030066967010498
131|69|0.8333333333333334|0.0013313293457031|0.0031068325042724
131|70|0.8240740740740741|0.0013363361358642|0.0030059814453125
131|71|0.8333333333333334|0.0013365745544433|0.0031542778015136
131|72|0.8240740740740741|0.0013496875762939|0.0031661987304687
131|73|0.8240740740740741|0.0013940334320068|0.0031955242156982
131|74|0.8425925925925926|0.0013971328735351|0.0032002925872802
131|75|0.8518518518518519|0.0014154911041259|0.0032446384429931
131|76|0.8333333333333334|0.0014412403106689|0.0034956932067871
131|77|0.8240740740740741|0.0014164447784423|0.0032746791839599
131|78|0.8333333333333334|0.0014386177062988|0.0032956600189208
131|79|0.8333333333333334|0.0014395713806152|0.0033354759216308
131|80|0.8425925925925926|0.0014533996582031|0.0033557415008544
131|81|0.8425925925925926|0.0014789104461669|0.0036389827728271
131|82|0.8425925925925926|0.0014967918395996|0.0035183429718017
131|83|0.8333333333333334|0.0015375614166259|0.0037136077880859
131|84|0.8333333333333334|0.0015177726745605|0.0034687519073486
131|85|0.8333333333333334|0.0015499591827392|0.0034897327423095
131|86|0.8240740740740741|0.0015966892242431|0.003542423248291
131|87|0.8240740740740741|0.0015900135040283|0.0038461685180664
131|88|0.8333333333333334|0.0020015239715576|0.0039196014404296
131|89|0.8240740740740741|0.0016746520996093|0.003657579421997
131|90|0.8240740740740741|0.0016736984252929|0.0039007663726806
131|91|0.8240740740740741|0.0017497539520263|0.0036745071411132
131|92|0.8240740740740741|0.0017480850219726|0.003720998764038
131|93|0.8333333333333334|0.0017240047454833|0.0037059783935546
131|94|0.8148148148148148|0.0017588138580322|0.0038201808929443
131|95|0.8240740740740741|0.0017697811126708|0.0040605068206787
131|96|0.8240740740740741|0.0017862319946289|0.0037789344787597
131|97|0.8240740740740741|0.0017986297607421|0.0038273334503173
131|98|0.8148148148148148|0.0017852783203125|0.0038404464721679
131|99|0.8148148148148148|0.0018510818481445|0.0038437843322753
131|100|0.8148148148148148|0.0018444061279296|0.0038783550262451
131|101|0.8148148148148148|0.0018455982208251|0.0038933753967285
131|102|0.8148148148148148|0.0018541812896728|0.0039441585540771
131|103|0.8148148148148148|0.0018770694732666|0.0039317607879638
131|104|0.8148148148148148|0.0018703937530517|0.0039525032043457
131|105|0.8148148148148148|0.001842975616455|0.003955602645874
131|106|0.8148148148148148|0.0018393993377685|0.0040271282196044
131|107|0.8148148148148148|0.0019457340240478|0.0043108463287353
131|108|0.8148148148148148|0.0018799304962158|0.0040266513824462
131|109|0.8148148148148148|0.0018990039825439|0.0039994716644287
131|110|0.8148148148148148|0.0019080638885498|0.0041463375091552
131|111|0.8148148148148148|0.0019657611846923|0.0043540000915527
131|112|0.8148148148148148|0.001906394958496|0.0043072700500488
131|113|0.8148148148148148|0.0019178390502929|0.0041823387145996
131|114|0.8148148148148148|0.0019536018371582|0.0042395591735839
131|115|0.8148148148148148|0.0020680427551269|0.0043818950653076
131|116|0.8148148148148148|0.0019421577453613|0.0041191577911376
131|117|0.8148148148148148|0.001976728439331|0.0040972232818603
131|118|0.8148148148148148|0.0019850730895996|0.0043952465057373
131|119|0.8240740740740741|0.0020949840545654|0.0041804313659667
131|120|0.8240740740740741|0.0020413398742675|0.0041511058807373
131|121|0.8240740740740741|0.0020351409912109|0.0042765140533447
131|122|0.8240740740740741|0.0020544528961181|0.0042498111724853
131|123|0.8240740740740741|0.0020716190338134|0.004547119140625
131|124|0.8240740740740741|0.0020763874053955|0.0044713020324707
131|125|0.8240740740740741|0.0020599365234375|0.0042133331298828
131|126|0.8240740740740741|0.0020918846130371|0.0042290687561035
131|127|0.8240740740740741|0.002082347869873|0.0044658184051513
131|128|0.8240740740740741|0.0021190643310546|0.004223346710205
131|129|0.8240740740740741|0.0020844936370849|0.0042486190795898
131|130|0.8240740740740741|0.002105712890625|0.0042519569396972
131|131|0.8240740740740741|0.0020978450775146|0.0043082237243652
131|132|0.8240740740740741|0.002082347869873|0.0048065185546875
131|133|0.8240740740740741|0.0020995140075683|0.004382848739624
131|134|0.8240740740740741|0.0021300315856933|0.0042841434478759
131|135|0.8240740740740741|0.002115249633789|0.0044896602630615
131|136|0.8240740740740741|0.0021705627441406|0.0042917728424072
131|137|0.8240740740740741|0.0021533966064453|0.0043032169342041
139|20|0.6111111111111112|0.0012755393981933|
139|21|0.6388888888888888|0.0009822845458984|0.0013878345489501
139|22|0.6296296296296297|0.0010497570037841|0.0013747215270996
139|23|0.5925925925925926|0.0009739398956298|0.001357078552246
139|24|0.6481481481481481|0.0010037422180175|0.0014433860778808
139|25|0.7037037037037037|0.0009956359863281|0.0014691352844238
139|26|0.7129629629629629|0.0009963512420654|0.0014901161193847
139|27|0.7407407407407407|0.0009970664978027|0.0015790462493896
139|28|0.7777777777777778|0.0010130405426025|0.0016539096832275
139|29|0.7592592592592593|0.0010097026824951|0.0016613006591796
139|30|0.7407407407407407|0.0010550022125244|0.0017287731170654
139|31|0.7685185185185185|0.0010633468627929|0.0017714500427246
139|32|0.7870370370370371|0.0010516643524169|0.0017745494842529
139|33|0.7870370370370371|0.0010266304016113|0.0018689632415771
139|34|0.7592592592592593|0.0010600090026855|0.001924991607666
139|35|0.7777777777777778|0.0010738372802734|0.0019211769104003
139|36|0.7777777777777778|0.0010998249053955|0.0020012855529785
139|37|0.7870370370370371|0.001077651977539|0.0020318031311035
139|38|0.8148148148148148|0.001105785369873|0.0020585060119628
139|39|0.7870370370370371|0.0010747909545898|0.0021026134490966
139|40|0.7962962962962963|0.0011236667633056|0.0020484924316406
139|41|0.8148148148148148|0.0010888576507568|0.0022008419036865
139|42|0.8148148148148148|0.0011148452758789|0.0022294521331787
139|43|0.7962962962962963|0.0012164115905761|0.0022509098052978
139|44|0.7962962962962963|0.0011749267578125|0.0023016929626464
139|45|0.7777777777777778|0.001162052154541|0.00234055519104
139|46|0.7962962962962963|0.0011737346649169|0.0023846626281738
139|47|0.8148148148148148|0.0011262893676757|0.0023834705352783
139|48|0.8240740740740741|0.0011711120605468|0.0023410320281982
139|49|0.8240740740740741|0.0011372566223144|0.0024678707122802
139|50|0.8148148148148148|0.0011932849884033|0.0024349689483642
139|51|0.8240740740740741|0.0011658668518066|0.0025293827056884
139|52|0.8333333333333334|0.0012187957763671|0.0025699138641357
139|53|0.8240740740740741|0.0012130737304687|0.002514362335205
139|54|0.8240740740740741|0.0012421607971191|0.0026652812957763
139|55|0.8333333333333334|0.0012116432189941|0.0025575160980224
139|56|0.8240740740740741|0.0012600421905517|0.0026042461395263
139|57|0.8333333333333334|0.0012307167053222|0.0026941299438476
139|58|0.8240740740740741|0.001272439956665|0.0029048919677734
139|59|0.8333333333333334|0.0013313293457031|0.0028390884399414
139|60|0.8333333333333334|0.0013439655303955|0.0027992725372314
139|61|0.8148148148148148|0.0013365745544433|0.0029122829437255
139|62|0.8333333333333334|0.0013322830200195|0.0029337406158447
139|63|0.8055555555555556|0.0013492107391357|0.0028769969940185
139|64|0.8055555555555556|0.0013220310211181|0.0028567314147949
139|65|0.8055555555555556|0.0012910366058349|0.0030622482299804
139|66|0.8055555555555556|0.0012993812561035|0.002920389175415
139|67|0.8055555555555556|0.0013148784637451|0.0030457973480224
139|68|0.7870370370370371|0.0013315677642822|0.0030610561370849
139|69|0.7870370370370371|0.001335859298706|0.0031569004058837
139|70|0.7962962962962963|0.0013604164123535|0.0031275749206542
139|71|0.7870370370370371|0.0014047622680664|0.0030293464660644
139|72|0.7777777777777778|0.0014407634735107|0.0032210350036621
139|73|0.8148148148148148|0.0014138221740722|0.0033748149871826
139|74|0.7870370370370371|0.0014309883117675|0.0032761096954345
139|75|0.7870370370370371|0.0014443397521972|0.0032248497009277
139|76|0.7870370370370371|0.0014307498931884|0.0031864643096923
139|77|0.7962962962962963|0.0014712810516357|0.0032389163970947
139|78|0.8148148148148148|0.0015037059783935|0.0032589435577392
139|79|0.8240740740740741|0.00150728225708|0.0033304691314697
139|80|0.8240740740740741|0.0015256404876708|0.0033316612243652
139|81|0.8148148148148148|0.0015568733215332|0.0036191940307617
139|82|0.8055555555555556|0.0015363693237304|0.0035481452941894
139|83|0.8055555555555556|0.0015404224395751|0.0035545825958251
139|84|0.7870370370370371|0.0015492439270019|0.0036158561706542
139|85|0.7962962962962963|0.0015571117401123|0.0034594535827636
139|86|0.7962962962962963|0.0015895366668701|0.0036995410919189
139|87|0.7962962962962963|0.0015878677368164|0.0034966468811035
139|88|0.8055555555555556|0.0016720294952392|0.0035257339477539
139|89|0.8055555555555556|0.0016796588897705|0.0037543773651123
139|90|0.8055555555555556|0.0016746520996093|0.0035951137542724
139|91|0.8055555555555556|0.0017092227935791|0.0037393569946289
139|92|0.8055555555555556|0.0016896724700927|0.0036337375640869
139|93|0.8055555555555556|0.001688003540039|0.0039305686950683
139|94|0.8055555555555556|0.0017032623291015|0.0039207935333251
139|95|0.7962962962962963|0.0016982555389404|0.0039658546447753
139|96|0.8055555555555556|0.0017590522766113|0.0039472579956054
139|97|0.8055555555555556|0.0018246173858642|0.00400972366333
139|98|0.8055555555555556|0.0018565654754638|0.0041306018829345
139|99|0.8055555555555556|0.0018723011016845|0.0041205883026123
139|100|0.8055555555555556|0.0019042491912841|0.0041186809539794
139|101|0.8055555555555556|0.0019114017486572|0.0041038990020751
139|102|0.8055555555555556|0.0019271373748779|0.0038926601409912
139|103|0.8055555555555556|0.0019586086273193|0.0041851997375488
139|104|0.8055555555555556|0.0019807815551757|0.0043683052062988
139|105|0.8055555555555556|0.0019454956054687|0.00396728515625
139|106|0.8055555555555556|0.001957893371582|0.0042903423309326
139|107|0.8055555555555556|0.001969575881958|0.0042111873626708
139|108|0.8055555555555556|0.0019853115081787|0.0041558742523193
139|109|0.8055555555555556|0.0019397735595703|0.004291296005249
139|110|0.8055555555555556|0.0019142627716064|0.0043287277221679
139|111|0.8055555555555556|0.0019607543945312|0.0041840076446533
139|112|0.8055555555555556|0.001915693283081|0.0043015480041503
139|113|0.8055555555555556|0.0019831657409667|0.004343032836914
139|114|0.7962962962962963|0.002002477645874|0.004246711730957
139|115|0.7962962962962963|0.0020091533660888|0.0043728351593017
139|116|0.7962962962962963|0.0023994445800781|0.0046694278717041
139|117|0.7962962962962963|0.0020389556884765|0.0044295787811279
139|118|0.7962962962962963|0.0020754337310791|0.0044465065002441
139|119|0.7962962962962963|0.0020587444305419|0.0044429302215576
139|120|0.7962962962962963|0.0020601749420166|0.0042006969451904
139|121|0.7962962962962963|0.0020942687988281|0.0045182704925537
139|122|0.7962962962962963|0.0020580291748046|0.0044481754302978
139|123|0.7962962962962963|0.0021047592163085|0.00447678565979
139|124|0.7962962962962963|0.0020961761474609|0.0044620037078857
139|125|0.7962962962962963|0.0020890235900878|0.0044412612915039
139|126|0.7962962962962963|0.0021185874938964|0.0042090415954589
139|127|0.7962962962962963|0.0021095275878906|0.0044605731964111
139|128|0.7962962962962963|0.0021274089813232|0.0044629573822021
139|129|0.8055555555555556|0.0021426677703857|0.0043904781341552
139|130|0.8055555555555556|0.0021696090698242|0.0042858123779296
139|131|0.8055555555555556|0.0022320747375488|0.004462718963623
139|132|0.8055555555555556|0.0021471977233886|0.0042533874511718
139|133|0.8055555555555556|0.0022103786468505|0.004300832748413
139|134|0.8055555555555556|0.0022478103637695|0.0045027732849121
139|135|0.8055555555555556|0.0021944046020507|0.0042943954467773
139|136|0.8055555555555556|0.0021800994873046|0.0043919086456298
139|137|0.8055555555555556|0.0022532939910888|0.0045714378356933
130|139|0.8425925925925926|0.0021519660949707|0.0044586658477783
130|140|0.8425925925925926|0.0022058486938476|0.0042955875396728
130|141|0.8425925925925926|0.0021567344665527|0.0044338703155517
130|142|0.8425925925925926|0.0021884441375732|0.0044384002685546
130|143|0.8425925925925926|0.0021915435791015|0.0043156147003173
130|144|0.8425925925925926|0.0021827220916748|0.0043616294860839
130|145|0.8425925925925926|0.0022013187408447|0.0044188499450683
130|146|0.8425925925925926|0.0021944046020507|0.0043396949768066
130|147|0.8333333333333334|0.0022528171539306|0.0043599605560302
130|148|0.8333333333333334|0.0023515224456787|0.0044925212860107
130|149|0.8333333333333334|0.0023167133331298|0.0043957233428955
130|150|0.8333333333333334|0.002321720123291|0.004507303237915
130|151|0.8333333333333334|0.0023627281188964|0.0047056674957275
130|152|0.8333333333333334|0.0023398399353027|0.004387617111206
130|153|0.8333333333333334|0.0023620128631591|0.0045430660247802
130|154|0.8333333333333334|0.0024309158325195|0.0044634342193603
130|155|0.8333333333333334|0.0023982524871826|0.0046966075897216
130|156|0.8333333333333334|0.0023837089538574|0.0046322345733642
130|157|0.8333333333333334|0.0023906230926513|0.004427433013916
130|158|0.8333333333333334|0.0024011135101318|0.0044639110565185
130|159|0.8333333333333334|0.0024280548095703|0.0047132968902587
130|160|0.8333333333333334|0.0024216175079345|0.0044019222259521
130|161|0.8333333333333334|0.0024511814117431|0.004490852355957
130|162|0.8333333333333334|0.0024299621582031|0.0045373439788818
132|138|0.8240740740740741|0.0021145343780517|0.0042676925659179
132|139|0.8240740740740741|0.0021202564239501|0.0044357776641845
132|140|0.8240740740740741|0.0021493434906005|0.0042974948883056
132|141|0.8240740740740741|0.0021271705627441|0.0042839050292968
132|142|0.8240740740740741|0.0021288394927978|0.0043911933898925
132|143|0.8240740740740741|0.0021650791168212|0.0043001174926757
132|144|0.8240740740740741|0.0021519660949707|0.0043427944183349
132|145|0.8240740740740741|0.0021693706512451|0.0043320655822753
132|146|0.8240740740740741|0.0021765232086181|0.0043010711669921
132|147|0.8240740740740741|0.0021820068359375|0.0043475627899169
132|148|0.8240740740740741|0.0022122859954833|0.00433349609375
132|149|0.8240740740740741|0.0021910667419433|0.0043065547943115
132|150|0.8240740740740741|0.0021872520446777|0.0043509006500244
132|151|0.8240740740740741|0.002260684967041|0.0043244361877441
132|152|0.8240740740740741|0.0022246837615966|0.0043394565582275
132|153|0.8240740740740741|0.0021977424621582|0.0043578147888183
132|154|0.8240740740740741|0.0022079944610595|0.0043408870697021
132|155|0.8240740740740741|0.0022389888763427|0.0044972896575927
132|156|0.8240740740740741|0.0022046566009521|0.0043842792510986
132|157|0.8240740740740741|0.0022170543670654|0.0043449401855468
132|158|0.8240740740740741|0.0022234916687011|0.0043604373931884
132|159|0.8240740740740741|0.0022637844085693|0.0043880939483642
132|160|0.8240740740740741|0.002237319946289|0.004385232925415
132|161|0.8240740740740741|0.0023467540740966|0.0048027038574218
132|162|0.8240740740740741|0.0023872852325439|0.0043728351593017
135|138|0.8796296296296297|0.0021803379058837|0.004319429397583
135|139|0.8796296296296297|0.0021717548370361|0.0043632984161376
135|140|0.8796296296296297|0.0021872520446777|0.0043425559997558
135|141|0.8796296296296297|0.0021860599517822|0.0043411254882812
135|142|0.8796296296296297|0.002199649810791|0.0043575763702392
135|143|0.8796296296296297|0.0022025108337402|0.0043559074401855
135|144|0.8796296296296297|0.0022087097167968|0.0043461322784423
135|145|0.8796296296296297|0.002216100692749|0.004401683807373
135|146|0.8796296296296297|0.0022225379943847|0.0043728351593017
135|147|0.8796296296296297|0.0022814273834228|0.0043907165527343
135|148|0.8703703703703703|0.0022549629211425|0.0043609142303466
135|149|0.8703703703703703|0.0022792816162109|0.0044200420379638
135|150|0.8703703703703703|0.0023121833801269|0.0044636726379394
135|151|0.8703703703703703|0.0022881031036376|0.0044119358062744
135|152|0.8703703703703703|0.002305269241333|0.0044538974761962
135|153|0.8703703703703703|0.0023086071014404|0.0044240951538085
135|154|0.8703703703703703|0.0023081302642822|0.0044689178466796
135|155|0.8703703703703703|0.0023345947265625|0.0044312477111816
135|156|0.8703703703703703|0.0023417472839355|0.0044312477111816
135|157|0.8703703703703703|0.0023443698883056|0.0044567584991455
135|158|0.8703703703703703|0.0023889541625976|0.004420518875122
135|159|0.8703703703703703|0.0023531913757324|0.0044200420379638
135|160|0.8703703703703703|0.002385139465332|0.0044729709625244
135|161|0.8703703703703703|0.0025203227996826|0.0045270919799804
135|162|0.8703703703703703|0.0025737285614013|0.0044691562652587
138|138|0.8333333333333334|0.0021798610687255|0.004371166229248
138|139|0.8333333333333334|0.0021965503692626|0.004422903060913
138|140|0.8333333333333334|0.0022127628326416|0.0044198036193847
138|141|0.8333333333333334|0.0022065639495849|0.0043835639953613
138|142|0.8333333333333334|0.0022110939025878|0.0044083595275878
138|143|0.8333333333333334|0.0022282600402832|0.0043952465057373
138|144|0.8333333333333334|0.0022358894348144|0.0044307708740234
138|145|0.8333333333333334|0.0022356510162353|0.0044112205505371
138|146|0.8333333333333334|0.0022640228271484|0.0043954849243164
138|147|0.8333333333333334|0.0022540092468261|0.0044138431549072
138|148|0.8333333333333334|0.0022675991058349|0.0044121742248535
138|149|0.8333333333333334|0.00227952003479|0.0044255256652832
138|150|0.8333333333333334|0.002284288406372|0.0044448375701904
138|151|0.8333333333333334|0.0022926330566406|0.0044121742248535
138|152|0.8333333333333334|0.0023078918457031|0.004427433013916
138|153|0.8333333333333334|0.0023255348205566|0.0044147968292236
138|154|0.8333333333333334|0.0023274421691894|0.0044364929199218
138|155|0.8333333333333334|0.0023188591003417|0.0044665336608886
138|156|0.8333333333333334|0.0023310184478759|0.0044281482696533
138|157|0.8333333333333334|0.0023367404937744|0.0044178962707519
138|158|0.8333333333333334|0.0023493766784667|0.0044329166412353
138|159|0.8333333333333334|0.0023927688598632|0.0044567584991455
138|160|0.8333333333333334|0.0025427341461181|0.0044314861297607
138|161|0.8333333333333334|0.0025537014007568|0.0044872760772705
138|162|0.8333333333333334|0.0026321411132812|0.0044913291931152
134|138|0.8425925925925926|0.002220869064331|0.0042846202850341
134|139|0.8425925925925926|0.0021517276763916|0.0043978691101074
134|140|0.8425925925925926|0.0021321773529052|0.004265546798706
134|141|0.8425925925925926|0.002145767211914|0.0043098926544189
134|142|0.8425925925925926|0.0021724700927734|0.0042920112609863
134|143|0.8425925925925926|0.0021615028381347|0.0042991638183593
134|144|0.8425925925925926|0.002185583114624|0.0043017864227294
134|145|0.8425925925925926|0.0022203922271728|0.0043835639953613
134|146|0.8425925925925926|0.002242088317871|0.0043435096740722
134|147|0.8425925925925926|0.0022444725036621|0.0043344497680664
134|148|0.8425925925925926|0.0022518634796142|0.0043652057647705
134|149|0.8425925925925926|0.0027978420257568|0.0043792724609375
134|150|0.8425925925925926|0.0022568702697753|0.0043642520904541
134|151|0.8425925925925926|0.0022699832916259|0.0044124126434326
134|152|0.8425925925925926|0.002281904220581|0.0043671131134033
134|153|0.8425925925925926|0.0022840499877929|0.0044677257537841
134|154|0.8425925925925926|0.0022859573364257|0.0044212341308593
134|155|0.8425925925925926|0.0023195743560791|0.0043699741363525
134|156|0.8425925925925926|0.0023119449615478|0.0043494701385498
134|157|0.8425925925925926|0.0023183822631835|0.0043859481811523
134|158|0.8425925925925926|0.0024609565734863|0.0044753551483154
134|159|0.8425925925925926|0.0024693012237548|0.0044190883636474
134|160|0.8425925925925926|0.0025815963745117|0.0044283866882324
134|161|0.8425925925925926|0.0026390552520751|0.0044391155242919
134|162|0.8425925925925926|0.002678632736206|0.0044655799865722
133|138|0.8425925925925926|0.0021483898162841|0.0046291351318359
133|139|0.8425925925925926|0.002211570739746|0.0042762756347656
133|140|0.8425925925925926|0.0021829605102539|0.0046072006225585
133|141|0.8425925925925926|0.0022099018096923|0.0042769908905029
133|142|0.8425925925925926|0.0022234916687011|0.0042846202850341
133|143|0.8425925925925926|0.0022118091583251|0.0045270919799804
133|144|0.8425925925925926|0.0022165775299072|0.0045859813690185
133|145|0.8425925925925926|0.0022244453430175|0.0043227672576904
133|146|0.8425925925925926|0.0022611618041992|0.0043938159942626
133|147|0.8425925925925926|0.0022740364074707|0.0043098926544189
133|148|0.8425925925925926|0.0022470951080322|0.0043401718139648
133|149|0.8425925925925926|0.0022852420806884|0.0045244693756103
133|150|0.8425925925925926|0.0022423267364501|0.0043022632598876
133|151|0.8425925925925926|0.0022692680358886|0.0043220520019531
133|152|0.8425925925925926|0.0023002624511718|0.0044178962707519
133|153|0.8425925925925926|0.0022814273834228|0.004404067993164
133|154|0.8425925925925926|0.0022704601287841|0.004439353942871
133|155|0.8425925925925926|0.0022923946380615|0.0043191909790039
133|156|0.8425925925925926|0.0022952556610107|0.0043532848358154
133|157|0.8518518518518519|0.0023458003997802|0.0045106410980224
133|158|0.8518518518518519|0.0023612976074218|0.0045576095581054
133|159|0.8518518518518519|0.0023636817932128|0.0046732425689697
133|160|0.8518518518518519|0.0023713111877441|0.0046486854553222
133|161|0.8518518518518519|0.0023894309997558|0.0047080516815185
133|162|0.8518518518518519|0.0023667812347412|0.0046248435974121
136|138|0.8240740740740741|0.0022647380828857|0.0043506622314453
136|139|0.8240740740740741|0.0022997856140136|0.0044784545898437
136|140|0.8240740740740741|0.002251386642456|0.0043306350708007
136|141|0.8240740740740741|0.0022528171539306|0.004357099533081
136|142|0.8240740740740741|0.0023074150085449|0.0045819282531738
136|143|0.8240740740740741|0.0022811889648437|0.0043394565582275
136|144|0.8240740740740741|0.0022773742675781|0.0043654441833496
136|145|0.8240740740740741|0.0023286342620849|0.0045959949493408
136|146|0.8240740740740741|0.0022876262664794|0.0043497085571289
136|147|0.8240740740740741|0.0023126602172851|0.0043725967407226
136|148|0.8240740740740741|0.0023398399353027|0.0045630931854248
136|149|0.8240740740740741|0.0023033618927001|0.0043542385101318
136|150|0.8240740740740741|0.0023250579833984|0.0043926239013671
136|151|0.8240740740740741|0.0023608207702636|0.0045597553253173
136|152|0.8240740740740741|0.0023353099822998|0.004364013671875
136|153|0.8240740740740741|0.0023066997528076|0.0043964385986328
136|154|0.8240740740740741|0.0023274421691894|0.0045342445373535
136|155|0.8240740740740741|0.0024077892303466|0.0043895244598388
136|156|0.8240740740740741|0.0023972988128662|0.00441575050354
136|157|0.8240740740740741|0.0023527145385742|0.0044775009155273
136|158|0.8240740740740741|0.0023889541625976|0.0044097900390625
136|159|0.8240740740740741|0.0023567676544189|0.004373550415039
136|160|0.8240740740740741|0.0023643970489501|0.0046427249908447
136|161|0.8240740740740741|0.0024034976959228|0.0043873786926269
136|162|0.8240740740740741|0.0024740695953369|0.0044248104095458
137|138|0.8611111111111112|0.0021464824676513|0.0043623447418212
137|139|0.8611111111111112|0.0021388530731201|0.0043721199035644
137|140|0.8611111111111112|0.0021688938140869|0.0045385360717773
137|141|0.8611111111111112|0.0021815299987792|0.0043890476226806
137|142|0.8611111111111112|0.0021872520446777|0.0045351982116699
137|143|0.8611111111111112|0.0022408962249755|0.0043642520904541
137|144|0.8611111111111112|0.0022087097167968|0.0044455528259277
137|145|0.8611111111111112|0.0022151470184326|0.0044050216674804
137|146|0.8611111111111112|0.0022494792938232|0.0044021606445312
137|147|0.8611111111111112|0.0022239685058593|0.0044012069702148
137|148|0.8611111111111112|0.0022413730621337|0.00455904006958
137|149|0.8611111111111112|0.0022563934326171|0.0044066905975341
137|150|0.8611111111111112|0.0022890567779541|0.0044105052947998
137|151|0.8611111111111112|0.0022826194763183|0.00441575050354
137|152|0.8611111111111112|0.0023019313812255|0.0044066905975341
137|153|0.8611111111111112|0.0023748874664306|0.004399299621582
137|154|0.8611111111111112|0.0024571418762207|0.0044918060302734
137|155|0.8611111111111112|0.0025727748870849|0.0044336318969726
137|156|0.8611111111111112|0.0025639533996582|0.0044717788696289
137|157|0.8611111111111112|0.002573013305664|0.0047760009765625
137|158|0.8611111111111112|0.0026690959930419|0.0045688152313232
137|159|0.8611111111111112|0.0028746128082275|0.0046110153198242
137|160|0.8611111111111112|0.0026988983154296|0.0044119358062744
137|161|0.8611111111111112|0.0024430751800537|0.0042428970336914
137|162|0.8611111111111112|0.0023901462554931|0.0043909549713134
131|138|0.8240740740740741|0.0021486282348632|0.0042822360992431
131|139|0.8240740740740741|0.0022032260894775|0.0046064853668212
131|140|0.8240740740740741|0.0021760463714599|0.0043058395385742
131|141|0.8240740740740741|0.0021789073944091|0.0046639442443847
131|142|0.8240740740740741|0.0021727085113525|0.0046112537384033
131|143|0.8240740740740741|0.0022401809692382|0.0043532848358154
131|144|0.8240740740740741|0.0022621154785156|0.0043137073516845
131|145|0.8240740740740741|0.0022454261779785|0.0046679973602294
131|146|0.8240740740740741|0.0022585391998291|0.004582405090332
131|147|0.8240740740740741|0.0022885799407958|0.004692792892456
131|148|0.8240740740740741|0.0022733211517333|0.0046827793121337
131|149|0.8240740740740741|0.0022797584533691|0.0044856071472167
131|150|0.8240740740740741|0.002293586730957|0.0046625137329101
131|151|0.8240740740740741|0.0022909641265869|0.0043616294860839
131|152|0.8240740740740741|0.0036029815673828|0.0077745914459228
131|153|0.8240740740740741|0.0022916793823242|0.0043973922729492
131|154|0.8240740740740741|0.0023088455200195|0.0048744678497314
131|155|0.8240740740740741|0.0023403167724609|0.0046725273132324
131|156|0.8240740740740741|0.0023195743560791|0.0046663284301757
131|157|0.8240740740740741|0.0023090839385986|0.0043666362762451
131|158|0.8240740740740741|0.0023837089538574|0.0047073364257812
131|159|0.8240740740740741|0.0023880004882812|0.0044002532958984
131|160|0.8240740740740741|0.0025434494018554|0.0044441223144531
131|161|0.8240740740740741|0.002598762512207|0.0046150684356689
131|162|0.8240740740740741|0.0025749206542968|0.0043623447418212
139|138|0.8055555555555556|0.0022175312042236|0.00429368019104
139|139|0.8055555555555556|0.0022547245025634|0.0043087005615234
139|140|0.8055555555555556|0.002251386642456|0.0045526027679443
139|141|0.8055555555555556|0.0022532939910888|0.0043027400970458
139|142|0.8055555555555556|0.0023183822631835|0.0043082237243652
139|143|0.8055555555555556|0.0023078918457031|0.0045545101165771
139|144|0.8055555555555556|0.0022921562194824|0.0043411254882812
139|145|0.8055555555555556|0.0023119449615478|0.0043113231658935
139|146|0.8055555555555556|0.0023109912872314|0.0045914649963378
139|147|0.8055555555555556|0.0023090839385986|0.0043444633483886
139|148|0.8055555555555556|0.0023605823516845|0.0043327808380126
139|149|0.8055555555555556|0.0023472309112548|0.0046310424804687
139|150|0.8055555555555556|0.0024080276489257|0.004648208618164
139|151|0.8055555555555556|0.0023040771484375|0.0043954849243164
139|152|0.8055555555555556|0.0023193359375|0.0046007633209228
139|153|0.8055555555555556|0.0023388862609863|0.0045948028564453
139|154|0.8055555555555556|0.0023193359375|0.0043830871582031
139|155|0.8055555555555556|0.0023555755615234|0.0048441886901855
139|156|0.8055555555555556|0.0024805068969726|0.0046546459197998
139|157|0.8055555555555556|0.0025007724761962|0.0043909549713134
139|158|0.8055555555555556|0.0026047229766845|0.0048251152038574
139|159|0.8055555555555556|0.0024580955505371|0.0047070980072021
139|160|0.8055555555555556|0.0024805068969726|0.0043566226959228
139|161|0.8055555555555556|0.0024833679199218|0.0043535232543945
139|162|0.8055555555555556|0.0025286674499511|0.0044779777526855
140|20|0.7685185185185185|0.0012915134429931|
140|21|0.7870370370370371|0.0009272098541259|0.0013079643249511
140|22|0.8148148148148148|0.0009512901306152|0.0012857913970947
140|23|0.8148148148148148|0.0009801387786865|0.0013387203216552
140|24|0.8333333333333334|0.000962495803833|0.0013768672943115
140|25|0.8240740740740741|0.0009698867797851|0.0014145374298095
140|26|0.8055555555555556|0.0010101795196533|0.0014731884002685
140|27|0.8055555555555556|0.0009615421295166|0.0015084743499755
140|28|0.8055555555555556|0.0010039806365966|0.001551866531372
140|29|0.8148148148148148|0.0009791851043701|0.0015821456909179
140|30|0.8148148148148148|0.00101900100708|0.0016787052154541
140|31|0.8148148148148148|0.0009939670562744|0.0016984939575195
140|32|0.8240740740740741|0.0010366439819335|0.0017154216766357
140|33|0.8055555555555556|0.0010511875152587|0.0017399787902832
140|34|0.8148148148148148|0.0010581016540527|0.0018658638000488
140|35|0.8240740740740741|0.0010538101196289|0.0018196105957031
140|36|0.8240740740740741|0.0010743141174316|0.0018508434295654
140|37|0.8148148148148148|0.0010106563568115|0.0018856525421142
140|38|0.8425925925925926|0.0010712146759033|0.0020084381103515
140|39|0.8425925925925926|0.0014660358428955|0.0019733905792236
140|40|0.8425925925925926|0.0010933876037597|0.002237319946289
140|41|0.8333333333333334|0.0010125637054443|0.0020587444305419
140|42|0.8333333333333334|0.001035451889038|0.0021626949310302
140|43|0.8240740740740741|0.0014247894287109|0.0022790431976318
140|44|0.8333333333333334|0.0010592937469482|0.0021588802337646
140|45|0.8333333333333334|0.0010437965393066|0.0021688938140869
140|46|0.8333333333333334|0.0010766983032226|0.0022227764129638
140|47|0.8240740740740741|0.001042366027832|0.0022394657135009
140|48|0.8333333333333334|0.0010735988616943|0.0023150444030761
140|49|0.8240740740740741|0.0010609626770019|0.0023562908172607
140|50|0.8240740740740741|0.0011003017425537|0.0023510456085205
140|51|0.8148148148148148|0.0010864734649658|0.0024981498718261
140|52|0.8240740740740741|0.0011441707611083|0.0025138854980468
140|53|0.8425925925925926|0.0010933876037597|0.0024938583374023
140|54|0.8518518518518519|0.0011296272277832|0.0025241374969482
140|55|0.8425925925925926|0.0011160373687744|0.0025503635406494
140|56|0.8425925925925926|0.001171588897705|0.0027494430541992
140|57|0.8518518518518519|0.0011317729949951|0.0026414394378662
140|58|0.8425925925925926|0.0011689662933349|0.0026371479034423
140|59|0.8425925925925926|0.0011379718780517|0.0026593208312988
140|60|0.8425925925925926|0.0011873245239257|0.0027599334716796
140|61|0.8240740740740741|0.0012028217315673|0.0027527809143066
140|62|0.8425925925925926|0.0012209415435791|0.0027844905853271
140|63|0.8518518518518519|0.0011911392211914|0.0028109550476074
140|64|0.8518518518518519|0.0011985301971435|0.0028431415557861
140|65|0.8425925925925926|0.0012023448944091|0.0029661655426025
140|66|0.8611111111111112|0.0012037754058837|0.0028927326202392
140|67|0.8518518518518519|0.0012319087982177|0.0029184818267822
140|68|0.8611111111111112|0.0012454986572265|0.0029497146606445
140|69|0.8518518518518519|0.0012662410736083|0.0029735565185546
140|70|0.8518518518518519|0.0012753009796142|0.0030076503753662
140|71|0.8518518518518519|0.0012967586517333|0.0030367374420166
140|72|0.8518518518518519|0.0013020038604736|0.0030851364135742
140|73|0.8518518518518519|0.0013062953948974|0.0031228065490722
140|74|0.8611111111111112|0.0013155937194824|0.0031468868255615
140|75|0.8518518518518519|0.001326560974121|0.0032188892364501
140|76|0.8518518518518519|0.0013260841369628|0.003246784210205
140|77|0.8518518518518519|0.0013527870178222|0.0032212734222412
140|78|0.8611111111111112|0.0013556480407714|0.0032432079315185
140|79|0.8611111111111112|0.0013906955718994|0.0033891201019287
140|80|0.8518518518518519|0.0013761520385742|0.0032927989959716
140|81|0.8518518518518519|0.0013928413391113|0.0033226013183593
140|82|0.8611111111111112|0.0014300346374511|0.0034892559051513
140|83|0.8611111111111112|0.0014400482177734|0.0034010410308837
140|84|0.8611111111111112|0.0014338493347167|0.0034606456756591
140|85|0.8611111111111112|0.0014722347259521|0.0034313201904296
140|86|0.8611111111111112|0.0014748573303222|0.0034925937652587
140|87|0.8611111111111112|0.0014824867248535|0.0035493373870849
140|88|0.8611111111111112|0.0015044212341308|0.0034997463226318
140|89|0.8611111111111112|0.0015234947204589|0.0035319328308105
140|90|0.8611111111111112|0.0015439987182617|0.0035755634307861
140|91|0.8611111111111112|0.001549482345581|0.0037505626678466
140|92|0.8611111111111112|0.0018377304077148|0.0036823749542236
140|93|0.8611111111111112|0.0018560886383056|0.0037369728088378
140|94|0.8611111111111112|0.0018310546875|0.0037195682525634
140|95|0.8611111111111112|0.0018448829650878|0.0038323402404785
140|96|0.8611111111111112|0.0018684864044189|0.0037832260131835
140|97|0.8611111111111112|0.001922607421875|0.0038213729858398
140|98|0.8611111111111112|0.0019497871398925|0.003843069076538
140|99|0.8611111111111112|0.0019850730895996|0.0039012432098388
140|100|0.8611111111111112|0.0019593238830566|0.0039088726043701
140|101|0.8611111111111112|0.001997947692871|0.0038998126983642
140|102|0.8611111111111112|0.001918077468872|0.0039143562316894
140|103|0.8611111111111112|0.0020143985748291|0.0039477348327636
140|104|0.8611111111111112|0.0019891262054443|0.0039865970611572
140|105|0.8611111111111112|0.0019943714141845|0.0040130615234375
140|106|0.8611111111111112|0.0020287036895751|0.0039846897125244
140|107|0.8611111111111112|0.0020046234130859|0.004115343093872
140|108|0.8611111111111112|0.0020701885223388|0.0040533542633056
140|109|0.8611111111111112|0.002068281173706|0.0041093826293945
140|110|0.8611111111111112|0.0020849704742431|0.004117727279663
140|111|0.8611111111111112|0.002073049545288|0.0041821002960205
140|112|0.8611111111111112|0.002077579498291|0.0041389465332031
140|113|0.8611111111111112|0.0021257400512695|0.0041389465332031
140|114|0.8611111111111112|0.0021421909332275|0.0041954517364501
140|115|0.8611111111111112|0.0021431446075439|0.0041866302490234
140|116|0.8611111111111112|0.0021700859069824|0.004310131072998
140|117|0.8611111111111112|0.0021376609802246|0.0042109489440917
140|118|0.8611111111111112|0.0021681785583496|0.0042500495910644
140|119|0.8611111111111112|0.0021665096282958|0.0042922496795654
140|120|0.8611111111111112|0.0022037029266357|0.0042247772216796
140|121|0.8611111111111112|0.0022528171539306|0.0042817592620849
140|122|0.8703703703703703|0.0022575855255126|0.0042848587036132
140|123|0.8703703703703703|0.0022497177124023|0.0043056011199951
140|124|0.8703703703703703|0.0022869110107421|0.0043141841888427
140|125|0.8611111111111112|0.0022327899932861|0.0043649673461914
140|126|0.8611111111111112|0.0023238658905029|0.0044221878051757
140|127|0.8611111111111112|0.002277135848999|0.0043239593505859
140|128|0.8611111111111112|0.0023200511932373|0.0043592453002929
140|129|0.8611111111111112|0.0023331642150878|0.0043520927429199
140|130|0.8611111111111112|0.0023202896118164|0.0043423175811767
140|131|0.8611111111111112|0.0023310184478759|0.0043776035308837
140|132|0.8611111111111112|0.0023376941680908|0.0043630599975585
140|133|0.8611111111111112|0.0023326873779296|0.0043952465057373
140|134|0.8611111111111112|0.0023598670959472|0.0044193267822265
140|135|0.8611111111111112|0.0023994445800781|0.0044240951538085
140|136|0.8611111111111112|0.0024242401123046|0.0044918060302734
140|137|0.8611111111111112|0.0023951530456542|0.0044097900390625
143|20|0.6944444444444444|0.001354694366455|
143|21|0.7129629629629629|0.0011012554168701|0.0013446807861328
143|22|0.7314814814814815|0.001103401184082|0.0013375282287597
143|23|0.7592592592592593|0.0010693073272705|0.0014128684997558
143|24|0.7407407407407407|0.001108169555664|0.0014505386352539
143|25|0.7592592592592593|0.0010821819305419|0.0014967918395996
143|26|0.7592592592592593|0.0010933876037597|0.0015132427215576
143|27|0.7777777777777778|0.0010943412780761|0.0015830993652343
143|28|0.7407407407407407|0.0010886192321777|0.0016419887542724
143|29|0.7685185185185185|0.001061201095581|0.001622200012207
143|30|0.8333333333333334|0.0011096000671386|0.0016827583312988
143|31|0.7962962962962963|0.0010664463043212|0.0017495155334472
143|32|0.7685185185185185|0.0010664463043212|0.0017976760864257
143|33|0.7685185185185185|0.0010614395141601|0.0018572807312011
143|34|0.7870370370370371|0.0010573863983154|0.0018646717071533
143|35|0.7592592592592593|0.0010666847229003|0.0018584728240966
143|36|0.7777777777777778|0.001101016998291|0.0019600391387939
143|37|0.7592592592592593|0.0010921955108642|0.0019340515136718
143|38|0.7407407407407407|0.0011188983917236|0.0019690990447998
143|39|0.7314814814814815|0.0010912418365478|0.0020091533660888
143|40|0.7685185185185185|0.0011548995971679|0.0021073818206787
143|41|0.7407407407407407|0.0010950565338134|0.0020718574523925
143|42|0.7592592592592593|0.0011322498321533|0.0021581649780273
143|43|0.7962962962962963|0.0011217594146728|0.002159833908081
143|44|0.8055555555555556|0.0011680126190185|0.002209186553955
143|45|0.7777777777777778|0.0011241436004638|0.0022413730621337
143|46|0.7685185185185185|0.0011656284332275|0.0022618770599365
143|47|0.7685185185185185|0.0011465549468994|0.0023331642150878
143|48|0.7870370370370371|0.0011904239654541|0.0023653507232666
143|49|0.7870370370370371|0.0011663436889648|0.0024077892303466
143|50|0.7870370370370371|0.001209020614624|0.002448558807373
143|51|0.7870370370370371|0.0011816024780273|0.0024654865264892
143|52|0.7870370370370371|0.0012347698211669|0.0025062561035156
143|53|0.7870370370370371|0.0011835098266601|0.0025186538696289
143|54|0.7962962962962963|0.0012667179107666|0.0025482177734375
143|55|0.7870370370370371|0.0012152194976806|0.0026037693023681
143|56|0.7870370370370371|0.0012397766113281|0.0026321411132812
143|57|0.7777777777777778|0.0012521743774414|0.002640962600708
143|58|0.7685185185185185|0.0012633800506591|0.0027191638946533
143|59|0.7685185185185185|0.0012423992156982|0.0027151107788085
143|60|0.7592592592592593|0.0012874603271484|0.0027592182159423
143|61|0.7685185185185185|0.0012619495391845|0.0028245449066162
143|62|0.7777777777777778|0.0013191699981689|0.0028362274169921
143|63|0.7777777777777778|0.0013420581817626|0.0028839111328125
143|64|0.7592592592592593|0.0013504028320312|0.0028455257415771
143|65|0.7685185185185185|0.0013067722320556|0.0029323101043701
143|66|0.7685185185185185|0.001286506652832|0.002903938293457
143|67|0.7685185185185185|0.0013079643249511|0.0029385089874267
143|68|0.7592592592592593|0.0013470649719238|0.0029633045196533
143|69|0.7685185185185185|0.0013418197631835|0.0030016899108886
143|70|0.7685185185185185|0.0013518333435058|0.0030632019042968
143|71|0.7592592592592593|0.0013353824615478|0.003082275390625
143|72|0.7592592592592593|0.0013747215270996|0.0032076835632324
143|73|0.7685185185185185|0.0013864040374755|0.0031239986419677
143|74|0.7870370370370371|0.001406192779541|0.0031383037567138
143|75|0.7685185185185185|0.0013954639434814|0.0032017230987548
143|76|0.7685185185185185|0.0014073848724365|0.0032086372375488
143|77|0.7685185185185185|0.0014677047729492|0.0032527446746826
143|78|0.7685185185185185|0.0014481544494628|0.0032925605773925
143|79|0.7685185185185185|0.0014717578887939|0.0033051967620849
143|80|0.7685185185185185|0.0014941692352294|0.0033307075500488
143|81|0.7685185185185185|0.0015239715576171|0.0034921169281005
143|82|0.7592592592592593|0.0015451908111572|0.0034091472625732
143|83|0.7685185185185185|0.0015220642089843|0.0034236907958984
143|84|0.7685185185185185|0.0015566349029541|0.0035009384155273
143|85|0.7685185185185185|0.0016083717346191|0.0036146640777587
143|86|0.7685185185185185|0.0016076564788818|0.0035803318023681
143|87|0.7685185185185185|0.0016274452209472|0.0035438537597656
143|88|0.7592592592592593|0.0016481876373291|0.0035581588745117
143|89|0.7592592592592593|0.0016336441040039|0.003605842590332
143|90|0.7592592592592593|0.0016648769378662|0.0037486553192138
143|91|0.7685185185185185|0.0016908645629882|0.003793716430664
143|92|0.7685185185185185|0.0016787052154541|0.0037574768066406
143|93|0.7685185185185185|0.0017197132110595|0.0037600994110107
143|94|0.7685185185185185|0.0017449855804443|0.0037188529968261
143|95|0.7685185185185185|0.0017671585083007|0.0037696361541748
143|96|0.7685185185185185|0.0017676353454589|0.0037722587585449
143|97|0.7685185185185185|0.0018014907836914|0.003901720046997
143|98|0.7685185185185185|0.0018033981323242|0.0039892196655273
143|99|0.7685185185185185|0.0018513202667236|0.003871202468872
143|100|0.7685185185185185|0.0017957687377929|0.0038845539093017
143|101|0.7685185185185185|0.0018661022186279|0.0038733482360839
143|102|0.7685185185185185|0.001847505569458|0.0039920806884765
143|103|0.7685185185185185|0.0018517971038818|0.0038950443267822
143|104|0.7685185185185185|0.0018725395202636|0.0040946006774902
143|105|0.7685185185185185|0.0018603801727294|0.0039203166961669
143|106|0.7685185185185185|0.0019049644470214|0.0039553642272949
143|107|0.7685185185185185|0.0018677711486816|0.0039565563201904
143|108|0.7685185185185185|0.0019009113311767|0.0039999485015869
143|109|0.7685185185185185|0.0018770694732666|0.0040738582611083
143|110|0.7685185185185185|0.001962661743164|0.0040075778961181
143|111|0.7685185185185185|0.001957893371582|0.004173994064331
143|112|0.7685185185185185|0.0019712448120117|0.0040359497070312
143|113|0.7592592592592593|0.0019681453704833|0.0041279792785644
143|114|0.75|0.0020051002502441|0.0040578842163085
143|115|0.75|0.0019824504852294|0.0041115283966064
143|116|0.75|0.002009630203247|0.0042662620544433
143|117|0.75|0.0020339488983154|0.0041375160217285
143|118|0.75|0.002049446105957|0.0041801929473876
143|119|0.75|0.0020294189453125|0.0041573047637939
143|120|0.75|0.0020511150360107|0.00411057472229
143|121|0.75|0.0020282268524169|0.0041606426239013
143|122|0.7685185185185185|0.0020616054534912|0.0041306018829345
143|123|0.7685185185185185|0.0020613670349121|0.0042555332183837
143|124|0.7685185185185185|0.0021259784698486|0.0042743682861328
143|125|0.7685185185185185|0.0021271705627441|0.0041935443878173
143|126|0.7685185185185185|0.0021431446075439|0.0043959617614746
143|127|0.7685185185185185|0.0021514892578125|0.0043728351593017
143|128|0.7685185185185185|0.002134084701538|0.0042517185211181
143|129|0.7685185185185185|0.0021677017211914|0.0042483806610107
143|130|0.7685185185185185|0.002129316329956|0.004230260848999
143|131|0.7685185185185185|0.0021393299102783|0.0043396949768066
143|132|0.7685185185185185|0.0021402835845947|0.0044391155242919
143|133|0.7685185185185185|0.0021524429321289|0.0042893886566162
143|134|0.7685185185185185|0.0021843910217285|0.0042531490325927
143|135|0.7685185185185185|0.0021681785583496|0.0042605400085449
143|136|0.7685185185185185|0.0021803379058837|0.0042972564697265
143|137|0.75|0.0021998882293701|0.0043699741363525
143|138|0.75|0.0022082328796386|0.0043044090270996
143|139|0.75|0.0022404193878173|0.0042839050292968
146|20|0.75|0.001265525817871|
146|21|0.8796296296296297|0.0009853839874267|0.0013458728790283
146|22|0.8425925925925926|0.0010247230529785|0.0013701915740966
146|23|0.7870370370370371|0.0009851455688476|0.001418113708496
146|24|0.8055555555555556|0.0009920597076416|0.0014176368713378
146|25|0.8425925925925926|0.0009944438934326|0.0014820098876953
146|26|0.8148148148148148|0.0009944438934326|0.0015010833740234
146|27|0.8518518518518519|0.0009794235229492|0.00154709815979
146|28|0.8888888888888888|0.0009715557098388|0.0015904903411865
146|29|0.8333333333333334|0.001061201095581|0.0016169548034667
146|30|0.8425925925925926|0.0009958744049072|0.0016953945159912
146|31|0.7962962962962963|0.0009841918945312|0.0017130374908447
146|32|0.7870370370370371|0.0009996891021728|0.0017564296722412
146|33|0.7685185185185185|0.0009949207305908|0.0018894672393798
146|34|0.7592592592592593|0.0010113716125488|0.0018196105957031
146|35|0.7962962962962963|0.001002550125122|0.0019013881683349
146|36|0.7870370370370371|0.0010373592376708|0.0018994808197021
146|37|0.7870370370370371|0.0010135173797607|0.0019373893737792
146|38|0.7870370370370371|0.0010683536529541|0.0019869804382324
146|39|0.7685185185185185|0.00103759765625|0.0020506381988525
146|40|0.7962962962962963|0.0010850429534912|0.0020644664764404
146|41|0.7962962962962963|0.0010328292846679|0.0020945072174072
146|42|0.7777777777777778|0.0010859966278076|0.0021650791168212
146|43|0.7777777777777778|0.0010676383972167|0.0021722316741943
146|44|0.7777777777777778|0.0010955333709716|0.0022568702697753
146|45|0.7777777777777778|0.0010731220245361|0.0022881031036376
146|46|0.75|0.0011126995086669|0.0022788047790527
146|47|0.7685185185185185|0.0010864734649658|0.0023486614227294
146|48|0.7870370370370371|0.001133918762207|0.0023939609527587
146|49|0.7870370370370371|0.0011026859283447|0.0023970603942871
146|50|0.7777777777777778|0.001150369644165|0.0025067329406738
146|51|0.7870370370370371|0.0011141300201416|0.0024635791778564
146|52|0.7962962962962963|0.001166820526123|0.0025243759155273
146|53|0.8055555555555556|0.0011248588562011|0.0025637149810791
146|54|0.8148148148148148|0.0011541843414306|0.0027625560760498
146|55|0.8333333333333334|0.0011584758758544|0.002704381942749
146|56|0.8148148148148148|0.0011677742004394|0.0026512145996093
146|57|0.8333333333333334|0.0011529922485351|0.0027008056640625
146|58|0.8425925925925926|0.0012054443359375|0.0027399063110351
146|59|0.8148148148148148|0.0011677742004394|0.002892255783081
146|60|0.8240740740740741|0.0012223720550537|0.0027616024017333
146|61|0.8333333333333334|0.0011830329895019|0.0028865337371826
146|62|0.8425925925925926|0.0012390613555908|0.0028350353240966
146|63|0.8148148148148148|0.0012059211730957|0.0029201507568359
146|64|0.7962962962962963|0.0012154579162597|0.0029525756835937
146|65|0.8055555555555556|0.0012249946594238|0.0029380321502685
146|66|0.8055555555555556|0.0012331008911132|0.0029652118682861
146|67|0.8240740740740741|0.0012693405151367|0.0029728412628173
146|68|0.8148148148148148|0.0012786388397216|0.0030968189239501
146|69|0.8148148148148148|0.0012862682342529|0.0030925273895263
146|70|0.8148148148148148|0.0012743473052978|0.0030784606933593
146|71|0.8240740740740741|0.0013055801391601|0.0031688213348388
146|72|0.8333333333333334|0.0013246536254882|0.003230333328247
146|73|0.8240740740740741|0.0013308525085449|0.0032587051391601
146|74|0.8240740740740741|0.0013480186462402|0.0032033920288085
146|75|0.8240740740740741|0.0013461112976074|0.0033683776855468
146|76|0.8240740740740741|0.0013611316680908|0.0035896301269531
146|77|0.8240740740740741|0.0013709068298339|0.0033071041107177
146|78|0.8240740740740741|0.0013892650604248|0.003429889678955
146|79|0.8240740740740741|0.0014069080352783|0.0034253597259521
146|80|0.8148148148148148|0.0013971328735351|0.0033612251281738
146|81|0.8148148148148148|0.0014209747314453|0.0034644603729248
146|82|0.8148148148148148|0.001427412033081|0.0034115314483642
146|83|0.8148148148148148|0.0014526844024658|0.0035352706909179
146|84|0.8333333333333334|0.0014457702636718|0.0034520626068115
146|85|0.8240740740740741|0.0014972686767578|0.0035581588745117
146|86|0.8240740740740741|0.0014805793762207|0.0036287307739257
146|87|0.8148148148148148|0.0015017986297607|0.0036394596099853
146|88|0.8148148148148148|0.0014922618865966|0.003655195236206
146|89|0.8148148148148148|0.0015079975128173|0.0036652088165283
146|90|0.8148148148148148|0.001523733139038|0.0035874843597412
146|91|0.8148148148148148|0.0015466213226318|0.0037951469421386
146|92|0.8148148148148148|0.0015602111816406|0.0037322044372558
146|93|0.8148148148148148|0.0015695095062255|0.0038166046142578
146|94|0.8148148148148148|0.001591682434082|0.0038971900939941
146|95|0.8148148148148148|0.001617431640625|0.0038573741912841
146|96|0.8148148148148148|0.0016205310821533|0.0039248466491699
146|97|0.8148148148148148|0.0016508102416992|0.0039050579071044
146|98|0.8148148148148148|0.0016729831695556|0.003972053527832
146|99|0.8148148148148148|0.0016829967498779|0.0039443969726562
146|100|0.8148148148148148|0.001694917678833|0.0040102005004882
146|101|0.8148148148148148|0.0016982555389404|0.0040788650512695
146|102|0.8148148148148148|0.0017297267913818|0.0040996074676513
146|103|0.8148148148148148|0.0017411708831787|0.0040385723114013
146|104|0.8148148148148148|0.0017611980438232|0.0040960311889648
146|105|0.8148148148148148|0.0017549991607666|0.0041182041168212
146|106|0.8148148148148148|0.0017690658569335|0.0039629936218261
146|107|0.8148148148148148|0.001819372177124|0.0042529106140136
146|108|0.8148148148148148|0.0017910003662109|0.0039963722229003
146|109|0.8148148148148148|0.001840591430664|0.0040907859802246
146|110|0.8148148148148148|0.0017919540405273|0.0041322708129882
146|111|0.8148148148148148|0.0018305778503417|0.0040924549102783
146|112|0.8148148148148148|0.0018067359924316|0.0041718482971191
146|113|0.8148148148148148|0.0018293857574462|0.0041654109954833
146|114|0.8148148148148148|0.0018198490142822|0.0040740966796875
146|115|0.8148148148148148|0.0018513202667236|0.0041902065277099
146|116|0.8148148148148148|0.0018293857574462|0.0040786266326904
146|117|0.8148148148148148|0.0018489360809326|0.0040912628173828
146|118|0.8148148148148148|0.0018506050109863|0.0041506290435791
146|119|0.8240740740740741|0.001904010772705|0.0042917728424072
146|120|0.8240740740740741|0.0019178390502929|0.0041558742523193
146|121|0.8240740740740741|0.0019290447235107|0.0046694278717041
146|122|0.8240740740740741|0.0019373893737792|0.0041747093200683
146|123|0.8240740740740741|0.0019605159759521|0.0043931007385253
146|124|0.8240740740740741|0.0020539760589599|0.0042569637298583
146|125|0.8240740740740741|0.0019621849060058|0.0043601989746093
146|126|0.8240740740740741|0.0020227432250976|0.0043065547943115
146|127|0.8240740740740741|0.0019960403442382|0.0041959285736083
146|128|0.8240740740740741|0.0019962787628173|0.0043964385986328
146|129|0.8240740740740741|0.0019986629486083|0.0044217109680175
146|130|0.8240740740740741|0.0020132064819335|0.0043644905090332
146|131|0.8240740740740741|0.0020205974578857|0.0044202804565429
146|132|0.8240740740740741|0.0020341873168945|0.004425048828125
146|133|0.8240740740740741|0.0020513534545898|0.0043818950653076
146|134|0.8240740740740741|0.0020606517791748|0.0045883655548095
146|135|0.8240740740740741|0.00205659866333|0.0043835639953613
146|136|0.8240740740740741|0.0020656585693359|0.0046088695526123
146|137|0.8240740740740741|0.0020980834960937|0.0044419765472412
147|20|0.7962962962962963|0.0011780261993408|
147|21|0.8148148148148148|0.0011014938354492|0.0013949871063232
147|22|0.8333333333333334|0.0009684562683105|0.0013325214385986
147|23|0.7685185185185185|0.0009443759918212|0.0013694763183593
147|24|0.8055555555555556|0.0009882450103759|0.0017154216766357
147|25|0.8148148148148148|0.0009827613830566|0.0014748573303222
147|26|0.8055555555555556|0.0009424686431884|0.00148606300354
147|27|0.8055555555555556|0.0009782314300537|0.0015397071838378
147|28|0.7962962962962963|0.0009608268737792|0.0015537738800048
147|29|0.8055555555555556|0.0009689331054687|0.0016443729400634
147|30|0.8055555555555556|0.0009701251983642|0.0016465187072753
147|31|0.7962962962962963|0.0009865760803222|0.0017423629760742
147|32|0.7777777777777778|0.000995397567749|0.0017123222351074
147|33|0.7962962962962963|0.001002550125122|0.0017755031585693
147|34|0.7777777777777778|0.0010037422180175|0.0017907619476318
147|35|0.7962962962962963|0.0009927749633789|0.0018754005432128
147|36|0.8148148148148148|0.0010411739349365|0.0019395351409912
147|37|0.7962962962962963|0.0009999275207519|0.0019290447235107
147|38|0.7777777777777778|0.0010437965393066|0.0019848346710205
147|39|0.7870370370370371|0.0010266304016113|0.0020642280578613
147|40|0.7962962962962963|0.001039981842041|0.002028465270996
147|41|0.7962962962962963|0.0010361671447753|0.0020837783813476
147|42|0.8055555555555556|0.0010521411895751|0.0021734237670898
147|43|0.8055555555555556|0.0010850429534912|0.0021994113922119
147|44|0.8240740740740741|0.0010745525360107|0.0022075176239013
147|45|0.8148148148148148|0.0010790824890136|0.0022456645965576
147|46|0.8240740740740741|0.0010955333709716|0.0022785663604736
147|47|0.8148148148148148|0.0010952949523925|0.002317190170288
147|48|0.8148148148148148|0.0011060237884521|0.0023491382598876
147|49|0.8240740740740741|0.0011160373687744|0.0023655891418457
147|50|0.8240740740740741|0.0011274814605712|0.0023941993713378
147|51|0.8333333333333334|0.0011351108551025|0.0024487972259521
147|52|0.8240740740740741|0.0011446475982666|0.0025622844696044
147|53|0.8240740740740741|0.001124620437622|0.0025258064270019
147|54|0.8333333333333334|0.0011332035064697|0.0025687217712402
147|55|0.8333333333333334|0.0011372566223144|0.0026209354400634
147|56|0.8425925925925926|0.0011701583862304|0.0026216506958007
147|57|0.8240740740740741|0.0011563301086425|0.0026500225067138
147|58|0.8333333333333334|0.0011863708496093|0.0026838779449462
147|59|0.8333333333333334|0.0011792182922363|0.0027518272399902
147|60|0.8333333333333334|0.0011980533599853|0.0027387142181396
147|61|0.8333333333333334|0.0011985301971435|0.0027830600738525
147|62|0.8333333333333334|0.0012309551239013|0.0027763843536376
147|63|0.8240740740740741|0.0012683868408203|0.002821922302246
147|64|0.8240740740740741|0.0012564659118652|0.0028772354125976
147|65|0.8240740740740741|0.001265525817871|0.002939224243164
147|66|0.8240740740740741|0.0012493133544921|0.0029845237731933
147|67|0.8240740740740741|0.0012807846069335|0.0030057430267333
147|68|0.8240740740740741|0.0012853145599365|0.0030100345611572
147|69|0.8240740740740741|0.0012903213500976|0.0030524730682373
147|70|0.8333333333333334|0.0012686252593994|0.0030958652496337
147|71|0.8333333333333334|0.0012891292572021|0.0030922889709472
147|72|0.8240740740740741|0.0013074874877929|0.003105878829956
147|73|0.8240740740740741|0.0013120174407958|0.0031545162200927
147|74|0.8148148148148148|0.0013003349304199|0.0031824111938476
147|75|0.8148148148148148|0.0013172626495361|0.0031874179840087
147|76|0.8055555555555556|0.0013613700866699|0.0032591819763183
147|77|0.8148148148148148|0.0013675689697265|0.0032801628112792
147|78|0.8055555555555556|0.0014185905456542|0.0033018589019775
147|79|0.8055555555555556|0.0013966560363769|0.0033648014068603
147|80|0.8055555555555556|0.0013854503631591|0.0033555030822753
147|81|0.8055555555555556|0.0014166831970214|0.0033361911773681
147|82|0.8055555555555556|0.0014159679412841|0.0034022331237792
147|83|0.8148148148148148|0.0014827251434326|0.003396987915039
147|84|0.8240740740740741|0.0014445781707763|0.0035161972045898
147|85|0.8240740740740741|0.0014784336090087|0.0034685134887695
147|86|0.8240740740740741|0.0014593601226806|0.0034983158111572
147|87|0.8148148148148148|0.0014781951904296|0.0035274028778076
147|88|0.8148148148148148|0.0014832019805908|0.0035536289215087
147|89|0.8148148148148148|0.0014984607696533|0.0035502910614013
147|90|0.8148148148148148|0.0015387535095214|0.0036277770996093
147|91|0.8148148148148148|0.0015273094177246|0.0036375522613525
147|92|0.8148148148148148|0.0015499591827392|0.0036542415618896
147|93|0.8148148148148148|0.0015783309936523|0.0036625862121582
147|94|0.8148148148148148|0.001577615737915|0.0037324428558349
147|95|0.8148148148148148|0.0016059875488281|0.0037322044372558
147|96|0.8148148148148148|0.0019228458404541|0.0038609504699707
147|97|0.8148148148148148|0.0016217231750488|0.0037767887115478
147|98|0.8148148148148148|0.0016603469848632|0.003835916519165
147|99|0.8148148148148148|0.0016951560974121|0.0038471221923828
147|100|0.8148148148148148|0.0016834735870361|0.0038549900054931
147|101|0.8148148148148148|0.0016760826110839|0.0038743019104003
147|102|0.8148148148148148|0.0016887187957763|0.0038676261901855
147|103|0.8148148148148148|0.0017497539520263|0.0039131641387939
147|104|0.8148148148148148|0.0017015933990478|0.0039029121398925
147|105|0.8148148148148148|0.0017149448394775|0.003904104232788
147|106|0.8148148148148148|0.001737356185913|0.0039119720458984
147|107|0.8148148148148148|0.0018081665039062|0.0039207935333251
147|108|0.8148148148148148|0.00175142288208|0.0040006637573242
147|109|0.8148148148148148|0.0017657279968261|0.0039508342742919
147|110|0.8148148148148148|0.0017650127410888|0.0039966106414794
147|111|0.8148148148148148|0.0018031597137451|0.0039741992950439
147|112|0.8148148148148148|0.0018067359924316|0.0040278434753417
147|113|0.8148148148148148|0.0017752647399902|0.0040342807769775
147|114|0.8148148148148148|0.0017910003662109|0.0040328502655029
147|115|0.8148148148148148|0.001840591430664|0.0040326118469238
147|116|0.8148148148148148|0.001845359802246|0.0040509700775146
147|117|0.8148148148148148|0.0018246173858642|0.0040647983551025
147|118|0.8148148148148148|0.0018308162689208|0.0041232109069824
147|119|0.8148148148148148|0.0018229484558105|0.0041477680206298
147|120|0.8148148148148148|0.001833438873291|0.0040662288665771
147|121|0.8148148148148148|0.001821756362915|0.0041389465332031
147|122|0.8148148148148148|0.0018393993377685|0.00411057472229
147|123|0.8148148148148148|0.00185227394104|0.0041155815124511
147|124|0.8055555555555556|0.0018837451934814|0.0040884017944335
147|125|0.8055555555555556|0.0018742084503173|0.0041432380676269
147|126|0.8055555555555556|0.0018942356109619|0.0041315555572509
147|127|0.8055555555555556|0.0019018650054931|0.0041844844818115
147|128|0.8055555555555556|0.0019235610961914|0.004183292388916
147|129|0.8055555555555556|0.0019114017486572|0.0042028427124023
147|130|0.8055555555555556|0.0019137859344482|0.0041773319244384
147|131|0.8055555555555556|0.0019280910491943|0.0042145252227783
147|132|0.8055555555555556|0.0019590854644775|0.0042238235473632
147|133|0.8055555555555556|0.0019595623016357|0.0042541027069091
147|134|0.8055555555555556|0.0019681453704833|0.0042357444763183
147|135|0.8055555555555556|0.0020389556884765|0.0042331218719482
147|136|0.8055555555555556|0.0020389556884765|0.0042896270751953
147|137|0.8055555555555556|0.0020747184753417|0.0043137073516845
148|20|0.7962962962962963|0.0013585090637207|
148|21|0.8240740740740741|0.0010373592376708|0.0013618469238281
148|22|0.8240740740740741|0.0010607242584228|0.0013682842254638
148|23|0.8333333333333334|0.0010344982147216|0.0014092922210693
148|24|0.8333333333333334|0.001023530960083|0.001422643661499
148|25|0.8148148148148148|0.0010230541229248|0.0014936923980712
148|26|0.8240740740740741|0.0010430812835693|0.0015416145324707
148|27|0.8240740740740741|0.0010597705841064|0.0015857219696044
148|28|0.8425925925925926|0.0010414123535156|0.0016090869903564
148|29|0.8518518518518519|0.0010390281677246|0.0016696453094482
148|30|0.8518518518518519|0.0010657310485839|0.0016908645629882
148|31|0.8240740740740741|0.0010464191436767|0.0017881393432617
148|32|0.8425925925925926|0.0010683536529541|0.00175142288208
148|33|0.8240740740740741|0.0010411739349365|0.0018024444580078
148|34|0.8333333333333334|0.0010638236999511|0.0018396377563476
148|35|0.8425925925925926|0.0010597705841064|0.0018515586853027
148|36|0.8425925925925926|0.0011062622070312|0.0019173622131347
148|37|0.8518518518518519|0.0011043548583984|0.0019698143005371
148|38|0.8425925925925926|0.0011403560638427|0.002026081085205
148|39|0.8425925925925926|0.001127004623413|0.0020761489868164
148|40|0.8240740740740741|0.0011477470397949|0.0020778179168701
148|41|0.8333333333333334|0.0011098384857177|0.0021460056304931
148|42|0.8333333333333334|0.0011379718780517|0.0021612644195556
148|43|0.8055555555555556|0.001133918762207|0.0022568702697753
148|44|0.8055555555555556|0.0011556148529052|0.0022835731506347
148|45|0.7962962962962963|0.0011391639709472|0.0023143291473388
148|46|0.8148148148148148|0.0012173652648925|0.0022773742675781
148|47|0.8240740740740741|0.0011696815490722|0.0023643970489501
148|48|0.8425925925925926|0.001185655593872|0.0023679733276367
148|49|0.8518518518518519|0.0011661052703857|0.0024135112762451
148|50|0.8240740740740741|0.0012052059173583|0.0024700164794921
148|51|0.8425925925925926|0.0011868476867675|0.0024747848510742
148|52|0.8240740740740741|0.0012364387512207|0.0025522708892822
148|53|0.8148148148148148|0.0011999607086181|0.0025882720947265
148|54|0.8148148148148148|0.00124192237854|0.0025937557220458
148|55|0.8333333333333334|0.0012180805206298|0.0026557445526123
148|56|0.8333333333333334|0.001265525817871|0.0026729106903076
148|57|0.8518518518518519|0.0012376308441162|0.0027580261230468
148|58|0.8425925925925926|0.0012927055358886|0.0027065277099609
148|59|0.8425925925925926|0.0012660026550292|0.0028080940246582
148|60|0.8518518518518519|0.0013198852539062|0.0027928352355957
148|61|0.8425925925925926|0.0013411045074462|0.0028021335601806
148|62|0.8425925925925926|0.0014081001281738|0.0028417110443115
148|63|0.8425925925925926|0.0013730525970458|0.0029029846191406
148|64|0.8425925925925926|0.0013840198516845|0.0029449462890625
148|65|0.8518518518518519|0.0013899803161621|0.0029890537261962
148|66|0.8333333333333334|0.0013179779052734|0.0030047893524169
148|67|0.8148148148148148|0.0013470649719238|0.0030083656311035
148|68|0.8240740740740741|0.0013551712036132|0.0030202865600585
148|69|0.8148148148148148|0.0013544559478759|0.0031249523162841
148|70|0.8425925925925926|0.0013985633850097|0.0030946731567382
148|71|0.8518518518518519|0.0013854503631591|0.0031616687774658
148|72|0.8518518518518519|0.0014169216156005|0.0031638145446777
148|73|0.8611111111111112|0.0014307498931884|0.003227949142456
148|74|0.8518518518518519|0.0014421939849853|0.0032734870910644
148|75|0.8518518518518519|0.001453161239624|0.0032522678375244
148|76|0.8425925925925926|0.0014710426330566|0.0033073425292968
148|77|0.8518518518518519|0.0014739036560058|0.0033380985260009
148|78|0.8518518518518519|0.0014927387237548|0.0033140182495117
148|79|0.8518518518518519|0.0015103816986083|0.0033395290374755
148|80|0.8611111111111112|0.0015623569488525|0.003373384475708
148|81|0.8611111111111112|0.0015525817871093|0.0034348964691162
148|82|0.8611111111111112|0.0015690326690673|0.0034563541412353
148|83|0.8611111111111112|0.001612901687622|0.0035202503204345
148|84|0.8611111111111112|0.0016207695007324|0.0035483837127685
148|85|0.8611111111111112|0.0016310214996337|0.0035276412963867
148|86|0.8611111111111112|0.0016462802886962|0.0035426616668701
148|87|0.8611111111111112|0.0016765594482421|0.0035750865936279
148|88|0.8611111111111112|0.0016958713531494|0.0036869049072265
148|89|0.8611111111111112|0.0017251968383789|0.0036418437957763
148|90|0.8518518518518519|0.0017380714416503|0.0036780834197998
148|91|0.8518518518518519|0.0017390251159667|0.0036892890930175
148|92|0.8518518518518519|0.0017397403717041|0.00370454788208
148|93|0.8518518518518519|0.0017499923706054|0.0037693977355957
148|94|0.8425925925925926|0.0017707347869873|0.003829002380371
148|95|0.8425925925925926|0.0018281936645507|0.0037813186645507
148|96|0.8425925925925926|0.0018365383148193|0.0038232803344726
148|97|0.8425925925925926|0.0018520355224609|0.0038127899169921
148|98|0.8425925925925926|0.0018465518951416|0.0038485527038574
148|99|0.8425925925925926|0.0018529891967773|0.0038423538208007
148|100|0.8425925925925926|0.0018744468688964|0.0039176940917968
148|101|0.8425925925925926|0.0018019676208496|0.0039725303649902
148|102|0.8425925925925926|0.0018770694732666|0.0039777755737304
148|103|0.8425925925925926|0.0018601417541503|0.0040032863616943
148|104|0.8518518518518519|0.001889944076538|0.0039484500885009
148|105|0.8518518518518519|0.0018994808197021|0.0040113925933837
148|106|0.8518518518518519|0.0019407272338867|0.0040762424468994
148|107|0.8518518518518519|0.0019476413726806|0.0041074752807617
148|108|0.8518518518518519|0.0019671916961669|0.0040493011474609
148|109|0.8518518518518519|0.0019757747650146|0.0041131973266601
148|110|0.8518518518518519|0.0019879341125488|0.0041542053222656
148|111|0.8518518518518519|0.0020017623901367|0.0042128562927246
148|112|0.8518518518518519|0.002009630203247|0.0042049884796142
148|113|0.8518518518518519|0.0019962787628173|0.004145860671997
148|114|0.8518518518518519|0.0020265579223632|0.0041568279266357
148|115|0.8518518518518519|0.0020129680633544|0.0042541027069091
148|116|0.8518518518518519|0.002073049545288|0.0041744709014892
148|117|0.8518518518518519|0.0020205974578857|0.0042238235473632
148|118|0.8518518518518519|0.002049446105957|0.0042259693145751
148|119|0.8518518518518519|0.0020551681518554|0.0042510032653808
148|120|0.8518518518518519|0.0020668506622314|0.0041706562042236
148|121|0.8518518518518519|0.0020711421966552|0.0043401718139648
148|122|0.8518518518518519|0.0020821094512939|0.0042245388031005
148|123|0.8518518518518519|0.0020878314971923|0.0043652057647705
148|124|0.8518518518518519|0.0021054744720458|0.0042824745178222
148|125|0.8518518518518519|0.0021257400512695|0.0043354034423828
148|126|0.8518518518518519|0.0021147727966308|0.0042345523834228
148|127|0.8518518518518519|0.0021440982818603|0.0043649673461914
148|128|0.8518518518518519|0.0021257400512695|0.0042541027069091
148|129|0.8518518518518519|0.0021498203277587|0.0044755935668945
148|130|0.8518518518518519|0.0021772384643554|0.0043005943298339
148|131|0.8518518518518519|0.0021672248840332|0.0043246746063232
148|132|0.8518518518518519|0.0021803379058837|0.0042994022369384
148|133|0.8518518518518519|0.002171516418457|0.0042924880981445
148|134|0.8518518518518519|0.0021781921386718|0.0043559074401855
148|135|0.8518518518518519|0.0021882057189941|0.004319429397583
148|136|0.8518518518518519|0.0021908283233642|0.0043878555297851
148|137|0.8518518518518519|0.0022013187408447|0.0043971538543701
144|20|0.8240740740740741|0.0013244152069091|
144|21|0.8518518518518519|0.0010092258453369|0.001340627670288
144|22|0.7962962962962963|0.0010654926300048|0.0013427734375
144|23|0.7962962962962963|0.0010683536529541|0.0014355182647705
144|24|0.7962962962962963|0.0010936260223388|0.0014700889587402
144|25|0.8333333333333334|0.0010507106781005|0.0015711784362792
144|26|0.7962962962962963|0.0010251998901367|0.0015251636505126
144|27|0.8055555555555556|0.0010175704956054|0.0015795230865478
144|28|0.8148148148148148|0.0010325908660888|0.0016143321990966
144|29|0.8425925925925926|0.0010552406311035|0.0017449855804443
144|30|0.8333333333333334|0.0010721683502197|0.0017824172973632
144|31|0.8148148148148148|0.001044750213623|0.0017600059509277
144|32|0.7685185185185185|0.0010488033294677|0.001718521118164
144|33|0.7314814814814815|0.0010302066802978|0.0018343925476074
144|34|0.7314814814814815|0.0010986328125|0.0018019676208496
144|35|0.7314814814814815|0.0010552406311035|0.0018401145935058
144|36|0.7222222222222222|0.0010900497436523|0.0019898414611816
144|37|0.7407407407407407|0.001072883605957|0.0019237995147705
144|38|0.7685185185185185|0.0011663436889648|0.0019857883453369
144|39|0.7314814814814815|0.0010693073272705|0.0019855499267578
144|40|0.7777777777777778|0.0011239051818847|0.0021388530731201
144|41|0.8055555555555556|0.0011096000671386|0.0021350383758544
144|42|0.7962962962962963|0.0011234283447265|0.0022025108337402
144|43|0.7685185185185185|0.0011107921600341|0.0022718906402587
144|44|0.7314814814814815|0.001157522201538|0.0022735595703125
144|45|0.7407407407407407|0.0011355876922607|0.0022461414337158
144|46|0.7407407407407407|0.0011651515960693|0.0022943019866943
144|47|0.7314814814814815|0.001152753829956|0.0022978782653808
144|48|0.7407407407407407|0.0011911392211914|0.0024540424346923
144|49|0.7407407407407407|0.0011639595031738|0.0023777484893798
144|50|0.7407407407407407|0.0012047290802001|0.0023934841156005
144|51|0.75|0.0012023448944091|0.0025315284729003
144|52|0.7685185185185185|0.0012321472167968|0.0026569366455078
144|53|0.7962962962962963|0.0011873245239257|0.0024936199188232
144|54|0.8055555555555556|0.0012238025665283|0.0025837421417236
144|55|0.8333333333333334|0.001223087310791|0.0025570392608642
144|56|0.8425925925925926|0.001253604888916|0.0027523040771484
144|57|0.8333333333333334|0.0012331008911132|0.002744436264038
144|58|0.8240740740740741|0.001274824142456|0.0027163028717041
144|59|0.8518518518518519|0.0012547969818115|0.0027740001678466
144|60|0.8425925925925926|0.0013139247894287|0.002793550491333
144|61|0.8333333333333334|0.0012941360473632|0.0029578208923339
144|62|0.8425925925925926|0.0013380050659179|0.0030021667480468
144|63|0.8518518518518519|0.0013034343719482|0.002908706665039
144|64|0.8518518518518519|0.0013000965118408|0.0029489994049072
144|65|0.8611111111111112|0.0013022422790527|0.0030317306518554
144|66|0.8425925925925926|0.0013260841369628|0.0031671524047851
144|67|0.8240740740740741|0.0013403892517089|0.0030701160430908
144|68|0.8240740740740741|0.0013554096221923|0.0031566619873046
144|69|0.8055555555555556|0.0013563632965087|0.0030577182769775
144|70|0.8333333333333334|0.0013587474822998|0.0030944347381591
144|71|0.8425925925925926|0.0013697147369384|0.0031132698059082
144|72|0.8425925925925926|0.0013747215270996|0.0031461715698242
144|73|0.8611111111111112|0.0013978481292724|0.0032582283020019
144|74|0.8425925925925926|0.0014030933380126|0.0032296180725097
144|75|0.8333333333333334|0.0014214515686035|0.0032680034637451
144|76|0.8518518518518519|0.0014412403106689|0.0034317970275878
144|77|0.8703703703703703|0.0014514923095703|0.0033023357391357
144|78|0.8703703703703703|0.00146484375|0.0034291744232177
144|79|0.8611111111111112|0.0014948844909667|0.0034506320953369
144|80|0.8703703703703703|0.0014979839324951|0.0036535263061523
144|81|0.8796296296296297|0.0014843940734863|0.0035345554351806
144|82|0.8703703703703703|0.001504898071289|0.0034985542297363
144|83|0.8518518518518519|0.0015292167663574|0.0035567283630371
144|84|0.8518518518518519|0.0015132427215576|0.0034816265106201
144|85|0.8425925925925926|0.0016307830810546|0.0036735534667968
144|86|0.8425925925925926|0.0015616416931152|0.0035583972930908
144|87|0.8425925925925926|0.0015625953674316|0.003824234008789
144|88|0.8425925925925926|0.0015914440155029|0.0036826133728027
144|89|0.8703703703703703|0.0016272068023681|0.00362229347229
144|90|0.8796296296296297|0.0016360282897949|0.0036585330963134
144|91|0.8796296296296297|0.0016450881958007|0.003880500793457
144|92|0.8611111111111112|0.0016703605651855|0.0038533210754394
144|93|0.8425925925925926|0.0016589164733886|0.0037093162536621
144|94|0.8611111111111112|0.0016787052154541|0.0038611888885498
144|95|0.8703703703703703|0.0016844272613525|0.0037519931793212
144|96|0.8518518518518519|0.0017416477203369|0.0039429664611816
144|97|0.8425925925925926|0.0017249584197998|0.0038211345672607
144|98|0.8425925925925926|0.0017459392547607|0.0041098594665527
144|99|0.8333333333333334|0.0017781257629394|0.0041172504425048
144|100|0.8425925925925926|0.0017485618591308|0.0039615631103515
144|101|0.8425925925925926|0.0018081665039062|0.0041506290435791
144|102|0.8333333333333334|0.0018064975738525|0.0041096210479736
144|103|0.8333333333333334|0.0018477439880371|0.0039753913879394
144|104|0.8333333333333334|0.0018684864044189|0.0039739608764648
144|105|0.8333333333333334|0.0018765926361083|0.0040168762207031
144|106|0.8611111111111112|0.0019028186798095|0.0040321350097656
144|107|0.8611111111111112|0.0019130706787109|0.0042803287506103
144|108|0.8611111111111112|0.001920461654663|0.0040590763092041
144|109|0.8611111111111112|0.0019969940185546|0.004087209701538
144|110|0.8611111111111112|0.0020480155944824|0.004155158996582
144|111|0.8611111111111112|0.0019636154174804|0.0041611194610595
144|112|0.8611111111111112|0.00201416015625|0.0043971538543701
144|113|0.8240740740740741|0.002007246017456|0.0041661262512207
144|114|0.8240740740740741|0.0020101070404052|0.0042231082916259
144|115|0.8240740740740741|0.0020856857299804|0.0045704841613769
144|116|0.8240740740740741|0.0020756721496582|0.004296064376831
144|117|0.8240740740740741|0.0020890235900878|0.0042686462402343
144|118|0.8240740740740741|0.0020971298217773|0.0043277740478515
144|119|0.8240740740740741|0.0021049976348876|0.0042982101440429
144|120|0.8240740740740741|0.0021283626556396|0.0045881271362304
144|121|0.8148148148148148|0.0021347999572753|0.0042872428894042
144|122|0.8148148148148148|0.0021414756774902|0.0045263767242431
144|123|0.8148148148148148|0.0021398067474365|0.0043396949768066
144|124|0.8148148148148148|0.0021736621856689|0.0043094158172607
144|125|0.8148148148148148|0.0021753311157226|0.0043947696685791
144|126|0.8148148148148148|0.0021846294403076|0.0043296813964843
144|127|0.8148148148148148|0.0021884441375732|0.0045292377471923
144|128|0.8148148148148148|0.0021851062774658|0.0043447017669677
144|129|0.8148148148148148|0.0021872520446777|0.0043535232543945
144|130|0.8240740740740741|0.0022580623626708|0.0045535564422607
144|131|0.8240740740740741|0.0022444725036621|0.0044517517089843
144|132|0.8240740740740741|0.0022559165954589|0.0045154094696044
144|133|0.8240740740740741|0.0022900104522705|0.0044624805450439
144|134|0.8240740740740741|0.00227952003479|0.0045368671417236
144|135|0.8240740740740741|0.0022914409637451|0.0044405460357666
144|136|0.8240740740740741|0.0022990703582763|0.004422903060913
144|137|0.8240740740740741|0.0023059844970703|0.0044407844543457
149|20|0.8055555555555556|0.001260757446289|
149|21|0.8055555555555556|0.0009546279907226|0.0013494491577148
149|22|0.8055555555555556|0.0010437965393066|0.001399278640747
149|23|0.7962962962962963|0.0009691715240478|0.0013597011566162
149|24|0.8055555555555556|0.001009464263916|0.0014858245849609
149|25|0.7870370370370371|0.0009818077087402|0.0015246868133544
149|26|0.8148148148148148|0.0010097026824951|0.0015094280242919
149|27|0.8148148148148148|0.0009896755218505|0.0015575885772705
149|28|0.8055555555555556|0.0009877681732177|0.00156831741333
149|29|0.8240740740740741|0.000988483428955|0.0016500949859619
149|30|0.8148148148148148|0.0010004043579101|0.0016670227050781
149|31|0.8148148148148148|0.0009894371032714|0.0016770362854003
149|32|0.8148148148148148|0.0010056495666503|0.0017099380493164
149|33|0.7962962962962963|0.0009913444519042|0.0017552375793457
149|34|0.8148148148148148|0.0010311603546142|0.0018041133880615
149|35|0.8333333333333334|0.0010225772857666|0.0018410682678222
149|36|0.8148148148148148|0.0010592937469482|0.0018601417541503
149|37|0.8240740740740741|0.0010197162628173|0.0019090175628662
149|38|0.8148148148148148|0.0010852813720703|0.0019364356994628
149|39|0.8148148148148148|0.0010344982147216|0.0020258426666259
149|40|0.7962962962962963|0.0011062622070312|0.0020365715026855
149|41|0.8055555555555556|0.0010247230529785|0.0021073818206787
149|42|0.8148148148148148|0.0011065006256103|0.00211763381958
149|43|0.8148148148148148|0.0010516643524169|0.0021638870239257
149|44|0.8148148148148148|0.0011007785797119|0.002169132232666
149|45|0.8148148148148148|0.00105881690979|0.0022187232971191
149|46|0.8148148148148148|0.0010967254638671|0.0023219585418701
149|47|0.8148148148148148|0.0010757446289062|0.0022978782653808
149|48|0.8148148148148148|0.0011262893676757|0.0023415088653564
149|49|0.8425925925925926|0.0010852813720703|0.0025010108947753
149|50|0.8425925925925926|0.0011336803436279|0.0024704933166503
149|51|0.8240740740740741|0.0011234283447265|0.0023963451385498
149|52|0.8240740740740741|0.001169204711914|0.0024640560150146
149|53|0.8333333333333334|0.0011212825775146|0.0025010108947753
149|54|0.8333333333333334|0.0011427402496337|0.0025587081909179
149|55|0.8148148148148148|0.0011446475982666|0.0025575160980224
149|56|0.8240740740740741|0.0011732578277587|0.0026063919067382
149|57|0.8240740740740741|0.0011613368988037|0.0026862621307373
149|58|0.8333333333333334|0.0011982917785644|0.0026781558990478
149|59|0.8148148148148148|0.0011737346649169|0.0026922225952148
149|60|0.8240740740740741|0.0012261867523193|0.0027329921722412
149|61|0.8240740740740741|0.0012130737304687|0.0027577877044677
149|62|0.8333333333333334|0.0012555122375488|0.0027973651885986
149|63|0.8333333333333334|0.001218557357788|0.0028262138366699
149|64|0.8333333333333334|0.0012285709381103|0.0029938220977783
149|65|0.8240740740740741|0.0012328624725341|0.0029072761535644
149|66|0.8240740740740741|0.0012404918670654|0.0029010772705078
149|67|0.8333333333333334|0.0012798309326171|0.0029964447021484
149|68|0.8333333333333334|0.0012729167938232|0.0029926300048828
149|69|0.8148148148148148|0.0012953281402587|0.0030543804168701
149|70|0.8333333333333334|0.0013058185577392|0.0030403137207031
149|71|0.8333333333333334|0.0013115406036376|0.0031416416168212
149|72|0.8240740740740741|0.0013182163238525|0.0031073093414306
149|73|0.8333333333333334|0.0013208389282226|0.0031661987304687
149|74|0.8333333333333334|0.0013484954833984|0.0031790733337402
149|75|0.8240740740740741|0.001349925994873|0.0032110214233398
149|76|0.8333333333333334|0.0013988018035888|0.003230333328247
149|77|0.8333333333333334|0.0013749599456787|0.0032680034637451
149|78|0.8333333333333334|0.0014023780822753|0.0032625198364257
149|79|0.8240740740740741|0.0014247894287109|0.0033032894134521
149|80|0.8240740740740741|0.001455545425415|0.0035388469696044
149|81|0.8240740740740741|0.0014393329620361|0.0033650398254394
149|82|0.8240740740740741|0.0014476776123046|0.0034229755401611
149|83|0.8240740740740741|0.0014755725860595|0.0034079551696777
149|84|0.8333333333333334|0.0014855861663818|0.0034379959106445
149|85|0.8333333333333334|0.00152587890625|0.0035016536712646
149|86|0.8333333333333334|0.0015120506286621|0.0035152435302734
149|87|0.8240740740740741|0.0015501976013183|0.0035243034362792
149|88|0.8333333333333334|0.001561164855957|0.0039691925048828
149|89|0.8240740740740741|0.0015413761138916|0.0036602020263671
149|90|0.8240740740740741|0.0015571117401123|0.0036630630493164
149|91|0.8240740740740741|0.0015680789947509|0.0039069652557373
149|92|0.8240740740740741|0.0015759468078613|0.0039262771606445
149|93|0.8240740740740741|0.0015842914581298|0.0036687850952148
149|94|0.8240740740740741|0.0016119480133056|0.0037076473236083
149|95|0.8240740740740741|0.0016312599182128|0.0037095546722412
149|96|0.8240740740740741|0.0016939640045166|0.003777265548706
149|97|0.8240740740740741|0.0016820430755615|0.0037813186645507
149|98|0.8333333333333334|0.0016634464263916|0.003957986831665
149|99|0.8333333333333334|0.0017299652099609|0.0039424896240234
149|100|0.8333333333333334|0.0017671585083007|0.0038959980010986
149|101|0.8333333333333334|0.0017130374908447|0.0038871765136718
149|102|0.8333333333333334|0.0017123222351074|0.0038750171661376
149|103|0.8333333333333334|0.0017590522766113|0.0039680004119873
149|104|0.8333333333333334|0.0017502307891845|0.0039963722229003
149|105|0.8333333333333334|0.0017807483673095|0.003981590270996
149|106|0.8333333333333334|0.0017857551574707|0.0043084621429443
149|107|0.8333333333333334|0.0018129348754882|0.0041055679321289
149|108|0.8333333333333334|0.001788854598999|0.0040638446807861
149|109|0.8333333333333334|0.0017955303192138|0.0041432380676269
149|110|0.8333333333333334|0.0018234252929687|0.0041325092315673
149|111|0.8333333333333334|0.0018510818481445|0.0041704177856445
149|112|0.8333333333333334|0.0018486976623535|0.0040638446807861
149|113|0.8333333333333334|0.0018436908721923|0.0040898323059082
149|114|0.8333333333333334|0.0018496513366699|0.0040709972381591
149|115|0.8333333333333334|0.0018742084503173|0.0041887760162353
149|116|0.8333333333333334|0.0019209384918212|0.0041046142578125
149|117|0.8333333333333334|0.0018754005432128|0.0042333602905273
149|118|0.8333333333333334|0.0019140243530273|0.004479169845581
149|119|0.8333333333333334|0.0019164085388183|0.0044114589691162
149|120|0.8333333333333334|0.0019254684448242|0.0041399002075195
149|121|0.8333333333333334|0.0019311904907226|0.0042304992675781
149|122|0.8333333333333334|0.0019443035125732|0.0041978359222412
149|123|0.8333333333333334|0.0019638538360595|0.0043375492095947
149|124|0.8333333333333334|0.0019574165344238|0.0042686462402343
149|125|0.8333333333333334|0.0019772052764892|0.0043284893035888
149|126|0.8333333333333334|0.001976728439331|0.0042448043823242
149|127|0.8240740740740741|0.0020034313201904|0.0043275356292724
149|128|0.8240740740740741|0.0020022392272949|0.0046091079711914
149|129|0.8240740740740741|0.0020136833190917|0.0044164657592773
149|130|0.8240740740740741|0.0020146369934082|0.0043146610260009
149|131|0.8240740740740741|0.0020666122436523|0.0044386386871337
149|132|0.8240740740740741|0.0020258426666259|0.0042536258697509
149|133|0.8240740740740741|0.0020527839660644|0.0043840408325195
149|134|0.8240740740740741|0.0020861625671386|0.0048243999481201
149|135|0.8240740740740741|0.0020585060119628|0.0043821334838867
149|136|0.8240740740740741|0.002061128616333|0.0044882297515869
149|137|0.8240740740740741|0.0022139549255371|0.0044326782226562
145|20|0.6481481481481481|0.0014948844909667|
145|21|0.7407407407407407|0.0009939670562744|0.0013909339904785
145|22|0.8425925925925926|0.0010066032409667|0.0013399124145507
145|23|0.8518518518518519|0.0009765625|0.0014088153839111
145|24|0.8240740740740741|0.0009906291961669|0.0014841556549072
145|25|0.8055555555555556|0.0009553432464599|0.0014872550964355
145|26|0.8148148148148148|0.0009646415710449|0.001481294631958
145|27|0.8611111111111112|0.0009751319885253|0.0016086101531982
145|28|0.8518518518518519|0.0010449886322021|0.0015680789947509
145|29|0.8518518518518519|0.0009710788726806|0.0016095638275146
145|30|0.8425925925925926|0.0010271072387695|0.0017378330230712
145|31|0.8333333333333334|0.0009713172912597|0.0017399787902832
145|32|0.8425925925925926|0.000988483428955|0.0018246173858642
145|33|0.8333333333333334|0.0009832382202148|0.0017535686492919
145|34|0.8703703703703703|0.0010087490081787|0.0018994808197021
145|35|0.8703703703703703|0.0010027885437011|0.0019817352294921
145|36|0.8425925925925926|0.0010569095611572|0.0019311904907226
145|37|0.8611111111111112|0.0010123252868652|0.0020580291748046
145|38|0.8425925925925926|0.0011169910430908|0.0020749568939208
145|39|0.8611111111111112|0.0010616779327392|0.0021450519561767
145|40|0.8425925925925926|0.0010809898376464|0.0021970272064208
145|41|0.8333333333333334|0.0010406970977783|0.0022230148315429
145|42|0.8333333333333334|0.0010788440704345|0.0022258758544921
145|43|0.8148148148148148|0.001054048538208|0.0021421909332275
145|44|0.8425925925925926|0.0010924339294433|0.0022056102752685
145|45|0.8425925925925926|0.0010535717010498|0.0023090839385986
145|46|0.8148148148148148|0.0011372566223144|0.0024001598358154
145|47|0.8240740740740741|0.0010852813720703|0.0024023056030273
145|48|0.8333333333333334|0.0011160373687744|0.0024447441101074
145|49|0.8425925925925926|0.00108003616333|0.002425193786621
145|50|0.8333333333333334|0.0011217594146728|0.0024693012237548
145|51|0.8518518518518519|0.0011053085327148|0.0024538040161132
145|52|0.8611111111111112|0.0011293888092041|0.0025091171264648
145|53|0.8611111111111112|0.0010976791381835|0.0025866031646728
145|54|0.8611111111111112|0.0011367797851562|0.0026135444641113
145|55|0.8703703703703703|0.0011324882507324|0.0026078224182128
145|56|0.8611111111111112|0.0011520385742187|0.0026288032531738
145|57|0.8703703703703703|0.001129150390625|0.00264573097229
145|58|0.8518518518518519|0.0011835098266601|0.0027415752410888
145|59|0.8796296296296297|0.0011453628540039|0.0027995109558105
145|60|0.8981481481481481|0.0012037754058837|0.0027806758880615
145|61|0.8703703703703703|0.0011720657348632|0.0028047561645507
145|62|0.8796296296296297|0.0012228488922119|0.0028464794158935
145|63|0.8796296296296297|0.0011866092681884|0.0028700828552246
145|64|0.8703703703703703|0.0012156963348388|0.0029637813568115
145|65|0.8611111111111112|0.0012183189392089|0.0030233860015869
145|66|0.8796296296296297|0.0012340545654296|0.0029079914093017
145|67|0.8611111111111112|0.0012261867523193|0.0030827522277832
145|68|0.8888888888888888|0.0012407302856445|0.0030262470245361
145|69|0.8981481481481481|0.0012400150299072|0.0030305385589599
145|70|0.8888888888888888|0.0012545585632324|0.003178596496582
145|71|0.8981481481481481|0.0012686252593994|0.003063678741455
145|72|0.8981481481481481|0.0012733936309814|0.0031778812408447
145|73|0.8981481481481481|0.0013058185577392|0.0032126903533935
145|74|0.9074074074074074|0.0013184547424316|0.0033156871795654
145|75|0.8981481481481481|0.0013191699981689|0.0032906532287597
145|76|0.9074074074074074|0.0013232231140136|0.0032362937927246
145|77|0.9074074074074074|0.0013360977172851|0.0032503604888916
145|78|0.8981481481481481|0.0013566017150878|0.0033650398254394
145|79|0.8888888888888888|0.0014436244964599|0.0033149719238281
145|80|0.8888888888888888|0.0013971328735351|0.0035157203674316
145|81|0.8981481481481481|0.0014123916625976|0.0034806728363037
145|82|0.8796296296296297|0.0014369487762451|0.0034999847412109
145|83|0.8796296296296297|0.0014655590057373|0.003441572189331
145|84|0.8796296296296297|0.0014591217041015|0.0034701824188232
145|85|0.8703703703703703|0.0014684200286865|0.0036413669586181
145|86|0.8703703703703703|0.0014886856079101|0.0035176277160644
145|87|0.8796296296296297|0.001511812210083|0.0036797523498535
145|88|0.8703703703703703|0.0015223026275634|0.0036861896514892
145|89|0.8703703703703703|0.0015230178833007|0.003596544265747
145|90|0.8796296296296297|0.0015387535095214|0.0036211013793945
145|91|0.8703703703703703|0.0015687942504882|0.0039179325103759
145|92|0.8796296296296297|0.0015945434570312|0.0037641525268554
145|93|0.8796296296296297|0.0016059875488281|0.0037150382995605
145|94|0.8796296296296297|0.0016314983367919|0.0038409233093261
145|95|0.8796296296296297|0.0016415119171142|0.0038955211639404
145|96|0.8796296296296297|0.0016624927520751|0.0037934780120849
145|97|0.8796296296296297|0.0016696453094482|0.0039167404174804
145|98|0.8796296296296297|0.0016968250274658|0.0041229724884033
145|99|0.8796296296296297|0.0017163753509521|0.0040783882141113
145|100|0.8796296296296297|0.0017204284667968|0.0040173530578613
145|101|0.8796296296296297|0.0017299652099609|0.004007339477539
145|102|0.8703703703703703|0.0017547607421875|0.0040652751922607
145|103|0.8611111111111112|0.001767873764038|0.0039811134338378
145|104|0.8611111111111112|0.0018117427825927|0.0040998458862304
145|105|0.8611111111111112|0.0017828941345214|0.0041842460632324
145|106|0.8611111111111112|0.0018310546875|0.0042729377746582
145|107|0.8611111111111112|0.0018255710601806|0.004204511642456
145|108|0.8611111111111112|0.0018768310546875|0.0041134357452392
145|109|0.8611111111111112|0.0018472671508789|0.0041043758392333
145|110|0.8703703703703703|0.0018661022186279|0.0041313171386718
145|111|0.8703703703703703|0.0018732547760009|0.0042262077331542
145|112|0.8703703703703703|0.0018677711486816|0.0041360855102539
145|113|0.8703703703703703|0.00187349319458|0.0041382312774658
145|114|0.8703703703703703|0.0018966197967529|0.004150390625
145|115|0.8703703703703703|0.0019054412841796|0.0041537284851074
145|116|0.8703703703703703|0.0018951892852783|0.0042386054992675
145|117|0.8703703703703703|0.0019230842590332|0.0042860507965087
145|118|0.8703703703703703|0.0019319057464599|0.0043234825134277
145|119|0.8425925925925926|0.0020065307617187|0.0044014453887939
145|120|0.8425925925925926|0.0019748210906982|0.0042660236358642
145|121|0.8425925925925926|0.0019943714141845|0.0043206214904785
145|122|0.8425925925925926|0.002004861831665|0.0042872428894042
145|123|0.8425925925925926|0.0020270347595214|0.0044543743133544
145|124|0.8425925925925926|0.0020403861999511|0.0044550895690917
145|125|0.8425925925925926|0.0020310878753662|0.0043179988861083
145|126|0.8425925925925926|0.0020380020141601|0.0043220520019531
145|127|0.8425925925925926|0.0020558834075927|0.0043349266052246
145|128|0.8425925925925926|0.002098798751831|0.0043497085571289
145|129|0.8425925925925926|0.0020825862884521|0.0044076442718505
145|130|0.8425925925925926|0.0020971298217773|0.0045564174652099
145|131|0.8425925925925926|0.0021045207977294|0.0043885707855224
145|132|0.8425925925925926|0.0021169185638427|0.0045440196990966
145|133|0.8425925925925926|0.0021281242370605|0.004373550415039
145|134|0.8425925925925926|0.0021448135375976|0.0047824382781982
145|135|0.8425925925925926|0.0021669864654541|0.0043983459472656
145|136|0.8425925925925926|0.0021753311157226|0.0045218467712402
145|137|0.8425925925925926|0.0021905899047851|0.0044214725494384
142|20|0.5092592592592593|0.0013363361358642|
142|21|0.5740740740740741|0.0009472370147705|0.0013792514801025
142|22|0.5370370370370371|0.0010046958923339|0.0013813972473144
142|23|0.5092592592592593|0.0009806156158447|0.0013806819915771
142|24|0.5277777777777778|0.0009651184082031|0.0014235973358154
142|25|0.5462962962962963|0.0009629726409912|0.0014677047729492
142|26|0.5092592592592593|0.0009670257568359|0.0015606880187988
142|27|0.5740740740740741|0.0009591579437255|0.0015065670013427
142|28|0.6296296296296297|0.000962495803833|0.0015714168548583
142|29|0.5833333333333334|0.0009660720825195|0.0016589164733886
142|30|0.5925925925925926|0.0009667873382568|0.0016896724700927
142|31|0.6018518518518519|0.0009622573852539|0.0016586780548095
142|32|0.6759259259259259|0.0009865760803222|0.0017991065979003
142|33|0.7222222222222222|0.0009708404541015|0.0018529891967773
142|34|0.7222222222222222|0.0009992122650146|0.0017793178558349
142|35|0.75|0.0010085105895996|0.0018024444580078
142|36|0.7592592592592593|0.0010247230529785|0.0018744468688964
142|37|0.7685185185185185|0.0009920597076416|0.0019717216491699
142|38|0.7592592592592593|0.0010380744934082|0.0019202232360839
142|39|0.7592592592592593|0.0010039806365966|0.0020148754119873
142|40|0.7685185185185185|0.0010516643524169|0.0020985603332519
142|41|0.75|0.0010404586791992|0.0021402835845947
142|42|0.7592592592592593|0.0010392665863037|0.0021944046020507
142|43|0.7962962962962963|0.0010261535644531|0.0021634101867675
142|44|0.8240740740740741|0.0010552406311035|0.0022296905517578
142|45|0.8148148148148148|0.0010280609130859|0.0023295879364013
142|46|0.8148148148148148|0.0010626316070556|0.0023379325866699
142|47|0.8425925925925926|0.0010509490966796|0.0023910999298095
142|48|0.8333333333333334|0.0011231899261474|0.0023610591888427
142|49|0.8425925925925926|0.0010809898376464|0.0024495124816894
142|50|0.8518518518518519|0.0011205673217773|0.0024130344390869
142|51|0.8425925925925926|0.0010929107666015|0.0025477409362792
142|52|0.8425925925925926|0.0011489391326904|0.0024502277374267
142|53|0.8518518518518519|0.0011351108551025|0.002558946609497
142|54|0.8611111111111112|0.0011730194091796|0.0026261806488037
142|55|0.8148148148148148|0.0011491775512695|0.0025501251220703
142|56|0.8425925925925926|0.0012025833129882|0.0026605129241943
142|57|0.8425925925925926|0.0011653900146484|0.0026991367340087
142|58|0.8425925925925926|0.0012257099151611|0.0026972293853759
142|59|0.8240740740740741|0.0011875629425048|0.0027751922607421
142|60|0.8425925925925926|0.0012300014495849|0.0027451515197753
142|61|0.8518518518518519|0.0011696815490722|0.0028223991394042
142|62|0.8333333333333334|0.0012102127075195|0.0029168128967285
142|63|0.8333333333333334|0.0011796951293945|0.00297212600708
142|64|0.8518518518518519|0.0012049674987792|0.0028870105743408
142|65|0.8240740740740741|0.0011963844299316|0.0029785633087158
142|66|0.8333333333333334|0.0012013912200927|0.0029098987579345
142|67|0.8333333333333334|0.0012176036834716|0.0029690265655517
142|68|0.8333333333333334|0.0012335777282714|0.0030221939086914
142|69|0.8333333333333334|0.0012271404266357|0.0030460357666015
142|70|0.8333333333333334|0.001272439956665|0.0030848979949951
142|71|0.8333333333333334|0.0012574195861816|0.0031380653381347
142|72|0.8425925925925926|0.0012893676757812|0.0032341480255126
142|73|0.8240740740740741|0.0012745857238769|0.0031778812408447
142|74|0.8240740740740741|0.0012819766998291|0.0033478736877441
142|75|0.8148148148148148|0.0013113021850585|0.0032119750976562
142|76|0.8240740740740741|0.0013680458068847|0.0032579898834228
142|77|0.8148148148148148|0.0013566017150878|0.0032489299774169
142|78|0.8148148148148148|0.0022692680358886|0.0060608386993408
142|79|0.8148148148148148|0.0022778511047363|0.0061268806457519
142|80|0.8240740740740741|0.0022757053375244|0.0061991214752197
142|81|0.8240740740740741|0.0023109912872314|0.0062191486358642
142|82|0.8333333333333334|0.0014355182647705|0.0034325122833251
142|83|0.8333333333333334|0.0014424324035644|0.0036652088165283
142|84|0.8240740740740741|0.0014388561248779|0.0035607814788818
142|85|0.8240740740740741|0.0014605522155761|0.0035150051116943
142|86|0.8148148148148148|0.0014595985412597|0.0035874843597412
142|87|0.8240740740740741|0.0014715194702148|0.0035040378570556
142|88|0.8240740740740741|0.0014905929565429|0.0035765171051025
142|89|0.8240740740740741|0.0015099048614501|0.0035986900329589
142|90|0.8148148148148148|0.0014996528625488|0.0036416053771972
142|91|0.8148148148148148|0.00150728225708|0.0036373138427734
142|92|0.8148148148148148|0.001542329788208|0.003608226776123
142|93|0.8148148148148148|0.001540184020996|0.0036935806274414
142|94|0.8148148148148148|0.0015506744384765|0.0037884712219238
142|95|0.8148148148148148|0.0015876293182373|0.0036954879760742
142|96|0.8148148148148148|0.0015881061553955|0.003741979598999
142|97|0.8148148148148148|0.0016164779663085|0.0037922859191894
142|98|0.8148148148148148|0.0016326904296875|0.0038642883300781
142|99|0.8148148148148148|0.0016524791717529|0.0038540363311767
142|100|0.8148148148148148|0.0016639232635498|0.0038917064666748
142|101|0.8148148148148148|0.0016810894012451|0.0039896965026855
142|102|0.8148148148148148|0.0017416477203369|0.0042331218719482
142|103|0.8240740740740741|0.0017306804656982|0.0039491653442382
142|104|0.8240740740740741|0.0017745494842529|0.0039808750152587
142|105|0.8240740740740741|0.0017597675323486|0.0040740966796875
142|106|0.8240740740740741|0.0018222332000732|0.003969669342041
142|107|0.8240740740740741|0.0018074512481689|0.0039987564086914
142|108|0.8333333333333334|0.0018281936645507|0.00407075881958
142|109|0.8333333333333334|0.0018105506896972|0.0041067600250244
142|110|0.8333333333333334|0.00301194190979|0.0075256824493408
142|111|0.8333333333333334|0.0029871463775634|0.0075933933258056
142|112|0.8333333333333334|0.0018849372863769|0.004159927368164
142|113|0.8148148148148148|0.0018949508666992|0.0041682720184326
142|114|0.8148148148148148|0.0018754005432128|0.0041134357452392
142|115|0.8148148148148148|0.001910924911499|0.0041284561157226
142|116|0.8148148148148148|0.0019373893737792|0.0041201114654541
142|117|0.8148148148148148|0.0019102096557617|0.0041611194610595
142|118|0.8148148148148148|0.0019261837005615|0.0043292045593261
142|119|0.8148148148148148|0.0019357204437255|0.004404067993164
142|120|0.8148148148148148|0.001957893371582|0.0042507648468017
142|121|0.8148148148148148|0.0019562244415283|0.0044014453887939
142|122|0.8148148148148148|0.0019612312316894|0.0043795108795166
142|123|0.8148148148148148|0.0019593238830566|0.0043816566467285
142|124|0.8148148148148148|0.0019705295562744|0.0042235851287841
142|125|0.8148148148148148|0.0019891262054443|0.0043830871582031
142|126|0.8148148148148148|0.0020174980163574|0.0043761730194091
142|127|0.8148148148148148|0.0020451545715332|0.0042948722839355
142|128|0.8148148148148148|0.0020282268524169|0.004296064376831
142|129|0.8148148148148148|0.0020151138305664|0.0045053958892822
142|130|0.8148148148148148|0.0020537376403808|0.0043220520019531
142|131|0.8148148148148148|0.0020885467529296|0.0042271614074707
142|132|0.8148148148148148|0.00205659866333|0.0044269561767578
142|133|0.8148148148148148|0.0020585060119628|0.0045442581176757
142|134|0.8148148148148148|0.0020797252655029|0.004270315170288
142|135|0.8148148148148148|0.0020949840545654|0.0044488906860351
142|136|0.8148148148148148|0.0020897388458251|0.004366397857666
142|137|0.8148148148148148|0.0020976066589355|0.0044379234313964
141|20|0.8518518518518519|0.0014941692352294|
141|21|0.8518518518518519|0.0010123252868652|0.0013511180877685
141|22|0.8240740740740741|0.0011041164398193|0.0013573169708251
141|23|0.7685185185185185|0.0010433197021484|0.001394510269165
141|24|0.8055555555555556|0.0010170936584472|0.0014262199401855
141|25|0.7870370370370371|0.0010702610015869|0.001467227935791
141|26|0.7685185185185185|0.0010700225830078|0.0014913082122802
141|27|0.7777777777777778|0.0010590553283691|0.0015335083007812
141|28|0.7962962962962963|0.0010781288146972|0.0015759468078613
141|29|0.8055555555555556|0.0010271072387695|0.0016906261444091
141|30|0.7962962962962963|0.0010867118835449|0.0016710758209228
141|31|0.8148148148148148|0.0010576248168945|0.001704454421997
141|32|0.8148148148148148|0.0010273456573486|0.0017535686492919
141|33|0.8148148148148148|0.0010433197021484|0.0017900466918945
141|34|0.8148148148148148|0.0011050701141357|0.0018315315246582
141|35|0.8148148148148148|0.00111985206604|0.0018587112426757
141|36|0.8148148148148148|0.0011045932769775|0.0018794536590576
141|37|0.7870370370370371|0.0010511875152587|0.0019025802612304
141|38|0.7870370370370371|0.0011525154113769|0.0019574165344238
141|39|0.8055555555555556|0.001068115234375|0.0019855499267578
141|40|0.8148148148148148|0.001157522201538|0.002026081085205
141|41|0.8240740740740741|0.0010967254638671|0.0020625591278076
141|42|0.8055555555555556|0.0011215209960937|0.0020778179168701
141|43|0.8148148148148148|0.0011153221130371|0.0021259784698486
141|44|0.8148148148148148|0.0011663436889648|0.0021586418151855
141|45|0.8148148148148148|0.0011239051818847|0.0022056102752685
141|46|0.7962962962962963|0.0011913776397705|0.0022535324096679
141|47|0.7870370370370371|0.0011277198791503|0.0022776126861572
141|48|0.8055555555555556|0.0012571811676025|0.0023345947265625
141|49|0.8148148148148148|0.0011935234069824|0.0024750232696533
141|50|0.8425925925925926|0.0012629032135009|0.0024902820587158
141|51|0.8425925925925926|0.001183271408081|0.002535343170166
141|52|0.8333333333333334|0.0012257099151611|0.002521276473999
141|53|0.8333333333333334|0.0011920928955078|0.0025641918182373
141|54|0.8425925925925926|0.0012714862823486|0.0026130676269531
141|55|0.8611111111111112|0.0012121200561523|0.0025911331176757
141|56|0.8518518518518519|0.0012564659118652|0.0026538372039794
141|57|0.8425925925925926|0.0012438297271728|0.002697467803955
141|58|0.8333333333333334|0.0012731552124023|0.0027132034301757
141|59|0.8333333333333334|0.0013153553009033|0.0027945041656494
141|60|0.8240740740740741|0.0013549327850341|0.0027656555175781
141|61|0.8333333333333334|0.0012905597686767|0.002793550491333
141|62|0.8240740740740741|0.001340627670288|0.0028793811798095
141|63|0.8425925925925926|0.0012927055358886|0.0028450489044189
141|64|0.8240740740740741|0.0013222694396972|0.0029022693634033
141|65|0.8333333333333334|0.0013229846954345|0.003021240234375
141|66|0.8425925925925926|0.0013191699981689|0.0031013488769531
141|67|0.8518518518518519|0.0013236999511718|0.0031423568725585
141|68|0.8333333333333334|0.0013597011566162|0.0030465126037597
141|69|0.8518518518518519|0.0013656616210937|0.0030903816223144
141|70|0.8518518518518519|0.0013709068298339|0.0030796527862548
141|71|0.8518518518518519|0.0013799667358398|0.0030944347381591
141|72|0.8518518518518519|0.0013880729675292|0.003131628036499
141|73|0.8425925925925926|0.0013859272003173|0.0031793117523193
141|74|0.8611111111111112|0.0014293193817138|0.0032184123992919
141|75|0.8611111111111112|0.0014450550079345|0.0032699108123779
141|76|0.8611111111111112|0.0014522075653076|0.0033819675445556
141|77|0.8703703703703703|0.0014412403106689|0.0032908916473388
141|78|0.8703703703703703|0.0015656948089599|0.0034012794494628
141|79|0.8703703703703703|0.00154709815979|0.0033888816833496
141|80|0.8703703703703703|0.0015501976013183|0.0034353733062744
141|81|0.8611111111111112|0.0015897750854492|0.003577709197998
141|82|0.8703703703703703|0.0015521049499511|0.0034997463226318
141|83|0.8703703703703703|0.0015485286712646|0.0034775733947753
141|84|0.8703703703703703|0.0015439987182617|0.0034937858581542
141|85|0.8611111111111112|0.0016286373138427|0.0035474300384521
141|86|0.8611111111111112|0.0016238689422607|0.0036146640777587
141|87|0.8611111111111112|0.0016312599182128|0.0035724639892578
141|88|0.8611111111111112|0.0016531944274902|0.003652811050415
141|89|0.8611111111111112|0.0016572475433349|0.0036463737487792
141|90|0.8611111111111112|0.0016984939575195|0.0038373470306396
141|91|0.8611111111111112|0.0017433166503906|0.0036745071411132
141|92|0.8611111111111112|0.0017356872558593|0.0038378238677978
141|93|0.8611111111111112|0.0017347335815429|0.003746747970581
141|94|0.8611111111111112|0.0017399787902832|0.003807783126831
141|95|0.8611111111111112|0.001753807067871|0.0038044452667236
141|96|0.8611111111111112|0.0017948150634765|0.0038237571716308
141|97|0.8518518518518519|0.0017728805541992|0.0038893222808837
141|98|0.8611111111111112|0.0018186569213867|0.0038614273071289
141|99|0.8611111111111112|0.0018401145935058|0.0039558410644531
141|100|0.8611111111111112|0.0018403530120849|0.0039165019989013
141|101|0.8611111111111112|0.0018763542175292|0.0039546489715576
141|102|0.8611111111111112|0.001845359802246|0.0039710998535156
141|103|0.8611111111111112|0.0018782615661621|0.0040209293365478
141|104|0.8611111111111112|0.0018961429595947|0.0040249824523925
141|105|0.8611111111111112|0.0019209384918212|0.0040302276611328
141|106|0.8611111111111112|0.0019135475158691|0.004012107849121
141|107|0.8611111111111112|0.0019335746765136|0.0040915012359619
141|108|0.8611111111111112|0.0019388198852539|0.004040241241455
141|109|0.8611111111111112|0.0019233226776123|0.0041985511779785
141|110|0.8611111111111112|0.0019428730010986|0.0040955543518066
141|111|0.8611111111111112|0.0019617080688476|0.0041120052337646
141|112|0.8611111111111112|0.001971960067749|0.0040786266326904
141|113|0.8611111111111112|0.0019726753234863|0.0041019916534423
141|114|0.8611111111111112|0.0019848346710205|0.0040924549102783
141|115|0.8611111111111112|0.001993179321289|0.0041203498840332
141|116|0.8611111111111112|0.0020055770874023|0.0043768882751464
141|117|0.8611111111111112|0.0020139217376708|0.0041792392730712
141|118|0.8611111111111112|0.0020487308502197|0.0043599605560302
141|119|0.8611111111111112|0.0020241737365722|0.0042788982391357
141|120|0.8611111111111112|0.0020523071289062|0.0043377876281738
141|121|0.8611111111111112|0.0020539760589599|0.0042483806610107
141|122|0.8611111111111112|0.002087116241455|0.004249095916748
141|123|0.8611111111111112|0.0020887851715087|0.0042402744293212
141|124|0.8611111111111112|0.0020697116851806|0.0041987895965576
141|125|0.8611111111111112|0.0020830631256103|0.0042102336883544
141|126|0.8611111111111112|0.0021817684173583|0.0042223930358886
141|127|0.8611111111111112|0.0021891593933105|0.0042445659637451
141|128|0.8611111111111112|0.0022060871124267|0.0042357444763183
141|129|0.8611111111111112|0.0022060871124267|0.004239797592163
141|130|0.8611111111111112|0.0022192001342773|0.0042285919189453
141|131|0.8611111111111112|0.002192735671997|0.0042614936828613
141|132|0.8611111111111112|0.0021824836730957|0.004469871520996
141|133|0.8611111111111112|0.0021820068359375|0.0043928623199462
141|134|0.8611111111111112|0.0022025108337402|0.0043802261352539
141|135|0.8611111111111112|0.0021719932556152|0.004300832748413
141|136|0.8611111111111112|0.002164602279663|0.00435471534729
141|137|0.8611111111111112|0.0021820068359375|0.0047056674957275
143|140|0.75|0.0022246837615966|0.0042955875396728
143|141|0.75|0.0022473335266113|0.0043311119079589
143|142|0.75|0.0022652149200439|0.0043065547943115
143|143|0.75|0.0022261142730712|0.0044665336608886
143|144|0.75|0.0022077560424804|0.0043344497680664
143|145|0.75|0.0022287368774414|0.0043139457702636
143|146|0.75|0.0022146701812744|0.0043156147003173
143|147|0.75|0.002249002456665|0.0043780803680419
143|148|0.75|0.0022528171539306|0.0043165683746337
143|149|0.75|0.0022463798522949|0.0043351650238037
143|150|0.75|0.0022766590118408|0.0043163299560546
143|151|0.75|0.0022766590118408|0.004326581954956
143|152|0.75|0.0022637844085693|0.0043401718139648
143|153|0.75|0.0022885799407958|0.0043485164642333
143|154|0.75|0.0022814273834228|0.0044960975646972
143|155|0.75|0.0022945404052734|0.0044007301330566
143|156|0.75|0.0023348331451416|0.0043268203735351
143|157|0.75|0.0023229122161865|0.0043942928314208
143|158|0.75|0.0023598670959472|0.0044224262237548
143|159|0.75|0.0023646354675292|0.0043411254882812
143|160|0.75|0.0023550987243652|0.0043249130249023
143|161|0.75|0.0034656524658203|0.0059683322906494
143|162|0.75|0.0024025440216064|0.0043973922729492
140|138|0.8611111111111112|0.0023388862609863|0.0044338703155517
140|139|0.8611111111111112|0.0023853778839111|0.0044264793395996
140|140|0.8611111111111112|0.0023679733276367|0.0044388771057128
140|141|0.8611111111111112|0.0023369789123535|0.0044593811035156
140|142|0.8611111111111112|0.0023462772369384|0.0044581890106201
140|143|0.8611111111111112|0.0023853778839111|0.0044436454772949
140|144|0.8611111111111112|0.0023555755615234|0.0044729709625244
140|145|0.8611111111111112|0.0023665428161621|0.0044641494750976
140|146|0.8611111111111112|0.002394676208496|0.0044469833374023
140|147|0.8611111111111112|0.0023753643035888|0.0044629573822021
140|148|0.8611111111111112|0.0024101734161376|0.0044639110565185
140|149|0.8611111111111112|0.0024065971374511|0.0044693946838378
140|150|0.8611111111111112|0.002455711364746|0.0044662952423095
140|151|0.8611111111111112|0.0024230480194091|0.0046727657318115
140|152|0.8611111111111112|0.0023951530456542|0.0044543743133544
140|153|0.8611111111111112|0.0024092197418212|0.0044820308685302
140|154|0.8611111111111112|0.0024547576904296|0.0044708251953125
140|155|0.8611111111111112|0.0026755332946777|0.0045900344848632
140|156|0.8611111111111112|0.0022523403167724|0.0044507980346679
140|157|0.8611111111111112|0.002242088317871|0.0044329166412353
140|158|0.8611111111111112|0.0022456645965576|0.0044405460357666
140|159|0.8611111111111112|0.002270221710205|0.0044407844543457
140|160|0.8611111111111112|0.00227952003479|0.0044472217559814
140|161|0.8611111111111112|0.0022773742675781|0.0044481754302978
140|162|0.8611111111111112|0.00230073928833|0.0044562816619873
147|138|0.8055555555555556|0.0020453929901123|0.0043199062347412
147|139|0.8055555555555556|0.0020697116851806|0.0043420791625976
147|140|0.8055555555555556|0.0020804405212402|0.0043075084686279
147|141|0.8055555555555556|0.0020768642425537|0.0042831897735595
147|142|0.8055555555555556|0.0020833015441894|0.0043363571166992
147|143|0.8055555555555556|0.0021114349365234|0.0042982101440429
147|144|0.8055555555555556|0.0021235942840576|0.0043041706085205
147|145|0.8055555555555556|0.0021159648895263|0.0043098926544189
147|146|0.8055555555555556|0.0021162033081054|0.0043156147003173
147|147|0.8055555555555556|0.0021376609802246|0.0043184757232666
147|148|0.8055555555555556|0.0021357536315917|0.0043110847473144
147|149|0.8055555555555556|0.0021271705627441|0.004321813583374
147|150|0.8055555555555556|0.0021512508392333|0.0043532848358154
147|151|0.8055555555555556|0.0021665096282958|0.0043373107910156
147|152|0.8055555555555556|0.0021545886993408|0.0043542385101318
147|153|0.8055555555555556|0.0021772384643554|0.004338264465332
147|154|0.8055555555555556|0.0021688938140869|0.0043370723724365
147|155|0.8055555555555556|0.0022315979003906|0.0043764114379882
147|156|0.8055555555555556|0.0022082328796386|0.0043437480926513
147|157|0.8055555555555556|0.0022158622741699|0.0043475627899169
147|158|0.8055555555555556|0.0022141933441162|0.0043427944183349
147|159|0.8055555555555556|0.0023038387298583|0.0043699741363525
147|160|0.8055555555555556|0.0023601055145263|0.0044195652008056
147|161|0.8055555555555556|0.0024178028106689|0.0044186115264892
147|162|0.8055555555555556|0.0024244785308837|0.0044066905975341
146|138|0.8240740740740741|0.0020868778228759|0.0044505596160888
146|139|0.8240740740740741|0.0020971298217773|0.0044672489166259
146|140|0.8240740740740741|0.0021069049835205|0.0044648647308349
146|141|0.8240740740740741|0.0021219253540039|0.0044019222259521
146|142|0.8148148148148148|0.002183198928833|0.004631757736206
146|143|0.8148148148148148|0.0021891593933105|0.0043129920959472
146|144|0.8148148148148148|0.0021841526031494|0.004366397857666
146|145|0.8148148148148148|0.0022158622741699|0.0044817924499511
146|146|0.8148148148148148|0.0022096633911132|0.0044500827789306
146|147|0.8148148148148148|0.0022222995758056|0.0043566226959228
146|148|0.8148148148148148|0.0022339820861816|0.0045156478881835
146|149|0.8148148148148148|0.0022265911102294|0.0044667720794677
146|150|0.8148148148148148|0.0022425651550292|0.0044863224029541
146|151|0.8148148148148148|0.0025060176849365|0.0044808387756347
146|152|0.8148148148148148|0.0025310516357421|0.004540205001831
146|153|0.8148148148148148|0.0025289058685302|0.0045793056488037
146|154|0.8148148148148148|0.0025281906127929|0.0044314861297607
146|155|0.8148148148148148|0.0025498867034912|0.0046031475067138
146|156|0.8148148148148148|0.0025835037231445|0.0046000480651855
146|157|0.8148148148148148|0.00254487991333|0.0045228004455566
146|158|0.8148148148148148|0.002617597579956|0.0045363903045654
146|159|0.8148148148148148|0.0081410408020019|0.0066640377044677
146|160|0.8148148148148148|0.002734899520874|0.0047297477722167
146|161|0.8148148148148148|0.0026967525482177|0.004420518875122
146|162|0.8148148148148148|0.0025708675384521|0.0044929981231689
148|138|0.8518518518518519|0.0022509098052978|0.0043184757232666
148|139|0.8518518518518519|0.0022306442260742|0.0043275356292724
148|140|0.8518518518518519|0.0022273063659667|0.0043408870697021
148|141|0.8518518518518519|0.0022697448730468|0.0043258666992187
148|142|0.8518518518518519|0.0022449493408203|0.00437593460083
148|143|0.8518518518518519|0.0022580623626708|0.0044283866882324
148|144|0.8518518518518519|0.0022971630096435|0.004385232925415
148|145|0.8518518518518519|0.0022821426391601|0.0044417381286621
148|146|0.8518518518518519|0.002291202545166|0.0044367313385009
148|147|0.8518518518518519|0.0023150444030761|0.004422903060913
148|148|0.8518518518518519|0.0023198127746582|0.0043549537658691
148|149|0.8518518518518519|0.002312421798706|0.0044434070587158
148|150|0.8518518518518519|0.0023870468139648|0.0044314861297607
148|151|0.8518518518518519|0.0023553371429443|0.0044286251068115
148|152|0.8518518518518519|0.0024003982543945|0.0044739246368408
148|153|0.8518518518518519|0.0024061203002929|0.0044326782226562
148|154|0.8518518518518519|0.0023837089538574|0.0044445991516113
148|155|0.8518518518518519|0.0023915767669677|0.0044879913330078
148|156|0.8518518518518519|0.0024275779724121|0.0044784545898437
148|157|0.8518518518518519|0.00520920753479|0.0044898986816406
148|158|0.8518518518518519|0.0026242733001708|0.0045886039733886
148|159|0.8518518518518519|0.0026521682739257|0.004512071609497
148|160|0.8518518518518519|0.0024540424346923|0.004441499710083
148|161|0.8518518518518519|0.0024595260620117|0.0044710636138916
148|162|0.8518518518518519|0.0031712055206298|0.0050673484802246
145|138|0.8425925925925926|0.0022120475769042|0.0045363903045654
145|139|0.8425925925925926|0.0022110939025878|0.0045506954193115
145|140|0.8425925925925926|0.0022201538085937|0.004420518875122
145|141|0.8425925925925926|0.0022265911102294|0.0044102668762207
145|142|0.8425925925925926|0.0022335052490234|0.0044217109680175
145|143|0.8425925925925926|0.0022404193878173|0.0044314861297607
145|144|0.8425925925925926|0.0022506713867187|0.0044314861297607
145|145|0.8425925925925926|0.0022578239440917|0.0044343471527099
145|146|0.8425925925925926|0.0022640228271484|0.0044426918029785
145|147|0.8425925925925926|0.0022878646850585|0.0044794082641601
145|148|0.8425925925925926|0.0023014545440673|0.0044403076171875
145|149|0.8425925925925926|0.0022923946380615|0.0044403076171875
145|150|0.8425925925925926|0.0022966861724853|0.0045790672302246
145|151|0.8333333333333334|0.0023589134216308|0.0044410228729248
145|152|0.8333333333333334|0.00236177444458|0.004610538482666
145|153|0.8333333333333334|0.0023849010467529|0.0044934749603271
145|154|0.8333333333333334|0.0034136772155761|0.0057578086853027
145|155|0.8333333333333334|0.0023908615112304|0.0045335292816162
145|156|0.8333333333333334|0.0025036334991455|0.0044987201690673
145|157|0.8333333333333334|0.002547264099121|0.0045125484466552
145|158|0.8333333333333334|0.0026028156280517|0.0046167373657226
145|159|0.8333333333333334|0.0025851726531982|0.0045514106750488
145|160|0.8333333333333334|0.0024046897888183|0.0043072700500488
145|161|0.8333333333333334|0.0024819374084472|0.0043330192565917
145|162|0.8333333333333334|0.0025639533996582|0.0044264793395996
141|138|0.8611111111111112|0.0021812915802001|0.0044152736663818
141|139|0.8611111111111112|0.0022127628326416|0.0043306350708007
141|140|0.8611111111111112|0.0022721290588378|0.0043299198150634
141|141|0.8611111111111112|0.0023279190063476|0.0045030117034912
141|142|0.8611111111111112|0.0023248195648193|0.0043361186981201
141|143|0.8611111111111112|0.0023047924041748|0.0047132968902587
141|144|0.8611111111111112|0.0023438930511474|0.0043554306030273
141|145|0.8611111111111112|0.0023536682128906|0.0043890476226806
141|146|0.8611111111111112|0.0023283958435058|0.004345417022705
141|147|0.8611111111111112|0.0023102760314941|0.0043699741363525
141|148|0.8611111111111112|0.0023093223571777|0.004382848739624
141|149|0.8611111111111112|0.0023074150085449|0.0045599937438964
141|150|0.8611111111111112|0.0034346580505371|0.0059576034545898
141|151|0.8611111111111112|0.0023629665374755|0.0044672489166259
141|152|0.8611111111111112|0.0024394989013671|0.0045793056488037
141|153|0.8611111111111112|0.0025050640106201|0.0044116973876953
141|154|0.8611111111111112|0.0024809837341308|0.0044252872467041
141|155|0.8611111111111112|0.0024890899658203|0.0044028759002685
141|156|0.8611111111111112|0.0023953914642333|0.0044915676116943
141|157|0.8611111111111112|0.0024018287658691|0.004380464553833
141|158|0.8611111111111112|0.002396821975708|0.0044105052947998
141|159|0.8611111111111112|0.0023095607757568|0.0042090415954589
141|160|0.8611111111111112|0.0023376941680908|0.0042512416839599
141|161|0.8611111111111112|0.0026187896728515|0.0042178630828857
141|162|0.8611111111111112|0.0026788711547851|0.0044896602630615
142|138|0.8148148148148148|0.0021162033081054|0.0042836666107177
142|139|0.8148148148148148|0.002115249633789|0.004371166229248
142|140|0.8148148148148148|0.0021071434020996|0.004373550415039
142|141|0.8148148148148148|0.0021305084228515|0.0043542385101318
142|142|0.8148148148148148|0.0021300315856933|0.0043928623199462
142|143|0.8148148148148148|0.0021350383758544|0.0044748783111572
142|144|0.8148148148148148|0.0021374225616455|0.0043845176696777
142|145|0.8148148148148148|0.0021641254425048|0.0044095516204833
142|146|0.8148148148148148|0.0021538734436035|0.004324197769165
142|147|0.8148148148148148|0.002164602279663|0.0043935775756835
142|148|0.8148148148148148|0.002202033996582|0.0044276714324951
142|149|0.8148148148148148|0.0021686553955078|0.0044219493865966
142|150|0.8148148148148148|0.002195119857788|0.0044317245483398
142|151|0.8148148148148148|0.0022802352905273|0.0044007301330566
142|152|0.8148148148148148|0.0024871826171875|0.0045878887176513
142|153|0.8148148148148148|0.002291202545166|0.0043373107910156
142|154|0.8148148148148148|0.0022330284118652|0.0044043064117431
142|155|0.8148148148148148|0.0023500919342041|0.004385232925415
142|156|0.8148148148148148|0.0024201869964599|0.0044617652893066
142|157|0.8148148148148148|0.0024738311767578|0.0044882297515869
142|158|0.8148148148148148|0.0023741722106933|0.0044929981231689
142|159|0.8148148148148148|0.0022816658020019|0.0045971870422363
142|160|0.8148148148148148|0.0037291049957275|0.0077602863311767
142|161|0.8148148148148148|0.0038471221923828|0.0072574615478515
142|162|0.8148148148148148|0.003136396408081|0.0068302154541015
144|138|0.8240740740740741|0.0023391246795654|0.004432201385498
144|139|0.8240740740740741|0.0035312175750732|0.0086350440979003
144|140|0.8240740740740741|0.0032823085784912|0.0085713863372802
144|141|0.8240740740740741|0.0033156871795654|0.008458137512207
144|142|0.8240740740740741|0.0034196376800537|0.0083956718444824
144|143|0.8240740740740741|0.0032618045806884|0.0083262920379638
144|144|0.8240740740740741|0.0022306442260742|0.0067338943481445
144|145|0.8240740740740741|0.0022430419921875|0.0044543743133544
144|146|0.8240740740740741|0.0022339820861816|0.0045020580291748
144|147|0.8240740740740741|0.0022315979003906|0.0044431686401367
144|148|0.8240740740740741|0.0022437572479248|0.0044310092926025
144|149|0.8240740740740741|0.0022485256195068|0.0044341087341308
144|150|0.8240740740740741|0.0023210048675537|0.0046286582946777
144|151|0.8240740740740741|0.0037450790405273|0.0068025588989257
144|152|0.8240740740740741|0.002518892288208|0.0046207904815673
144|153|0.8240740740740741|0.0025274753570556|0.0045244693756103
144|154|0.8240740740740741|0.002537727355957|0.0045373439788818
144|155|0.8240740740740741|0.0025341510772705|0.0046205520629882
144|156|0.8240740740740741|0.0024707317352294|0.0045568943023681
144|157|0.8240740740740741|0.0025615692138671|0.0045058727264404
144|158|0.8240740740740741|0.0024292469024658|0.0043256282806396
144|159|0.8240740740740741|0.0025625228881835|0.0044281482696533
144|160|0.8240740740740741|0.002577781677246|0.0045833587646484
144|161|0.8240740740740741|0.0026049613952636|0.0045497417449951
144|162|0.8240740740740741|0.0027556419372558|0.0046281814575195
149|138|0.8240740740740741|0.0020768642425537|0.0043344497680664
149|139|0.8240740740740741|0.0031745433807373|0.0084161758422851
149|140|0.8240740740740741|0.003204345703125|0.0082805156707763
149|141|0.8148148148148148|0.0032172203063964|0.0082318782806396
149|142|0.8148148148148148|0.0032200813293457|0.0081527233123779
149|143|0.8148148148148148|0.0032210350036621|0.0081334114074707
149|144|0.8148148148148148|0.002960205078125|0.0080244541168212
149|145|0.8148148148148148|0.0021774768829345|0.004451036453247
149|146|0.8148148148148148|0.0021753311157226|0.0044143199920654
149|147|0.8148148148148148|0.0021994113922119|0.0044043064117431
149|148|0.8148148148148148|0.0021986961364746|0.0044255256652832
149|149|0.8148148148148148|0.0021858215332031|0.004368782043457
149|150|0.8148148148148148|0.0034949779510498|0.0080020427703857
149|151|0.8148148148148148|0.0034630298614501|0.0080289840698242
149|152|0.8148148148148148|0.0039088726043701|0.0081534385681152
149|153|0.8148148148148148|0.0027134418487548|0.0044665336608886
149|154|0.8148148148148148|0.0024547576904296|0.0046570301055908
149|155|0.8148148148148148|0.0022053718566894|0.0042147636413574
149|156|0.8148148148148148|0.0022621154785156|0.0044233798980712
149|157|0.8148148148148148|0.0023815631866455|0.0042731761932373
149|158|0.8148148148148148|0.0024266242980957|0.0044713020324707
149|159|0.8148148148148148|0.0024993419647216|0.0044002532958984
149|160|0.8148148148148148|0.0025055408477783|0.004359483718872
149|161|0.8148148148148148|0.0025150775909423|0.0046644210815429
149|162|0.8148148148148148|0.0025944709777832|0.0042741298675537
